AIRPORT,Year,Month,Dom_Acm_In,Dom_Acm_Out,Dom_Acm_Total,Int_Acm_In,Int_Acm_Out,Int_Acm_Total,Acm_In,Acm_Out,Acm_Total
ADELAIDE,1985,1,1908,1902,3810,35,34,69,1943,1936,3879
ADELAIDE,1985,2,1672,1668,3340,31,31,62,1703,1699,3402
ADELAIDE,1985,3,1878,1878,3756,39,40,79,1917,1918,3835
ADELAIDE,1985,4,1803,1804,3607,28,29,57,1831,1833,3664
ADELAIDE,1985,5,2014,2033,4047,31,30,61,2045,2063,4108
ADELAIDE,1985,6,1783,1787,3570,32,32,64,1815,1819,3634
ADELAIDE,1985,7,1935,1911,3846,29,29,58,1964,1940,3904
ADELAIDE,1985,8,2156,2119,4275,34,34,68,2190,2153,4343
ADELAIDE,1985,9,1992,2000,3992,29,29,58,2021,2029,4050
ADELAIDE,1985,10,2090,2089,4179,35,35,70,2125,2124,4249
ADELAIDE,1985,11,2207,2228,4435,55,55,110,2262,2283,4545
ADELAIDE,1985,12,2088,2079,4167,65,65,130,2153,2144,4297
ADELAIDE,1986,1,2000,1997,3997,70,71,141,2070,2068,4138
ADELAIDE,1986,2,1927,1887,3814,62,62,124,1989,1949,3938
ADELAIDE,1986,3,2158,2161,4319,70,71,141,2228,2232,4460
ADELAIDE,1986,4,2187,2182,4369,68,68,136,2255,2250,4505
ADELAIDE,1986,5,2406,2432,4838,70,70,140,2476,2502,4978
ADELAIDE,1986,6,2428,2391,4819,67,67,134,2495,2458,4953
ADELAIDE,1986,7,2470,2528,4998,69,70,139,2539,2598,5137
ADELAIDE,1986,8,2501,2550,5051,70,69,139,2571,2619,5190
ADELAIDE,1986,9,2551,2557,5108,68,69,137,2619,2626,5245
ADELAIDE,1986,10,1891,1900,3791,72,73,145,1963,1973,3936
ADELAIDE,1986,11,1775,1770,3545,71,70,141,1846,1840,3686
ADELAIDE,1986,12,1972,1975,3947,77,77,154,2049,2052,4101
ADELAIDE,1987,1,1811,1771,3582,71,71,142,1882,1842,3724
ADELAIDE,1987,2,1742,1748,3490,67,66,133,1809,1814,3623
ADELAIDE,1987,3,2088,2052,4140,74,75,149,2162,2127,4289
ADELAIDE,1987,4,1921,1925,3846,63,64,127,1984,1989,3973
ADELAIDE,1987,5,1888,1891,3779,64,64,128,1952,1955,3907
ADELAIDE,1987,6,1821,1822,3643,66,67,133,1887,1889,3776
ADELAIDE,1987,7,1959,1952,3911,68,68,136,2027,2020,4047
ADELAIDE,1987,8,1981,1957,3938,65,63,128,2046,2020,4066
ADELAIDE,1987,9,1815,1808,3623,70,69,139,1885,1877,3762
ADELAIDE,1987,10,2007,1995,4002,71,73,144,2078,2068,4146
ADELAIDE,1987,11,2030,2027,4057,68,67,135,2098,2094,4192
ADELAIDE,1987,12,1979,1981,3960,70,72,142,2049,2053,4102
ADELAIDE,1988,1,1827,1828,3655,75,74,149,1902,1902,3804
ADELAIDE,1988,2,1822,1825,3647,69,68,137,1891,1893,3784
ADELAIDE,1988,3,1999,2013,4012,70,70,140,2069,2083,4152
ADELAIDE,1988,4,1866,1868,3734,63,64,127,1929,1932,3861
ADELAIDE,1988,5,1904,1907,3811,67,67,134,1971,1974,3945
ADELAIDE,1988,6,1842,1849,3691,68,68,136,1910,1917,3827
ADELAIDE,1988,7,2138,2123,4261,66,65,131,2204,2188,4392
ADELAIDE,1988,8,2073,2064,4137,66,65,131,2139,2129,4268
ADELAIDE,1988,9,2116,2118,4234,65,66,131,2181,2184,4365
ADELAIDE,1988,10,2020,2025,4045,66,66,132,2086,2091,4177
ADELAIDE,1988,11,2117,2108,4225,69,69,138,2186,2177,4363
ADELAIDE,1988,12,1907,1891,3798,70,71,141,1977,1962,3939
ADELAIDE,1989,1,1881,1880,3761,74,72,146,1955,1952,3907
ADELAIDE,1989,2,1806,1813,3619,64,62,126,1870,1875,3745
ADELAIDE,1989,3,2047,2046,4093,70,69,139,2117,2115,4232
ADELAIDE,1989,4,1953,1952,3905,82,83,165,2035,2035,4070
ADELAIDE,1989,5,1973,1981,3954,84,83,167,2057,2064,4121
ADELAIDE,1989,6,1958,1961,3919,80,78,158,2038,2039,4077
ADELAIDE,1989,7,2135,2176,4311,86,88,174,2221,2264,4485
ADELAIDE,1989,8,1812,1827,3639,88,90,178,1900,1917,3817
ADELAIDE,1989,9,1286,1309,2595,86,85,171,1372,1394,2766
ADELAIDE,1989,10,1533,1534,3067,93,93,186,1626,1627,3253
ADELAIDE,1989,11,1695,1714,3409,88,88,176,1783,1802,3585
ADELAIDE,1989,12,1532,1533,3065,90,89,179,1622,1622,3244
ADELAIDE,1990,1,1438,1500,2938,93,93,186,1531,1593,3124
ADELAIDE,1990,2,1548,1551,3099,84,84,168,1632,1635,3267
ADELAIDE,1990,3,1688,1672,3360,94,93,187,1782,1765,3547
ADELAIDE,1990,4,1665,1662,3327,90,90,180,1755,1752,3507
ADELAIDE,1990,5,1757,1756,3513,94,94,188,1851,1850,3701
ADELAIDE,1990,6,1671,1680,3351,90,90,180,1761,1770,3531
ADELAIDE,1990,7,1831,1826,3657,91,92,183,1922,1918,3840
ADELAIDE,1990,8,1851,1866,3717,92,91,183,1943,1957,3900
ADELAIDE,1990,9,1895,1908,3803,92,92,184,1987,2000,3987
ADELAIDE,1990,10,2162,2178,4340,100,99,199,2262,2277,4539
ADELAIDE,1990,11,2077,2063,4140,88,88,176,2165,2151,4316
ADELAIDE,1990,12,2005,1988,3993,95,95,190,2100,2083,4183
ADELAIDE,1991,1,2008,2014,4022,99,100,199,2107,2114,4221
ADELAIDE,1991,2,1922,1888,3810,87,86,173,2009,1974,3983
ADELAIDE,1991,3,2111,2117,4228,91,92,183,2202,2209,4411
ADELAIDE,1991,4,2111,2104,4215,86,87,173,2197,2191,4388
ADELAIDE,1991,5,2066,2044,4110,86,88,174,2152,2132,4284
ADELAIDE,1991,6,2037,2023,4060,101,102,203,2138,2125,4263
ADELAIDE,1991,7,2199,2229,4428,103,104,207,2302,2333,4635
ADELAIDE,1991,8,2226,2194,4420,108,108,216,2334,2302,4636
ADELAIDE,1991,9,2136,2140,4276,95,97,192,2231,2237,4468
ADELAIDE,1991,10,2348,2329,4677,95,96,191,2443,2425,4868
ADELAIDE,1991,11,2348,2352,4700,101,99,200,2449,2451,4900
ADELAIDE,1991,12,2279,2300,4579,100,100,200,2379,2400,4779
ADELAIDE,1992,1,2112,2082,4194,100,99,199,2212,2181,4393
ADELAIDE,1992,2,2033,2039,4072,98,97,195,2131,2136,4267
ADELAIDE,1992,3,2334,2307,4641,100,102,202,2434,2409,4843
ADELAIDE,1992,4,2210,2224,4434,101,100,201,2311,2324,4635
ADELAIDE,1992,5,2268,2278,4546,99,97,196,2367,2375,4742
ADELAIDE,1992,6,2225,2211,4436,97,98,195,2322,2309,4631
ADELAIDE,1992,7,2343,2356,4699,102,102,204,2445,2458,4903
ADELAIDE,1992,8,2390,2378,4768,101,102,203,2491,2480,4971
ADELAIDE,1992,9,2400,2417,4817,100,99,199,2500,2516,5016
ADELAIDE,1992,10,2443,2450,4893,105,106,211,2548,2556,5104
ADELAIDE,1992,11,2467,2457,4924,90,91,181,2557,2548,5105
ADELAIDE,1992,12,2396,2393,4789,94,92,186,2490,2485,4975
ADELAIDE,1993,1,2189,2182,4371,91,93,184,2280,2275,4555
ADELAIDE,1993,2,2181,2158,4339,84,84,168,2265,2242,4507
ADELAIDE,1993,3,2441,2439,4880,90,90,180,2531,2529,5060
ADELAIDE,1993,4,2270,2275,4545,99,98,197,2369,2373,4742
ADELAIDE,1993,5,2297,2301,4598,93,94,187,2390,2395,4785
ADELAIDE,1993,6,2315,2309,4624,93,93,186,2408,2402,4810
ADELAIDE,1993,7,2393,2390,4783,101,101,202,2494,2491,4985
ADELAIDE,1993,8,2451,2412,4863,95,96,191,2546,2508,5054
ADELAIDE,1993,9,2423,2424,4847,94,95,189,2517,2519,5036
ADELAIDE,1993,10,2457,2453,4910,99,99,198,2556,2552,5108
ADELAIDE,1993,11,2440,2440,4880,94,92,186,2534,2532,5066
ADELAIDE,1993,12,2366,2365,4731,100,99,199,2466,2464,4930
ADELAIDE,1994,1,2266,2265,4531,98,99,197,2364,2364,4728
ADELAIDE,1994,2,2190,2186,4376,89,89,178,2279,2275,4554
ADELAIDE,1994,3,2550,2552,5102,97,98,195,2647,2650,5297
ADELAIDE,1994,4,2365,2367,4732,94,93,187,2459,2460,4919
ADELAIDE,1994,5,2491,2485,4976,97,96,193,2588,2581,5169
ADELAIDE,1994,6,2299,2300,4599,93,95,188,2392,2395,4787
ADELAIDE,1994,7,2526,2523,5049,97,97,194,2623,2620,5243
ADELAIDE,1994,8,2604,2603,5207,97,95,192,2701,2698,5399
ADELAIDE,1994,9,2515,2517,5032,96,95,191,2611,2612,5223
ADELAIDE,1994,10,2592,2593,5185,94,95,189,2686,2688,5374
ADELAIDE,1994,11,2607,2599,5206,97,96,193,2704,2695,5399
ADELAIDE,1994,12,2478,2482,4960,97,98,195,2575,2580,5155
ADELAIDE,1995,1,2417,2405,4822,97,96,193,2514,2501,5015
ADELAIDE,1995,2,2362,2354,4716,89,89,178,2451,2443,4894
ADELAIDE,1995,3,2660,2650,5310,94,96,190,2754,2746,5500
ADELAIDE,1995,4,2505,2499,5004,87,87,174,2592,2586,5178
ADELAIDE,1995,5,2716,2694,5410,88,86,174,2804,2780,5584
ADELAIDE,1995,6,2559,2556,5115,86,88,174,2645,2644,5289
ADELAIDE,1995,7,2748,2750,5498,88,88,176,2836,2838,5674
ADELAIDE,1995,8,2846,2848,5694,90,90,180,2936,2938,5874
ADELAIDE,1995,9,2728,2722,5450,85,84,169,2813,2806,5619
ADELAIDE,1995,10,2860,2860,5720,88,88,176,2948,2948,5896
ADELAIDE,1995,11,2726,2724,5450,87,88,175,2813,2812,5625
ADELAIDE,1995,12,2573,2575,5148,88,88,176,2661,2663,5324
ADELAIDE,1996,1,2598,2590,5188,94,92,186,2692,2682,5374
ADELAIDE,1996,2,2552,2557,5109,90,91,181,2642,2648,5290
ADELAIDE,1996,3,2729,2727,5456,90,90,180,2819,2817,5636
ADELAIDE,1996,4,2680,2681,5361,91,90,181,2771,2771,5542
ADELAIDE,1996,5,2747,2740,5487,89,90,179,2836,2830,5666
ADELAIDE,1996,6,2584,2580,5164,92,90,182,2676,2670,5346
ADELAIDE,1996,7,2868,2863,5731,92,92,184,2960,2955,5915
ADELAIDE,1996,8,2887,2893,5780,91,90,181,2978,2983,5961
ADELAIDE,1996,9,2785,2775,5560,93,91,184,2878,2866,5744
ADELAIDE,1996,10,2953,2951,5904,88,89,177,3041,3040,6081
ADELAIDE,1996,11,2852,2857,5709,85,84,169,2937,2941,5878
ADELAIDE,1996,12,2697,2684,5381,92,91,183,2789,2775,5564
ADELAIDE,1997,1,2602,2599,5201,90,89,179,2692,2688,5380
ADELAIDE,1997,2,2578,2581,5159,82,81,163,2660,2662,5322
ADELAIDE,1997,3,2814,2815,5629,93,91,184,2907,2906,5813
ADELAIDE,1997,4,2844,2843,5687,89,87,176,2933,2930,5863
ADELAIDE,1997,5,2827,2827,5654,90,90,180,2917,2917,5834
ADELAIDE,1997,6,2733,2722,5455,80,80,160,2813,2802,5615
ADELAIDE,1997,7,2952,2942,5894,84,84,168,3036,3026,6062
ADELAIDE,1997,8,2961,2968,5929,84,83,167,3045,3051,6096
ADELAIDE,1997,9,2980,2978,5958,81,80,161,3061,3058,6119
ADELAIDE,1997,10,3137,3133,6270,84,84,168,3221,3217,6438
ADELAIDE,1997,11,2995,2994,5989,82,83,165,3077,3077,6154
ADELAIDE,1997,12,2916,2914,5830,82,81,163,2998,2995,5993
ADELAIDE,1998,1,2759,2753,5512,82,81,163,2841,2834,5675
ADELAIDE,1998,2,2761,2756,5517,74,75,149,2835,2831,5666
ADELAIDE,1998,3,3072,3063,6135,85,85,170,3157,3148,6305
ADELAIDE,1998,4,2953,2955,5908,81,82,163,3034,3037,6071
ADELAIDE,1998,5,2964,2963,5927,83,86,169,3047,3049,6096
ADELAIDE,1998,6,2859,2852,5711,80,78,158,2939,2930,5869
ADELAIDE,1998,7,3080,3074,6154,79,86,165,3159,3160,6319
ADELAIDE,1998,8,3058,3051,6109,95,92,187,3153,3143,6296
ADELAIDE,1998,9,3065,3061,6126,88,89,177,3153,3150,6303
ADELAIDE,1998,10,3132,3136,6268,91,90,181,3223,3226,6449
ADELAIDE,1998,11,3035,3020,6055,91,90,181,3126,3110,6236
ADELAIDE,1998,12,2986,2984,5970,89,91,180,3075,3075,6150
ADELAIDE,1999,1,2797,2796,5593,90,89,179,2887,2885,5772
ADELAIDE,1999,2,2752,2747,5499,81,82,163,2833,2829,5662
ADELAIDE,1999,3,3106,3104,6210,87,87,174,3193,3191,6384
ADELAIDE,1999,4,2944,2931,5875,84,88,172,3028,3019,6047
ADELAIDE,1999,5,2876,2875,5751,85,90,175,2961,2965,5926
ADELAIDE,1999,6,2783,2779,5562,75,77,152,2858,2856,5714
ADELAIDE,1999,7,2956,2952,5908,74,72,146,3030,3024,6054
ADELAIDE,1999,8,2992,2997,5989,78,80,158,3070,3077,6147
ADELAIDE,1999,9,2907,2909,5816,75,76,151,2982,2985,5967
ADELAIDE,1999,10,3073,3072,6145,81,81,162,3154,3153,6307
ADELAIDE,1999,11,2947,2970,5917,85,71,156,3032,3041,6073
ADELAIDE,1999,12,2954,2973,5927,88,75,163,3042,3048,6090
ADELAIDE,2000,1,2685,2707,5392,88,75,163,2773,2782,5555
ADELAIDE,2000,2,2785,2788,5573,83,71,154,2868,2859,5727
ADELAIDE,2000,3,3032,3034,6066,86,77,163,3118,3111,6229
ADELAIDE,2000,4,2794,2788,5582,74,85,159,2868,2873,5741
ADELAIDE,2000,5,2976,2971,5947,74,81,155,3050,3052,6102
ADELAIDE,2000,6,2704,2691,5395,74,82,156,2778,2773,5551
ADELAIDE,2000,7,2799,2801,5600,76,86,162,2875,2887,5762
ADELAIDE,2000,8,2988,2994,5982,76,83,159,3064,3077,6141
ADELAIDE,2000,9,2853,2848,5701,78,82,160,2931,2930,5861
ADELAIDE,2000,10,3045,3032,6077,80,85,165,3125,3117,6242
ADELAIDE,2000,11,3059,3059,6118,78,83,161,3137,3142,6279
ADELAIDE,2000,12,2949,2956,5905,80,84,164,3029,3040,6069
ADELAIDE,2001,1,2930,2929,5859,80,83,163,3010,3012,6022
ADELAIDE,2001,2,2798,2794,5592,68,72,140,2866,2866,5732
ADELAIDE,2001,3,3235,3239,6474,73,78,151,3308,3317,6625
ADELAIDE,2001,4,3066,3062,6128,76,80,156,3142,3142,6284
ADELAIDE,2001,5,3147,3144,6291,72,76,148,3219,3220,6439
ADELAIDE,2001,6,3033,3028,6061,73,76,149,3106,3104,6210
ADELAIDE,2001,7,3206,3202,6408,74,79,153,3280,3281,6561
ADELAIDE,2001,8,3251,3236,6487,75,80,155,3326,3316,6642
ADELAIDE,2001,9,2586,2583,5169,72,76,148,2658,2659,5317
ADELAIDE,2001,10,2575,2572,5147,75,78,153,2650,2650,5300
ADELAIDE,2001,11,2643,2631,5274,67,76,143,2710,2707,5417
ADELAIDE,2001,12,2658,2648,5306,74,83,157,2732,2731,5463
ADELAIDE,2002,1,2696,2685,5381,69,79,148,2765,2764,5529
ADELAIDE,2002,2,2521,2509,5030,64,72,136,2585,2581,5166
ADELAIDE,2002,3,2707,2694,5401,72,81,153,2779,2775,5554
ADELAIDE,2002,4,2558,2543,5101,60,73,133,2618,2616,5234
ADELAIDE,2002,5,2606,2583,5189,61,74,135,2667,2657,5324
ADELAIDE,2002,6,2453,2438,4891,61,74,135,2514,2512,5026
ADELAIDE,2002,7,2709,2714,5423,76,75,151,2785,2789,5574
ADELAIDE,2002,8,2829,2830,5659,76,76,152,2905,2906,5811
ADELAIDE,2002,9,2848,2852,5700,77,75,152,2925,2927,5852
ADELAIDE,2002,10,2921,2934,5855,74,75,149,2995,3009,6004
ADELAIDE,2002,11,2740,2741,5481,67,65,132,2807,2806,5613
ADELAIDE,2002,12,2712,2720,5432,63,64,127,2775,2784,5559
ADELAIDE,2003,1,2632,2640,5272,63,63,126,2695,2703,5398
ADELAIDE,2003,2,2531,2536,5067,56,56,112,2587,2592,5179
ADELAIDE,2003,3,2788,2789,5577,64,63,127,2852,2852,5704
ADELAIDE,2003,4,2574,2570,5144,73,73,146,2647,2643,5290
ADELAIDE,2003,5,2544,2536,5080,77,77,154,2621,2613,5234
ADELAIDE,2003,6,2428,2433,4861,76,76,152,2504,2509,5013
ADELAIDE,2003,7,2581,2583,5164,82,83,165,2663,2666,5329
ADELAIDE,2003,8,2625,2627,5252,85,85,170,2710,2712,5422
ADELAIDE,2003,9,2707,2712,5419,82,81,163,2789,2793,5582
ADELAIDE,2003,10,2804,2801,5605,82,80,162,2886,2881,5767
ADELAIDE,2003,11,2731,2729,5460,72,74,146,2803,2803,5606
ADELAIDE,2003,12,2767,2767,5534,76,74,150,2843,2841,5684
ADELAIDE,2004,1,2698,2695,5393,75,75,150,2773,2770,5543
ADELAIDE,2004,2,2675,2686,5361,69,71,140,2744,2757,5501
ADELAIDE,2004,3,2947,2947,5894,85,83,168,3032,3030,6062
ADELAIDE,2004,4,2768,2765,5533,79,79,158,2847,2844,5691
ADELAIDE,2004,5,2533,2548,5081,83,84,167,2616,2632,5248
ADELAIDE,2004,6,2721,2730,5451,83,82,165,2804,2812,5616
ADELAIDE,2004,7,2856,2855,5711,85,85,170,2941,2940,5881
ADELAIDE,2004,8,2855,2866,5721,84,84,168,2939,2950,5889
ADELAIDE,2004,9,2838,2848,5686,83,84,167,2921,2932,5853
ADELAIDE,2004,10,2867,2877,5744,86,87,173,2953,2964,5917
ADELAIDE,2004,11,2908,2925,5833,86,84,170,2994,3009,6003
ADELAIDE,2004,12,2951,2945,5896,97,97,194,3048,3042,6090
ADELAIDE,2005,1,2679,2697,5376,97,97,194,2776,2794,5570
ADELAIDE,2005,2,2718,2711,5429,92,93,185,2810,2804,5614
ADELAIDE,2005,3,2974,2974,5948,99,100,199,3073,3074,6147
ADELAIDE,2005,4,2859,2865,5724,99,96,195,2958,2961,5919
ADELAIDE,2005,5,2907,2916,5823,101,102,203,3008,3018,6026
ADELAIDE,2005,6,2825,2829,5654,99,99,198,2924,2928,5852
ADELAIDE,2005,7,2923,2914,5837,102,103,205,3025,3017,6042
ADELAIDE,2005,8,2987,3003,5990,104,101,205,3091,3104,6195
ADELAIDE,2005,9,2898,2907,5805,89,90,179,2987,2997,5984
ADELAIDE,2005,10,2953,2955,5908,100,102,202,3053,3057,6110
ADELAIDE,2005,11,2731,2739,5470,95,95,190,2826,2834,5660
ADELAIDE,2005,12,2695,2693,5388,92,92,184,2787,2785,5572
ADELAIDE,2006,1,2603,2591,5194,92,93,185,2695,2684,5379
ADELAIDE,2006,2,2648,2651,5299,83,83,166,2731,2734,5465
ADELAIDE,2006,3,3043,3044,6087,98,97,195,3141,3141,6282
ADELAIDE,2006,4,2809,2807,5616,121,122,243,2930,2929,5859
ADELAIDE,2006,5,3017,3010,6027,124,122,246,3141,3132,6273
ADELAIDE,2006,6,2871,2873,5744,133,131,264,3004,3004,6008
ADELAIDE,2006,7,2811,2817,5628,136,136,272,2947,2953,5900
ADELAIDE,2006,8,2920,2927,5847,134,135,269,3054,3062,6116
ADELAIDE,2006,9,2841,2843,5684,125,124,249,2966,2967,5933
ADELAIDE,2006,10,2937,2935,5872,127,128,255,3064,3063,6127
ADELAIDE,2006,11,2907,2910,5817,123,123,246,3030,3033,6063
ADELAIDE,2006,12,2866,2863,5729,127,128,255,2993,2991,5984
ADELAIDE,2007,1,2760,2750,5510,126,125,251,2886,2875,5761
ADELAIDE,2007,2,2647,2647,5294,118,117,235,2765,2764,5529
ADELAIDE,2007,3,3081,3086,6167,129,128,257,3210,3214,6424
ADELAIDE,2007,4,2919,2926,5845,122,122,244,3041,3048,6089
ADELAIDE,2007,5,3074,3081,6155,128,128,256,3202,3209,6411
ADELAIDE,2007,6,2956,2966,5922,125,124,249,3081,3090,6171
ADELAIDE,2007,7,3138,3138,6276,125,126,251,3263,3264,6527
ADELAIDE,2007,8,3174,3182,6356,120,119,239,3294,3301,6595
ADELAIDE,2007,9,2977,2984,5961,117,118,235,3094,3102,6196
ADELAIDE,2007,10,3107,3122,6229,129,128,257,3236,3250,6486
ADELAIDE,2007,11,2929,2933,5862,137,137,274,3066,3070,6136
ADELAIDE,2007,12,2908,2907,5815,150,150,300,3058,3057,6115
ADELAIDE,2008,1,2928,2916,5844,145,146,291,3073,3062,6135
ADELAIDE,2008,2,2840,2812,5652,132,131,263,2972,2943,5915
ADELAIDE,2008,3,2952,2934,5886,142,142,284,3094,3076,6170
ADELAIDE,2008,4,2944,2912,5856,137,136,273,3081,3048,6129
ADELAIDE,2008,5,3044,3042,6086,138,138,276,3182,3180,6362
ADELAIDE,2008,6,2866,2875,5741,133,132,265,2999,3007,6006
ADELAIDE,2008,7,2992,2993,5985,138,139,277,3130,3132,6262
ADELAIDE,2008,8,2978,2976,5954,137,136,273,3115,3112,6227
ADELAIDE,2008,9,2989,2994,5983,134,134,268,3123,3128,6251
ADELAIDE,2008,10,3187,3192,6379,135,134,269,3322,3326,6648
ADELAIDE,2008,11,3026,3026,6052,139,143,282,3165,3169,6334
ADELAIDE,2008,12,3009,3010,6019,152,151,303,3161,3161,6322
ADELAIDE,2009,1,2800,2805,5605,152,152,304,2952,2957,5909
ADELAIDE,2009,2,2721,2718,5439,133,133,266,2854,2851,5705
ADELAIDE,2009,3,3127,3135,6262,146,147,293,3273,3282,6555
ADELAIDE,2009,4,3031,3039,6070,142,142,284,3173,3181,6354
ADELAIDE,2009,5,2933,2937,5870,143,143,286,3076,3080,6156
ADELAIDE,2009,6,2814,2824,5638,147,146,293,2961,2970,5931
ADELAIDE,2009,7,2956,2952,5908,148,147,295,3104,3099,6203
ADELAIDE,2009,8,2888,2898,5786,141,141,282,3029,3039,6068
ADELAIDE,2009,9,2871,2877,5748,148,148,296,3019,3025,6044
ADELAIDE,2009,10,2953,2953,5906,158,157,315,3111,3110,6221
ADELAIDE,2009,11,2789,2798,5587,150,151,301,2939,2949,5888
ADELAIDE,2009,12,2836,2829,5665,153,153,306,2989,2982,5971
ADELAIDE,2010,1,2815,2813,5628,154,155,309,2969,2968,5937
ADELAIDE,2010,2,2757,2756,5513,132,133,265,2889,2889,5778
ADELAIDE,2010,3,3202,3208,6410,146,144,290,3348,3352,6700
ADELAIDE,2010,4,3164,3147,6311,139,139,278,3303,3286,6589
ADELAIDE,2010,5,3210,3208,6418,133,134,267,3343,3342,6685
ADELAIDE,2010,6,3078,3081,6159,131,130,261,3209,3211,6420
ADELAIDE,2010,7,3218,3226,6444,134,135,269,3352,3361,6713
ADELAIDE,2010,8,3123,3128,6251,133,134,267,3256,3262,6518
ADELAIDE,2010,9,3093,3093,6186,132,132,264,3225,3225,6450
ADELAIDE,2010,10,3174,3169,6343,137,137,274,3311,3306,6617
ADELAIDE,2010,11,3060,3046,6106,132,132,264,3192,3178,6370
ADELAIDE,2010,12,3169,3148,6317,140,137,277,3309,3285,6594
ADELAIDE,2011,1,2945,2944,5889,136,137,273,3081,3081,6162
ADELAIDE,2011,2,2719,2711,5430,121,121,242,2840,2832,5672
ADELAIDE,2011,3,3127,3129,6256,138,137,275,3265,3266,6531
ADELAIDE,2011,4,2992,2988,5980,144,144,288,3136,3132,6268
ADELAIDE,2011,5,3066,3063,6129,146,147,293,3212,3210,6422
ADELAIDE,2011,6,2761,2763,5524,136,134,270,2897,2897,5794
ADELAIDE,2011,7,2997,2994,5991,146,146,292,3143,3140,6283
ADELAIDE,2011,8,3004,3002,6006,143,142,285,3147,3144,6291
ADELAIDE,2011,9,2881,2873,5754,144,144,288,3025,3017,6042
ADELAIDE,2011,10,2879,2883,5762,151,152,303,3030,3035,6065
ADELAIDE,2011,11,2822,2825,5647,151,150,301,2973,2975,5948
ADELAIDE,2011,12,2845,2818,5663,172,173,345,3017,2991,6008
ADELAIDE,2012,1,2690,2702,5392,175,175,350,2865,2877,5742
ADELAIDE,2012,2,2734,2730,5464,146,145,291,2880,2875,5755
ADELAIDE,2012,3,2992,2994,5986,154,155,309,3146,3149,6295
ADELAIDE,2012,4,2848,2842,5690,150,151,301,2998,2993,5991
ADELAIDE,2012,5,2875,2868,5743,155,155,310,3030,3023,6053
ADELAIDE,2012,6,2738,2738,5476,155,155,310,2893,2893,5786
ADELAIDE,2012,7,3009,3016,6025,173,174,347,3182,3190,6372
ADELAIDE,2012,8,3060,3058,6118,167,168,335,3227,3226,6453
ADELAIDE,2012,9,2925,2917,5842,170,171,341,3095,3088,6183
ADELAIDE,2012,10,3071,3070,6141,174,176,350,3245,3246,6491
ADELAIDE,2012,11,3061,3048,6109,194,194,388,3255,3242,6497
ADELAIDE,2012,12,2991,2981,5972,207,207,414,3198,3188,6386
ADELAIDE,2013,1,2866,2869,5735,208,207,415,3074,3076,6150
ADELAIDE,2013,2,2689,2691,5380,192,193,385,2881,2884,5765
ADELAIDE,2013,3,3021,3011,6032,210,211,421,3231,3222,6453
ADELAIDE,2013,4,3000,3004,6004,194,194,388,3194,3198,6392
ADELAIDE,2013,5,3027,3023,6050,178,179,357,3205,3202,6407
ADELAIDE,2013,6,2807,2813,5620,175,174,349,2982,2987,5969
ADELAIDE,2013,7,3067,3070,6137,195,195,390,3262,3265,6527
ADELAIDE,2013,8,3024,3019,6043,177,179,356,3201,3198,6399
ADELAIDE,2013,9,3011,3009,6020,191,191,382,3202,3200,6402
ADELAIDE,2013,10,3115,3112,6227,191,192,383,3306,3304,6610
ADELAIDE,2013,11,2958,2952,5910,203,201,404,3161,3153,6314
ADELAIDE,2013,12,2956,2947,5903,239,241,480,3195,3188,6383
ADELAIDE,2014,1,2862,2860,5722,251,251,502,3113,3111,6224
ADELAIDE,2014,2,2703,2706,5409,217,215,432,2920,2921,5841
ADELAIDE,2014,3,3090,3092,6182,232,233,465,3322,3325,6647
ADELAIDE,2014,4,3042,3042,6084,233,236,469,3275,3278,6553
ADELAIDE,2014,5,3091,3084,6175,230,232,462,3321,3316,6637
ADELAIDE,2014,6,2979,2981,5960,228,232,460,3207,3213,6420
ADELAIDE,2014,7,3156,3162,6318,238,239,477,3394,3401,6795
ADELAIDE,2014,8,3103,3110,6213,225,224,449,3328,3334,6662
ADELAIDE,2014,9,3112,3111,6223,195,195,390,3307,3306,6613
ADELAIDE,2014,10,3203,3200,6403,203,206,409,3406,3406,6812
ADELAIDE,2014,11,2979,2988,5967,193,193,386,3172,3181,6353
ADELAIDE,2014,12,3039,3033,6072,223,224,447,3262,3257,6519
ADELAIDE,2015,1,2837,2837,5674,223,224,447,3060,3061,6121
ADELAIDE,2015,2,2746,2750,5496,175,175,350,2921,2925,5846
ADELAIDE,2015,3,3135,3138,6273,178,181,359,3313,3319,6632
ADELAIDE,2015,4,3100,3104,6204,182,180,362,3282,3284,6566
ADELAIDE,2015,5,3170,3166,6336,182,182,364,3352,3348,6700
ADELAIDE,2015,6,3048,3049,6097,176,176,352,3224,3225,6449
ADELAIDE,2015,7,3248,3242,6490,174,173,347,3422,3415,6837
ADELAIDE,2015,8,3137,3138,6275,161,165,326,3298,3303,6601
ADELAIDE,2015,9,3156,3161,6317,168,171,339,3324,3332,6656
ADELAIDE,2015,10,3220,3213,6433,180,178,358,3400,3391,6791
ADELAIDE,2015,11,3127,3126,6253,153,146,299,3280,3272,6552
ADELAIDE,2015,12,3140,3126,6266,195,194,389,3335,3320,6655
ADELAIDE,2016,1,2951,2964,5915,199,202,401,3150,3166,6316
ADELAIDE,2016,2,3020,3021,6041,165,166,331,3185,3187,6372
ADELAIDE,2016,3,3191,3190,6381,168,171,339,3359,3361,6720
ADELAIDE,2016,4,3083,3071,6154,171,172,343,3254,3243,6497
ADELAIDE,2016,5,3042,3049,6091,198,198,396,3240,3247,6487
ADELAIDE,2016,6,2915,2910,5825,191,191,382,3106,3101,6207
ADELAIDE,2016,7,3156,3151,6307,215,217,432,3371,3368,6739
ADELAIDE,2016,8,3216,3201,6417,192,195,387,3408,3396,6804
ADELAIDE,2016,9,3155,3151,6306,196,194,390,3351,3345,6696
ADELAIDE,2016,10,3227,3236,6463,208,208,416,3435,3444,6879
ADELAIDE,2016,11,3160,3167,6327,191,193,384,3351,3360,6711
ADELAIDE,2016,12,3085,3066,6151,228,229,457,3313,3295,6608
ADELAIDE,2017,1,2847,2852,5699,223,221,444,3070,3073,6143
ADELAIDE,2017,2,2844,2852,5696,176,176,352,3020,3028,6048
ADELAIDE,2017,3,3248,3246,6494,194,193,387,3442,3439,6881
ADELAIDE,2017,4,2980,2987,5967,183,184,367,3163,3171,6334
ADELAIDE,2017,5,3057,3054,6111,183,183,366,3240,3237,6477
ADELAIDE,2017,6,2916,2911,5827,178,178,356,3094,3089,6183
ADELAIDE,2017,7,3088,3081,6169,212,212,424,3300,3293,6593
ADELAIDE,2017,8,3101,3104,6205,208,209,417,3309,3313,6622
ADELAIDE,2017,9,3091,3081,6172,207,204,411,3298,3285,6583
ADELAIDE,2017,10,3193,3212,6405,204,205,409,3397,3417,6814
ADELAIDE,2017,11,3148,3148,6296,184,182,366,3332,3330,6662
ADELAIDE,2017,12,3113,3098,6211,234,233,467,3347,3331,6678
ADELAIDE,2018,1,3005,3005,6010,259,259,518,3264,3264,6528
ADELAIDE,2018,2,2850,2844,5694,189,188,377,3039,3032,6071
ADELAIDE,2018,3,3158,3150,6308,201,198,399,3359,3348,6707
ADELAIDE,2018,4,2989,2999,5988,198,198,396,3187,3197,6384
ADELAIDE,2018,5,3007,3017,6024,187,186,373,3194,3203,6397
ADELAIDE,2018,6,2862,2864,5726,187,187,374,3049,3051,6100
ADELAIDE,2018,7,3135,3146,6281,207,208,415,3342,3354,6696
ADELAIDE,2018,8,3118,3120,6238,204,202,406,3322,3322,6644
ADELAIDE,2018,9,3049,3046,6095,200,201,401,3249,3247,6496
ADELAIDE,2018,10,3262,3236,6498,213,213,426,3475,3449,6924
ADELAIDE,2018,11,3121,3114,6235,215,215,430,3336,3329,6665
ADELAIDE,2018,12,3016,3009,6025,230,230,460,3246,3239,6485
ADELAIDE,2019,1,2995,3000,5995,237,237,474,3232,3237,6469
ADELAIDE,2019,2,2874,2868,5742,199,199,398,3073,3067,6140
ADELAIDE,2019,3,3193,3187,6380,205,206,411,3398,3393,6791
ADELAIDE,2019,4,3062,3056,6118,211,211,422,3273,3267,6540
ADELAIDE,2019,5,3152,3141,6293,206,205,411,3358,3346,6704
ADELAIDE,2019,6,2951,2948,5899,212,214,426,3163,3162,6325
ADELAIDE,2019,7,3205,3210,6415,250,249,499,3455,3459,6914
ADELAIDE,2019,8,3106,3102,6208,234,233,467,3340,3335,6675
ADELAIDE,2019,9,3073,3067,6140,235,238,473,3308,3305,6613
ADELAIDE,2019,10,3239,3228,6467,239,241,480,3478,3469,6947
ADELAIDE,2019,11,3055,3053,6108,220,222,442,3275,3275,6550
ADELAIDE,2019,12,3006,2995,6001,263,267,530,3269,3262,6531
ADELAIDE,2020,1,2855,2851,5706,278,281,559,3133,3132,6265
ADELAIDE,2020,2,2835,2831,5666,201,200,401,3036,3031,6067
ADELAIDE,2020,3,2547,2527,5074,138,137,275,2685,2664,5349
ADELAIDE,2020,4,440,414,854,0,0,0,440,414,854
ADELAIDE,2020,5,430,418,848,4,4,8,434,422,856
ADELAIDE,2020,6,476,471,947,10,13,23,486,484,970
ADELAIDE,2020,7,678,685,1363,14,15,29,692,700,1392
ADELAIDE,2020,8,752,762,1514,20,21,41,772,783,1555
ADELAIDE,2020,9,891,893,1784,21,23,44,912,916,1828
ADELAIDE,2020,10,1157,1169,2326,25,26,51,1182,1195,2377
ADELAIDE,2020,11,1157,1158,2315,33,32,65,1190,1190,2380
ADELAIDE,2020,12,1534,1528,3062,35,37,72,1569,1565,3134
ADELAIDE,2021,1,1489,1499,2988,40,38,78,1529,1537,3066
ADELAIDE,2021,2,1408,1412,2820,34,35,69,1442,1447,2889
ADELAIDE,2021,3,2038,2045,4083,37,39,76,2075,2084,4159
ADELAIDE,2021,4,2390,2385,4775,37,38,75,2427,2423,4850
ADELAIDE,2021,5,2470,2470,4940,48,48,96,2518,2518,5036
ADELAIDE,2021,6,2069,2068,4137,46,47,93,2115,2115,4230
ADELAIDE,2021,7,1497,1479,2976,48,47,95,1545,1526,3071
ADELAIDE,2021,8,1066,1070,2136,36,36,72,1102,1106,2208
ADELAIDE,2021,9,1371,1364,2735,35,35,70,1406,1399,2805
ADELAIDE,2021,10,1490,1489,2979,40,39,79,1530,1528,3058
ADELAIDE,2021,11,1747,1755,3502,35,36,71,1782,1791,3573
ADELAIDE,2021,12,2410,2405,4815,52,51,103,2462,2456,4918
ADELAIDE,2022,1,1910,1912,3822,71,71,142,1981,1983,3964
ADELAIDE,2022,2,1752,1733,3485,65,65,130,1817,1798,3615
ADELAIDE,2022,3,2489,2468,4957,72,72,144,2561,2540,5101
ADELAIDE,2022,4,2795,2793,5588,74,75,149,2869,2868,5737
ADELAIDE,2022,5,2855,2845,5700,95,95,190,2950,2940,5890
ADELAIDE,2022,6,2752,2752,5504,104,105,209,2856,2857,5713
ADELAIDE,2022,7,2760,2757,5517,152,150,302,2912,2907,5819
ADELAIDE,2022,8,2755,2756,5511,137,138,275,2892,2894,5786
ADELAIDE,2022,9,2672,2662,5334,128,128,256,2800,2790,5590
ADELAIDE,2022,10,2806,2808,5614,134,134,268,2940,2942,5882
ADELAIDE,2022,11,2749,2746,5495,148,147,295,2897,2893,5790
ADELAIDE,2022,12,2852,2859,5711,203,206,409,3055,3065,6120
ADELAIDE,2023,1,2865,2861,5726,237,239,476,3102,3100,6202
ADELAIDE,2023,2,2686,2677,5363,193,193,386,2879,2870,5749
ADELAIDE,2023,3,3068,3050,6118,222,221,443,3290,3271,6561
ADELAIDE,2023,4,2977,2970,5947,254,257,511,3231,3227,6458
ADELAIDE,2023,5,3077,3078,6155,218,216,434,3295,3294,6589
ADELAIDE,2023,6,2873,2861,5734,218,219,437,3091,3080,6171
ADELAIDE,2023,7,2955,2954,5909,276,275,551,3231,3229,6460
ADELAIDE,2023,8,2991,2984,5975,229,230,459,3220,3214,6434
ADELAIDE,2023,9,2941,2928,5869,211,212,423,3152,3140,6292
ADELAIDE,2023,10,3079,3077,6156,229,230,459,3308,3307,6615
ADELAIDE,2023,11,2979,2958,5937,196,194,390,3175,3152,6327
ADELAIDE,2023,12,2954,2953,5907,286,288,574,3240,3241,6481
ADELAIDE,2024,1,2938,2937,5875,314,312,626,3252,3249,6501
ADELAIDE,2024,2,2820,2813,5633,199,199,398,3019,3012,6031
ADELAIDE,2024,3,2979,2964,5943,203,206,409,3182,3170,6352
ADELAIDE,2024,4,3078,3078,6156,234,233,467,3312,3311,6623
ADELAIDE,2024,5,3047,3035,6082,201,199,400,3248,3234,6482
ADELAIDE,2024,6,2832,2830,5662,202,203,405,3034,3033,6067
ADELAIDE,2024,7,3081,3077,6158,228,227,455,3309,3304,6613
ADELAIDE,2024,8,2900,2890,5790,180,181,361,3080,3071,6151
ADELAIDE,2024,9,2879,2880,5759,180,181,361,3059,3061,6120
ADELAIDE,2024,10,2996,2988,5984,202,201,403,3198,3189,6387
ADELAIDE,2024,11,2818,2811,5629,220,220,440,3038,3031,6069
ADELAIDE,2024,12,2886,2885,5771,234,235,469,3120,3120,6240
ADELAIDE,2025,1,2813,2814,5627,253,252,505,3066,3066,6132
ADELAIDE,2025,2,2597,2589,5186,217,219,436,2814,2808,5622
ADELAIDE,2025,3,2841,2835,5676,234,235,469,3075,3070,6145
ADELAIDE,2025,4,2860,2859,5719,248,249,497,3108,3108,6216
ADELAIDE,2025,5,2784,2778,5562,255,258,513,3039,3036,6075
ADELAIDE,2025,6,2725,2722,5447,245,245,490,2970,2967,5937
ALICE SPRINGS,1985,1,264,261,525,0,0,0,264,261,525
ALICE SPRINGS,1985,2,243,237,480,0,0,0,243,237,480
ALICE SPRINGS,1985,3,284,281,565,0,0,0,284,281,565
ALICE SPRINGS,1985,4,261,258,519,0,0,0,261,258,519
ALICE SPRINGS,1985,5,298,294,592,0,0,0,298,294,592
ALICE SPRINGS,1985,6,277,284,561,0,0,0,277,284,561
ALICE SPRINGS,1985,7,303,299,602,0,0,0,303,299,602
ALICE SPRINGS,1985,8,326,325,651,0,0,0,326,325,651
ALICE SPRINGS,1985,9,313,312,625,0,0,0,313,312,625
ALICE SPRINGS,1985,10,312,310,622,0,0,0,312,310,622
ALICE SPRINGS,1985,11,321,317,638,0,0,0,321,317,638
ALICE SPRINGS,1985,12,300,294,594,0,0,0,300,294,594
ALICE SPRINGS,1986,1,304,301,605,0,0,0,304,301,605
ALICE SPRINGS,1986,2,277,272,549,0,0,0,277,272,549
ALICE SPRINGS,1986,3,360,356,716,0,0,0,360,356,716
ALICE SPRINGS,1986,4,366,367,733,0,0,0,366,367,733
ALICE SPRINGS,1986,5,325,329,654,0,0,0,325,329,654
ALICE SPRINGS,1986,6,304,304,608,0,0,0,304,304,608
ALICE SPRINGS,1986,7,322,323,645,0,0,0,322,323,645
ALICE SPRINGS,1986,8,356,355,711,0,0,0,356,355,711
ALICE SPRINGS,1986,9,333,336,669,0,0,0,333,336,669
ALICE SPRINGS,1986,10,384,389,773,0,0,0,384,389,773
ALICE SPRINGS,1986,11,389,387,776,0,0,0,389,387,776
ALICE SPRINGS,1986,12,380,378,758,0,0,0,380,378,758
ALICE SPRINGS,1987,1,413,445,858,0,0,0,413,445,858
ALICE SPRINGS,1987,2,388,386,774,0,0,0,388,386,774
ALICE SPRINGS,1987,3,396,393,789,0,0,0,396,393,789
ALICE SPRINGS,1987,4,376,372,748,0,0,0,376,372,748
ALICE SPRINGS,1987,5,391,390,781,0,0,0,391,390,781
ALICE SPRINGS,1987,6,405,406,811,0,0,0,405,406,811
ALICE SPRINGS,1987,7,451,448,899,0,0,0,451,448,899
ALICE SPRINGS,1987,8,430,431,861,0,0,0,430,431,861
ALICE SPRINGS,1987,9,440,443,883,0,0,0,440,443,883
ALICE SPRINGS,1987,10,484,488,972,0,0,0,484,488,972
ALICE SPRINGS,1987,11,456,452,908,0,0,0,456,452,908
ALICE SPRINGS,1987,12,413,409,822,0,0,0,413,409,822
ALICE SPRINGS,1988,1,418,410,828,0,0,0,418,410,828
ALICE SPRINGS,1988,2,359,356,715,0,0,0,359,356,715
ALICE SPRINGS,1988,3,401,399,800,0,0,0,401,399,800
ALICE SPRINGS,1988,4,399,398,797,0,0,0,399,398,797
ALICE SPRINGS,1988,5,381,381,762,0,0,0,381,381,762
ALICE SPRINGS,1988,6,382,372,754,0,0,0,382,372,754
ALICE SPRINGS,1988,7,428,429,857,0,0,0,428,429,857
ALICE SPRINGS,1988,8,421,421,842,0,0,0,421,421,842
ALICE SPRINGS,1988,9,405,404,809,0,0,0,405,404,809
ALICE SPRINGS,1988,10,436,437,873,0,0,0,436,437,873
ALICE SPRINGS,1988,11,416,419,835,0,0,0,416,419,835
ALICE SPRINGS,1988,12,394,393,787,0,0,0,394,393,787
ALICE SPRINGS,1989,1,396,397,793,0,0,0,396,397,793
ALICE SPRINGS,1989,2,348,348,696,0,0,0,348,348,696
ALICE SPRINGS,1989,3,399,397,796,0,0,0,399,397,796
ALICE SPRINGS,1989,4,398,398,796,0,0,0,398,398,796
ALICE SPRINGS,1989,5,383,387,770,0,0,0,383,387,770
ALICE SPRINGS,1989,6,369,368,737,0,0,0,369,368,737
ALICE SPRINGS,1989,7,431,431,862,0,0,0,431,431,862
ALICE SPRINGS,1989,8,275,276,551,0,0,0,275,276,551
ALICE SPRINGS,1989,9,13,13,26,0,0,0,13,13,26
ALICE SPRINGS,1989,10,50,50,100,0,0,0,50,50,100
ALICE SPRINGS,1989,11,111,111,222,0,0,0,111,111,222
ALICE SPRINGS,1989,12,180,180,360,0,0,0,180,180,360
ALICE SPRINGS,1990,1,227,227,454,0,0,0,227,227,454
ALICE SPRINGS,1990,2,251,251,502,0,0,0,251,251,502
ALICE SPRINGS,1990,3,353,354,707,0,0,0,353,354,707
ALICE SPRINGS,1990,4,366,368,734,0,0,0,366,368,734
ALICE SPRINGS,1990,5,389,388,777,0,0,0,389,388,777
ALICE SPRINGS,1990,6,372,371,743,0,0,0,372,371,743
ALICE SPRINGS,1990,7,415,410,825,0,0,0,415,410,825
ALICE SPRINGS,1990,8,396,395,791,0,0,0,396,395,791
ALICE SPRINGS,1990,9,379,378,757,0,0,0,379,378,757
ALICE SPRINGS,1990,10,466,464,930,0,0,0,466,464,930
ALICE SPRINGS,1990,11,480,483,963,0,0,0,480,483,963
ALICE SPRINGS,1990,12,454,455,909,0,0,0,454,455,909
ALICE SPRINGS,1991,1,436,437,873,0,0,0,436,437,873
ALICE SPRINGS,1991,2,398,397,795,0,0,0,398,397,795
ALICE SPRINGS,1991,3,413,413,826,0,0,0,413,413,826
ALICE SPRINGS,1991,4,366,364,730,0,0,0,366,364,730
ALICE SPRINGS,1991,5,381,381,762,0,0,0,381,381,762
ALICE SPRINGS,1991,6,381,381,762,0,0,0,381,381,762
ALICE SPRINGS,1991,7,426,429,855,0,0,0,426,429,855
ALICE SPRINGS,1991,8,450,451,901,0,0,0,450,451,901
ALICE SPRINGS,1991,9,441,441,882,0,0,0,441,441,882
ALICE SPRINGS,1991,10,462,461,923,0,0,0,462,461,923
ALICE SPRINGS,1991,11,464,462,926,0,0,0,464,462,926
ALICE SPRINGS,1991,12,439,439,878,0,0,0,439,439,878
ALICE SPRINGS,1992,1,443,442,885,0,0,0,443,442,885
ALICE SPRINGS,1992,2,392,391,783,0,0,0,392,391,783
ALICE SPRINGS,1992,3,435,434,869,0,0,0,435,434,869
ALICE SPRINGS,1992,4,419,422,841,0,0,0,419,422,841
ALICE SPRINGS,1992,5,429,430,859,0,0,0,429,430,859
ALICE SPRINGS,1992,6,408,407,815,0,0,0,408,407,815
ALICE SPRINGS,1992,7,456,456,912,0,0,0,456,456,912
ALICE SPRINGS,1992,8,458,459,917,0,0,0,458,459,917
ALICE SPRINGS,1992,9,439,437,876,0,0,0,439,437,876
ALICE SPRINGS,1992,10,489,489,978,0,0,0,489,489,978
ALICE SPRINGS,1992,11,474,478,952,0,0,0,474,478,952
ALICE SPRINGS,1992,12,480,480,960,0,0,0,480,480,960
ALICE SPRINGS,1993,1,467,464,931,0,0,0,467,464,931
ALICE SPRINGS,1993,2,445,446,891,0,0,0,445,446,891
ALICE SPRINGS,1993,3,500,500,1000,0,0,0,500,500,1000
ALICE SPRINGS,1993,4,475,474,949,0,0,0,475,474,949
ALICE SPRINGS,1993,5,484,483,967,0,0,0,484,483,967
ALICE SPRINGS,1993,6,493,494,987,0,0,0,493,494,987
ALICE SPRINGS,1993,7,526,530,1056,0,0,0,526,530,1056
ALICE SPRINGS,1993,8,532,528,1060,0,0,0,532,528,1060
ALICE SPRINGS,1993,9,505,503,1008,0,0,0,505,503,1008
ALICE SPRINGS,1993,10,551,548,1099,0,0,0,551,548,1099
ALICE SPRINGS,1993,11,532,525,1057,0,0,0,532,525,1057
ALICE SPRINGS,1993,12,538,538,1076,0,0,0,538,538,1076
ALICE SPRINGS,1994,1,546,546,1092,0,0,0,546,546,1092
ALICE SPRINGS,1994,2,468,468,936,0,0,0,468,468,936
ALICE SPRINGS,1994,3,526,525,1051,0,0,0,526,525,1051
ALICE SPRINGS,1994,4,514,515,1029,0,0,0,514,515,1029
ALICE SPRINGS,1994,5,527,527,1054,0,0,0,527,527,1054
ALICE SPRINGS,1994,6,550,549,1099,0,0,0,550,549,1099
ALICE SPRINGS,1994,7,603,602,1205,0,0,0,603,602,1205
ALICE SPRINGS,1994,8,581,581,1162,0,0,0,581,581,1162
ALICE SPRINGS,1994,9,568,567,1135,0,0,0,568,567,1135
ALICE SPRINGS,1994,10,605,609,1214,0,0,0,605,609,1214
ALICE SPRINGS,1994,11,589,590,1179,0,0,0,589,590,1179
ALICE SPRINGS,1994,12,610,609,1219,0,0,0,610,609,1219
ALICE SPRINGS,1995,1,597,597,1194,0,0,0,597,597,1194
ALICE SPRINGS,1995,2,535,534,1069,0,0,0,535,534,1069
ALICE SPRINGS,1995,3,592,590,1182,0,0,0,592,590,1182
ALICE SPRINGS,1995,4,568,568,1136,0,0,0,568,568,1136
ALICE SPRINGS,1995,5,567,565,1132,0,0,0,567,565,1132
ALICE SPRINGS,1995,6,551,550,1101,0,0,0,551,550,1101
ALICE SPRINGS,1995,7,593,594,1187,0,0,0,593,594,1187
ALICE SPRINGS,1995,8,585,584,1169,0,0,0,585,584,1169
ALICE SPRINGS,1995,9,575,574,1149,0,0,0,575,574,1149
ALICE SPRINGS,1995,10,591,593,1184,0,0,0,591,593,1184
ALICE SPRINGS,1995,11,515,518,1033,0,0,0,515,518,1033
ALICE SPRINGS,1995,12,546,546,1092,0,0,0,546,546,1092
ALICE SPRINGS,1996,1,529,529,1058,0,0,0,529,529,1058
ALICE SPRINGS,1996,2,501,502,1003,0,0,0,501,502,1003
ALICE SPRINGS,1996,3,537,538,1075,0,0,0,537,538,1075
ALICE SPRINGS,1996,4,519,519,1038,0,0,0,519,519,1038
ALICE SPRINGS,1996,5,535,535,1070,0,0,0,535,535,1070
ALICE SPRINGS,1996,6,530,528,1058,0,0,0,530,528,1058
ALICE SPRINGS,1996,7,546,547,1093,0,0,0,546,547,1093
ALICE SPRINGS,1996,8,545,544,1089,0,0,0,545,544,1089
ALICE SPRINGS,1996,9,527,528,1055,0,0,0,527,528,1055
ALICE SPRINGS,1996,10,612,612,1224,0,0,0,612,612,1224
ALICE SPRINGS,1996,11,553,552,1105,0,0,0,553,552,1105
ALICE SPRINGS,1996,12,570,570,1140,0,0,0,570,570,1140
ALICE SPRINGS,1997,1,568,566,1134,0,0,0,568,566,1134
ALICE SPRINGS,1997,2,509,509,1018,0,0,0,509,509,1018
ALICE SPRINGS,1997,3,553,553,1106,0,0,0,553,553,1106
ALICE SPRINGS,1997,4,531,532,1063,0,0,0,531,532,1063
ALICE SPRINGS,1997,5,555,555,1110,0,0,0,555,555,1110
ALICE SPRINGS,1997,6,537,536,1073,0,0,0,537,536,1073
ALICE SPRINGS,1997,7,559,558,1117,0,0,0,559,558,1117
ALICE SPRINGS,1997,8,567,567,1134,0,0,0,567,567,1134
ALICE SPRINGS,1997,9,541,541,1082,0,0,0,541,541,1082
ALICE SPRINGS,1997,10,571,570,1141,0,0,0,571,570,1141
ALICE SPRINGS,1997,11,568,569,1137,0,0,0,568,569,1137
ALICE SPRINGS,1997,12,573,572,1145,0,0,0,573,572,1145
ALICE SPRINGS,1998,1,569,568,1137,0,0,0,569,568,1137
ALICE SPRINGS,1998,2,500,500,1000,0,0,0,500,500,1000
ALICE SPRINGS,1998,3,559,560,1119,0,0,0,559,560,1119
ALICE SPRINGS,1998,4,532,532,1064,0,0,0,532,532,1064
ALICE SPRINGS,1998,5,551,552,1103,0,0,0,551,552,1103
ALICE SPRINGS,1998,6,535,535,1070,0,0,0,535,535,1070
ALICE SPRINGS,1998,7,552,553,1105,0,0,0,552,553,1105
ALICE SPRINGS,1998,8,559,558,1117,0,0,0,559,558,1117
ALICE SPRINGS,1998,9,536,537,1073,0,0,0,536,537,1073
ALICE SPRINGS,1998,10,559,557,1116,0,0,0,559,557,1116
ALICE SPRINGS,1998,11,534,536,1070,0,0,0,534,536,1070
ALICE SPRINGS,1998,12,518,517,1035,0,0,0,518,517,1035
ALICE SPRINGS,1999,1,499,499,998,0,0,0,499,499,998
ALICE SPRINGS,1999,2,483,485,968,0,0,0,483,485,968
ALICE SPRINGS,1999,3,535,535,1070,0,0,0,535,535,1070
ALICE SPRINGS,1999,4,525,524,1049,0,0,0,525,524,1049
ALICE SPRINGS,1999,5,536,536,1072,0,0,0,536,536,1072
ALICE SPRINGS,1999,6,512,512,1024,0,0,0,512,512,1024
ALICE SPRINGS,1999,7,542,542,1084,0,0,0,542,542,1084
ALICE SPRINGS,1999,8,540,540,1080,0,0,0,540,540,1080
ALICE SPRINGS,1999,9,521,521,1042,0,0,0,521,521,1042
ALICE SPRINGS,1999,10,538,539,1077,0,0,0,538,539,1077
ALICE SPRINGS,1999,11,536,539,1075,0,0,0,536,539,1075
ALICE SPRINGS,1999,12,524,524,1048,0,0,0,524,524,1048
ALICE SPRINGS,2000,1,516,517,1033,0,0,0,516,517,1033
ALICE SPRINGS,2000,2,510,509,1019,0,0,0,510,509,1019
ALICE SPRINGS,2000,3,536,536,1072,0,0,0,536,536,1072
ALICE SPRINGS,2000,4,546,544,1090,0,0,0,546,544,1090
ALICE SPRINGS,2000,5,540,537,1077,0,0,0,540,537,1077
ALICE SPRINGS,2000,6,523,521,1044,0,0,0,523,521,1044
ALICE SPRINGS,2000,7,475,475,950,0,0,0,475,475,950
ALICE SPRINGS,2000,8,447,447,894,0,0,0,447,447,894
ALICE SPRINGS,2000,9,436,434,870,0,0,0,436,434,870
ALICE SPRINGS,2000,10,492,495,987,0,0,0,492,495,987
ALICE SPRINGS,2000,11,467,469,936,0,0,0,467,469,936
ALICE SPRINGS,2000,12,478,479,957,0,0,0,478,479,957
ALICE SPRINGS,2001,1,459,462,921,0,0,0,459,462,921
ALICE SPRINGS,2001,2,435,435,870,0,0,0,435,435,870
ALICE SPRINGS,2001,3,488,492,980,0,0,0,488,492,980
ALICE SPRINGS,2001,4,475,482,957,0,0,0,475,482,957
ALICE SPRINGS,2001,5,485,488,973,0,0,0,485,488,973
ALICE SPRINGS,2001,6,480,479,959,0,0,0,480,479,959
ALICE SPRINGS,2001,7,503,505,1008,0,0,0,503,505,1008
ALICE SPRINGS,2001,8,490,492,982,0,0,0,490,492,982
ALICE SPRINGS,2001,9,332,331,663,0,0,0,332,331,663
ALICE SPRINGS,2001,10,284,283,567,0,0,0,284,283,567
ALICE SPRINGS,2001,11,288,287,575,0,0,0,288,287,575
ALICE SPRINGS,2001,12,299,299,598,0,0,0,299,299,598
ALICE SPRINGS,2002,1,283,283,566,0,0,0,283,283,566
ALICE SPRINGS,2002,2,257,258,515,0,0,0,257,258,515
ALICE SPRINGS,2002,3,293,292,585,0,0,0,293,292,585
ALICE SPRINGS,2002,4,288,288,576,0,0,0,288,288,576
ALICE SPRINGS,2002,5,294,294,588,0,0,0,294,294,588
ALICE SPRINGS,2002,6,317,316,633,0,0,0,317,316,633
ALICE SPRINGS,2002,7,342,340,682,0,0,0,342,340,682
ALICE SPRINGS,2002,8,341,340,681,0,0,0,341,340,681
ALICE SPRINGS,2002,9,336,338,674,0,0,0,336,338,674
ALICE SPRINGS,2002,10,343,341,684,0,0,0,343,341,684
ALICE SPRINGS,2002,11,299,296,595,0,0,0,299,296,595
ALICE SPRINGS,2002,12,295,296,591,0,0,0,295,296,591
ALICE SPRINGS,2003,1,293,292,585,0,0,0,293,292,585
ALICE SPRINGS,2003,2,269,269,538,0,0,0,269,269,538
ALICE SPRINGS,2003,3,309,311,620,0,0,0,309,311,620
ALICE SPRINGS,2003,4,314,315,629,0,0,0,314,315,629
ALICE SPRINGS,2003,5,333,333,666,0,0,0,333,333,666
ALICE SPRINGS,2003,6,350,352,702,0,0,0,350,352,702
ALICE SPRINGS,2003,7,358,358,716,0,0,0,358,358,716
ALICE SPRINGS,2003,8,367,368,735,0,0,0,367,368,735
ALICE SPRINGS,2003,9,355,355,710,0,0,0,355,355,710
ALICE SPRINGS,2003,10,360,360,720,0,0,0,360,360,720
ALICE SPRINGS,2003,11,310,308,618,0,0,0,310,308,618
ALICE SPRINGS,2003,12,322,321,643,0,0,0,322,321,643
ALICE SPRINGS,2004,1,319,318,637,0,0,0,319,318,637
ALICE SPRINGS,2004,2,299,299,598,0,0,0,299,299,598
ALICE SPRINGS,2004,3,316,316,632,0,0,0,316,316,632
ALICE SPRINGS,2004,4,311,309,620,0,0,0,311,309,620
ALICE SPRINGS,2004,5,322,324,646,0,0,0,322,324,646
ALICE SPRINGS,2004,6,312,313,625,0,0,0,312,313,625
ALICE SPRINGS,2004,7,327,327,654,0,0,0,327,327,654
ALICE SPRINGS,2004,8,327,327,654,0,0,0,327,327,654
ALICE SPRINGS,2004,9,310,310,620,0,0,0,310,310,620
ALICE SPRINGS,2004,10,319,319,638,0,0,0,319,319,638
ALICE SPRINGS,2004,11,301,303,604,0,0,0,301,303,604
ALICE SPRINGS,2004,12,304,304,608,0,0,0,304,304,608
ALICE SPRINGS,2005,1,316,317,633,0,0,0,316,317,633
ALICE SPRINGS,2005,2,280,280,560,0,0,0,280,280,560
ALICE SPRINGS,2005,3,306,305,611,0,0,0,306,305,611
ALICE SPRINGS,2005,4,302,302,604,0,0,0,302,302,604
ALICE SPRINGS,2005,5,309,309,618,0,0,0,309,309,618
ALICE SPRINGS,2005,6,308,309,617,0,0,0,308,309,617
ALICE SPRINGS,2005,7,317,317,634,0,0,0,317,317,634
ALICE SPRINGS,2005,8,315,315,630,0,0,0,315,315,630
ALICE SPRINGS,2005,9,290,290,580,0,0,0,290,290,580
ALICE SPRINGS,2005,10,298,297,595,0,0,0,298,297,595
ALICE SPRINGS,2005,11,291,291,582,0,0,0,291,291,582
ALICE SPRINGS,2005,12,296,295,591,0,0,0,296,295,591
ALICE SPRINGS,2006,1,303,303,606,0,0,0,303,303,606
ALICE SPRINGS,2006,2,266,266,532,0,0,0,266,266,532
ALICE SPRINGS,2006,3,293,291,584,0,0,0,293,291,584
ALICE SPRINGS,2006,4,289,289,578,0,0,0,289,289,578
ALICE SPRINGS,2006,5,297,297,594,0,0,0,297,297,594
ALICE SPRINGS,2006,6,287,285,572,0,0,0,287,285,572
ALICE SPRINGS,2006,7,299,298,597,0,0,0,299,298,597
ALICE SPRINGS,2006,8,298,297,595,0,0,0,298,297,595
ALICE SPRINGS,2006,9,270,269,539,0,0,0,270,269,539
ALICE SPRINGS,2006,10,263,263,526,0,0,0,263,263,526
ALICE SPRINGS,2006,11,251,250,501,0,0,0,251,250,501
ALICE SPRINGS,2006,12,256,255,511,0,0,0,256,255,511
ALICE SPRINGS,2007,1,257,257,514,0,0,0,257,257,514
ALICE SPRINGS,2007,2,235,235,470,0,0,0,235,235,470
ALICE SPRINGS,2007,3,264,264,528,0,0,0,264,264,528
ALICE SPRINGS,2007,4,250,250,500,0,0,0,250,250,500
ALICE SPRINGS,2007,5,256,255,511,0,0,0,256,255,511
ALICE SPRINGS,2007,6,253,253,506,0,0,0,253,253,506
ALICE SPRINGS,2007,7,261,263,524,0,0,0,261,263,524
ALICE SPRINGS,2007,8,256,256,512,0,0,0,256,256,512
ALICE SPRINGS,2007,9,253,253,506,0,0,0,253,253,506
ALICE SPRINGS,2007,10,259,260,519,0,0,0,259,260,519
ALICE SPRINGS,2007,11,261,263,524,0,0,0,261,263,524
ALICE SPRINGS,2007,12,268,268,536,0,0,0,268,268,536
ALICE SPRINGS,2008,1,259,258,517,0,0,0,259,258,517
ALICE SPRINGS,2008,2,243,243,486,0,0,0,243,243,486
ALICE SPRINGS,2008,3,273,273,546,0,0,0,273,273,546
ALICE SPRINGS,2008,4,275,275,550,0,0,0,275,275,550
ALICE SPRINGS,2008,5,285,285,570,0,0,0,285,285,570
ALICE SPRINGS,2008,6,281,281,562,0,0,0,281,281,562
ALICE SPRINGS,2008,7,301,301,602,0,0,0,301,301,602
ALICE SPRINGS,2008,8,292,292,584,0,0,0,292,292,584
ALICE SPRINGS,2008,9,281,281,562,0,0,0,281,281,562
ALICE SPRINGS,2008,10,285,285,570,0,0,0,285,285,570
ALICE SPRINGS,2008,11,265,265,530,0,0,0,265,265,530
ALICE SPRINGS,2008,12,272,272,544,0,0,0,272,272,544
BALLINA,1985,1,0,0,0,0,0,0,0,0,0
BALLINA,1985,2,0,0,0,0,0,0,0,0,0
BALLINA,1985,3,0,0,0,0,0,0,0,0,0
BALLINA,1985,4,0,0,0,0,0,0,0,0,0
BALLINA,1985,5,0,0,0,0,0,0,0,0,0
BALLINA,1985,6,0,0,0,0,0,0,0,0,0
BALLINA,1985,7,0,0,0,0,0,0,0,0,0
BALLINA,1985,8,0,0,0,0,0,0,0,0,0
BALLINA,1985,9,0,0,0,0,0,0,0,0,0
BALLINA,1985,10,0,0,0,0,0,0,0,0,0
BALLINA,1985,11,0,0,0,0,0,0,0,0,0
BALLINA,1985,12,0,0,0,0,0,0,0,0,0
BALLINA,1986,1,0,0,0,0,0,0,0,0,0
BALLINA,1986,2,0,0,0,0,0,0,0,0,0
BALLINA,1986,3,0,0,0,0,0,0,0,0,0
BALLINA,1986,4,0,0,0,0,0,0,0,0,0
BALLINA,1986,5,0,0,0,0,0,0,0,0,0
BALLINA,1986,6,0,0,0,0,0,0,0,0,0
BALLINA,1986,7,0,0,0,0,0,0,0,0,0
BALLINA,1986,8,0,0,0,0,0,0,0,0,0
BALLINA,1986,9,0,0,0,0,0,0,0,0,0
BALLINA,1986,10,0,0,0,0,0,0,0,0,0
BALLINA,1986,11,0,0,0,0,0,0,0,0,0
BALLINA,1986,12,12,12,24,0,0,0,12,12,24
BALLINA,1987,1,31,31,62,0,0,0,31,31,62
BALLINA,1987,2,29,29,58,0,0,0,29,29,58
BALLINA,1987,3,32,32,64,0,0,0,32,32,64
BALLINA,1987,4,35,35,70,0,0,0,35,35,70
BALLINA,1987,5,28,28,56,0,0,0,28,28,56
BALLINA,1987,6,32,32,64,0,0,0,32,32,64
BALLINA,1987,7,113,113,226,0,0,0,113,113,226
BALLINA,1987,8,137,137,274,0,0,0,137,137,274
BALLINA,1987,9,134,134,268,0,0,0,134,134,268
BALLINA,1987,10,144,144,288,0,0,0,144,144,288
BALLINA,1987,11,145,145,290,0,0,0,145,145,290
BALLINA,1987,12,172,172,344,0,0,0,172,172,344
BALLINA,1988,1,167,167,334,0,0,0,167,167,334
BALLINA,1988,2,152,152,304,0,0,0,152,152,304
BALLINA,1988,3,170,170,340,0,0,0,170,170,340
BALLINA,1988,4,165,165,330,0,0,0,165,165,330
BALLINA,1988,5,140,140,280,0,0,0,140,140,280
BALLINA,1988,6,142,142,284,0,0,0,142,142,284
BALLINA,1988,7,176,176,352,0,0,0,176,176,352
BALLINA,1988,8,165,165,330,0,0,0,165,165,330
BALLINA,1988,9,195,195,390,0,0,0,195,195,390
BALLINA,1988,10,198,198,396,0,0,0,198,198,396
BALLINA,1988,11,164,164,328,0,0,0,164,164,328
BALLINA,1988,12,186,186,372,0,0,0,186,186,372
BALLINA,1989,1,203,203,406,0,0,0,203,203,406
BALLINA,1989,2,206,206,412,0,0,0,206,206,412
BALLINA,1989,3,215,215,430,0,0,0,215,215,430
BALLINA,1989,4,217,217,434,0,0,0,217,217,434
BALLINA,1989,5,219,218,437,0,0,0,219,218,437
BALLINA,1989,6,231,231,462,0,0,0,231,231,462
BALLINA,1989,7,258,258,516,0,0,0,258,258,516
BALLINA,1989,8,235,235,470,0,0,0,235,235,470
BALLINA,1989,9,236,236,472,0,0,0,236,236,472
BALLINA,1989,10,212,212,424,0,0,0,212,212,424
BALLINA,1989,11,206,206,412,0,0,0,206,206,412
BALLINA,1989,12,228,228,456,0,0,0,228,228,456
BALLINA,1990,1,235,235,470,0,0,0,235,235,470
BALLINA,1990,2,208,207,415,0,0,0,208,207,415
BALLINA,1990,3,239,239,478,0,0,0,239,239,478
BALLINA,1990,4,259,258,517,0,0,0,259,258,517
BALLINA,1990,5,253,253,506,0,0,0,253,253,506
BALLINA,1990,6,261,261,522,0,0,0,261,261,522
BALLINA,1990,7,160,160,320,0,0,0,160,160,320
BALLINA,1990,8,166,166,332,0,0,0,166,166,332
BALLINA,1990,9,193,194,387,0,0,0,193,194,387
BALLINA,1990,10,196,196,392,0,0,0,196,196,392
BALLINA,1990,11,184,185,369,0,0,0,184,185,369
BALLINA,1990,12,184,184,368,0,0,0,184,184,368
BALLINA,1991,1,294,294,588,0,0,0,294,294,588
BALLINA,1991,2,243,243,486,0,0,0,243,243,486
BALLINA,1991,3,296,292,588,0,0,0,296,292,588
BALLINA,1991,4,296,296,592,0,0,0,296,296,592
BALLINA,1991,5,332,332,664,0,0,0,332,332,664
BALLINA,1991,6,355,342,697,0,0,0,355,342,697
BALLINA,1991,7,364,362,726,0,0,0,364,362,726
BALLINA,1991,8,331,331,662,0,0,0,331,331,662
BALLINA,1991,9,338,330,668,0,0,0,338,330,668
BALLINA,1991,10,355,354,709,0,0,0,355,354,709
BALLINA,1991,11,344,345,689,0,0,0,344,345,689
BALLINA,1991,12,119,106,225,0,0,0,119,106,225
BALLINA,1992,1,114,106,220,0,0,0,114,106,220
BALLINA,1992,2,102,102,204,0,0,0,102,102,204
BALLINA,1992,3,92,83,175,0,0,0,92,83,175
BALLINA,1992,4,110,109,219,0,0,0,110,109,219
BALLINA,1992,5,179,177,356,0,0,0,179,177,356
BALLINA,1992,6,176,175,351,0,0,0,176,175,351
BALLINA,1992,7,180,180,360,0,0,0,180,180,360
BALLINA,1992,8,176,177,353,0,0,0,176,177,353
BALLINA,1992,9,178,178,356,0,0,0,178,178,356
BALLINA,1992,10,179,179,358,0,0,0,179,179,358
BALLINA,1992,11,176,176,352,0,0,0,176,176,352
BALLINA,1992,12,192,193,385,0,0,0,192,193,385
BALLINA,1993,1,76,77,153,0,0,0,76,77,153
BALLINA,1993,2,65,65,130,0,0,0,65,65,130
BALLINA,1993,3,72,72,144,0,0,0,72,72,144
BALLINA,1993,4,67,67,134,0,0,0,67,67,134
BALLINA,1993,5,75,70,145,0,0,0,75,70,145
BALLINA,1993,6,68,68,136,0,0,0,68,68,136
BALLINA,1993,7,70,70,140,0,0,0,70,70,140
BALLINA,1993,8,71,71,142,0,0,0,71,71,142
BALLINA,1993,9,69,69,138,0,0,0,69,69,138
BALLINA,1993,10,70,70,140,0,0,0,70,70,140
BALLINA,1993,11,69,69,138,0,0,0,69,69,138
BALLINA,1993,12,78,78,156,0,0,0,78,78,156
BALLINA,1994,1,81,81,162,0,0,0,81,81,162
BALLINA,1994,2,64,64,128,0,0,0,64,64,128
BALLINA,1994,3,77,77,154,0,0,0,77,77,154
BALLINA,1994,4,73,73,146,0,0,0,73,73,146
BALLINA,1994,5,77,77,154,0,0,0,77,77,154
BALLINA,1994,6,72,72,144,0,0,0,72,72,144
BALLINA,1994,7,76,76,152,0,0,0,76,76,152
BALLINA,1994,8,76,76,152,0,0,0,76,76,152
BALLINA,1994,9,73,73,146,0,0,0,73,73,146
BALLINA,1994,10,78,78,156,0,0,0,78,78,156
BALLINA,1994,11,73,74,147,0,0,0,73,74,147
BALLINA,1994,12,80,80,160,0,0,0,80,80,160
BALLINA,1995,1,85,85,170,0,0,0,85,85,170
BALLINA,1995,2,77,76,153,0,0,0,77,76,153
BALLINA,1995,3,100,101,201,0,0,0,100,101,201
BALLINA,1995,4,106,106,212,0,0,0,106,106,212
BALLINA,1995,5,104,104,208,0,0,0,104,104,208
BALLINA,1995,6,104,104,208,0,0,0,104,104,208
BALLINA,1995,7,106,106,212,0,0,0,106,106,212
BALLINA,1995,8,111,110,221,0,0,0,111,110,221
BALLINA,1995,9,105,105,210,0,0,0,105,105,210
BALLINA,1995,10,98,98,196,0,0,0,98,98,196
BALLINA,1995,11,102,101,203,0,0,0,102,101,203
BALLINA,1995,12,101,101,202,0,0,0,101,101,202
BALLINA,1996,1,110,110,220,0,0,0,110,110,220
BALLINA,1996,2,104,104,208,0,0,0,104,104,208
BALLINA,1996,3,107,107,214,0,0,0,107,107,214
BALLINA,1996,4,84,84,168,0,0,0,84,84,168
BALLINA,1996,5,84,84,168,0,0,0,84,84,168
BALLINA,1996,6,78,78,156,0,0,0,78,78,156
BALLINA,1996,7,85,85,170,0,0,0,85,85,170
BALLINA,1996,8,82,82,164,0,0,0,82,82,164
BALLINA,1996,9,109,108,217,0,0,0,109,108,217
BALLINA,1996,10,115,115,230,0,0,0,115,115,230
BALLINA,1996,11,105,106,211,0,0,0,105,106,211
BALLINA,1996,12,112,111,223,0,0,0,112,111,223
BALLINA,1997,1,113,112,225,0,0,0,113,112,225
BALLINA,1997,2,100,100,200,0,0,0,100,100,200
BALLINA,1997,3,107,107,214,0,0,0,107,107,214
BALLINA,1997,4,107,107,214,0,0,0,107,107,214
BALLINA,1997,5,109,110,219,0,0,0,109,110,219
BALLINA,1997,6,108,106,214,0,0,0,108,106,214
BALLINA,1997,7,111,111,222,0,0,0,111,111,222
BALLINA,1997,8,109,109,218,0,0,0,109,109,218
BALLINA,1997,9,108,108,216,0,0,0,108,108,216
BALLINA,1997,10,113,113,226,0,0,0,113,113,226
BALLINA,1997,11,105,105,210,0,0,0,105,105,210
BALLINA,1997,12,112,112,224,0,0,0,112,112,224
BALLINA,1998,1,109,110,219,0,0,0,109,110,219
BALLINA,1998,2,100,100,200,0,0,0,100,100,200
BALLINA,1998,3,112,111,223,0,0,0,112,111,223
BALLINA,1998,4,107,107,214,0,0,0,107,107,214
BALLINA,1998,5,108,108,216,0,0,0,108,108,216
BALLINA,1998,6,108,108,216,0,0,0,108,108,216
BALLINA,1998,7,112,112,224,0,0,0,112,112,224
BALLINA,1998,8,109,107,216,0,0,0,109,107,216
BALLINA,1998,9,108,108,216,0,0,0,108,108,216
BALLINA,1998,10,111,113,224,0,0,0,111,113,224
BALLINA,1998,11,115,114,229,0,0,0,115,114,229
BALLINA,1998,12,132,130,262,0,0,0,132,130,262
BALLINA,1999,1,135,135,270,0,0,0,135,135,270
BALLINA,1999,2,130,130,260,0,0,0,130,130,260
BALLINA,1999,3,144,144,288,0,0,0,144,144,288
BALLINA,1999,4,138,138,276,0,0,0,138,138,276
BALLINA,1999,5,143,144,287,0,0,0,143,144,287
BALLINA,1999,6,139,139,278,0,0,0,139,139,278
BALLINA,1999,7,135,135,270,0,0,0,135,135,270
BALLINA,1999,8,141,140,281,0,0,0,141,140,281
BALLINA,1999,9,132,132,264,0,0,0,132,132,264
BALLINA,1999,10,137,137,274,0,0,0,137,137,274
BALLINA,1999,11,133,133,266,0,0,0,133,133,266
BALLINA,1999,12,136,136,272,0,0,0,136,136,272
BALLINA,2000,1,137,137,274,0,0,0,137,137,274
BALLINA,2000,2,130,130,260,0,0,0,130,130,260
BALLINA,2000,3,148,148,296,0,0,0,148,148,296
BALLINA,2000,4,189,189,378,0,0,0,189,189,378
BALLINA,2000,5,242,240,482,0,0,0,242,240,482
BALLINA,2000,6,270,270,540,0,0,0,270,270,540
BALLINA,2000,7,278,278,556,0,0,0,278,278,556
BALLINA,2000,8,280,280,560,0,0,0,280,280,560
BALLINA,2000,9,268,268,536,0,0,0,268,268,536
BALLINA,2000,10,281,281,562,0,0,0,281,281,562
BALLINA,2000,11,202,202,404,0,0,0,202,202,404
BALLINA,2000,12,211,210,421,0,0,0,211,210,421
BALLINA,2001,1,213,213,426,0,0,0,213,213,426
BALLINA,2001,2,191,189,380,0,0,0,191,189,380
BALLINA,2001,3,186,185,371,0,0,0,186,185,371
BALLINA,2001,4,180,179,359,0,0,0,180,179,359
BALLINA,2001,5,191,191,382,0,0,0,191,191,382
BALLINA,2001,6,182,181,363,0,0,0,182,181,363
BALLINA,2001,7,260,252,512,0,0,0,260,252,512
BALLINA,2001,8,289,303,592,0,0,0,289,303,592
BALLINA,2001,9,206,205,411,0,0,0,206,205,411
BALLINA,2001,10,220,220,440,0,0,0,220,220,440
BALLINA,2001,11,229,231,460,0,0,0,229,231,460
BALLINA,2001,12,230,232,462,0,0,0,230,232,462
BALLINA,2002,1,224,224,448,0,0,0,224,224,448
BALLINA,2002,2,221,219,440,0,0,0,221,219,440
BALLINA,2002,3,246,251,497,0,0,0,246,251,497
BALLINA,2002,4,251,244,495,0,0,0,251,244,495
BALLINA,2002,5,249,247,496,0,0,0,249,247,496
BALLINA,2002,6,232,230,462,0,0,0,232,230,462
BALLINA,2002,7,245,244,489,0,0,0,245,244,489
BALLINA,2002,8,225,224,449,0,0,0,225,224,449
BALLINA,2002,9,296,294,590,0,0,0,296,294,590
BALLINA,2002,10,306,305,611,0,0,0,306,305,611
BALLINA,2002,11,267,267,534,0,0,0,267,267,534
BALLINA,2002,12,266,267,533,0,0,0,266,267,533
BALLINA,2003,1,274,277,551,0,0,0,274,277,551
BALLINA,2003,2,245,249,494,0,0,0,245,249,494
BALLINA,2003,3,270,273,543,0,0,0,270,273,543
BALLINA,2003,4,263,264,527,0,0,0,263,264,527
BALLINA,2003,5,269,269,538,0,0,0,269,269,538
BALLINA,2003,6,254,253,507,0,0,0,254,253,507
BALLINA,2003,7,260,260,520,0,0,0,260,260,520
BALLINA,2003,8,204,203,407,0,0,0,204,203,407
BALLINA,2003,9,180,188,368,0,0,0,180,188,368
BALLINA,2003,10,185,192,377,0,0,0,185,192,377
BALLINA,2003,11,174,184,358,0,0,0,174,184,358
BALLINA,2003,12,191,202,393,0,0,0,191,202,393
BALLINA,2004,1,200,209,409,0,0,0,200,209,409
BALLINA,2004,2,152,158,310,0,0,0,152,158,310
BALLINA,2004,3,167,169,336,0,0,0,167,169,336
BALLINA,2004,4,157,160,317,0,0,0,157,160,317
BALLINA,2004,5,165,170,335,0,0,0,165,170,335
BALLINA,2004,6,165,169,334,0,0,0,165,169,334
BALLINA,2004,7,184,189,373,0,0,0,184,189,373
BALLINA,2004,8,209,213,422,0,0,0,209,213,422
BALLINA,2004,9,202,207,409,0,0,0,202,207,409
BALLINA,2004,10,202,206,408,0,0,0,202,206,408
BALLINA,2004,11,203,205,408,0,0,0,203,205,408
BALLINA,2004,12,216,218,434,0,0,0,216,218,434
BALLINA,2005,1,211,210,421,0,0,0,211,210,421
BALLINA,2005,2,193,193,386,0,0,0,193,193,386
BALLINA,2005,3,215,217,432,0,0,0,215,217,432
BALLINA,2005,4,206,207,413,0,0,0,206,207,413
BALLINA,2005,5,211,212,423,0,0,0,211,212,423
BALLINA,2005,6,210,210,420,0,0,0,210,210,420
BALLINA,2005,7,191,189,380,0,0,0,191,189,380
BALLINA,2005,8,169,169,338,0,0,0,169,169,338
BALLINA,2005,9,164,164,328,0,0,0,164,164,328
BALLINA,2005,10,166,167,333,0,0,0,166,167,333
BALLINA,2005,11,162,162,324,0,0,0,162,162,324
BALLINA,2005,12,187,189,376,0,0,0,187,189,376
BALLINA,2006,1,184,185,369,0,0,0,184,185,369
BALLINA,2006,2,152,152,304,0,0,0,152,152,304
BALLINA,2006,3,170,171,341,0,0,0,170,171,341
BALLINA,2006,4,189,190,379,0,0,0,189,190,379
BALLINA,2006,5,182,182,364,0,0,0,182,182,364
BALLINA,2006,6,177,179,356,0,0,0,177,179,356
BALLINA,2006,7,194,194,388,0,0,0,194,194,388
BALLINA,2006,8,192,193,385,0,0,0,192,193,385
BALLINA,2006,9,186,187,373,0,0,0,186,187,373
BALLINA,2006,10,192,192,384,0,0,0,192,192,384
BALLINA,2006,11,177,177,354,0,0,0,177,177,354
BALLINA,2006,12,201,202,403,0,0,0,201,202,403
BALLINA,2007,1,198,198,396,0,0,0,198,198,396
BALLINA,2007,2,165,165,330,0,0,0,165,165,330
BALLINA,2007,3,182,182,364,0,0,0,182,182,364
BALLINA,2007,4,181,182,363,0,0,0,181,182,363
BALLINA,2007,5,183,183,366,0,0,0,183,183,366
BALLINA,2007,6,179,178,357,0,0,0,179,178,357
BALLINA,2007,7,178,179,357,0,0,0,178,179,357
BALLINA,2007,8,177,178,355,0,0,0,177,178,355
BALLINA,2007,9,171,171,342,0,0,0,171,171,342
BALLINA,2007,10,174,175,349,0,0,0,174,175,349
BALLINA,2007,11,174,176,350,0,0,0,174,176,350
BALLINA,2007,12,198,197,395,0,0,0,198,197,395
BALLINA,2008,1,195,194,389,0,0,0,195,194,389
BALLINA,2008,2,167,167,334,0,0,0,167,167,334
BALLINA,2008,3,180,180,360,0,0,0,180,180,360
BALLINA,2008,4,170,171,341,0,0,0,170,171,341
BALLINA,2008,5,176,177,353,0,0,0,176,177,353
BALLINA,2008,6,153,152,305,0,0,0,153,152,305
BALLINA,2008,7,162,162,324,0,0,0,162,162,324
BALLINA,2008,8,161,160,321,0,0,0,161,160,321
BALLINA,2008,9,159,157,316,0,0,0,159,157,316
BALLINA,2008,10,173,173,346,0,0,0,173,173,346
BALLINA,2008,11,166,168,334,0,0,0,166,168,334
BALLINA,2008,12,186,184,370,0,0,0,186,184,370
BALLINA,2009,1,177,178,355,0,0,0,177,178,355
BALLINA,2009,2,153,153,306,0,0,0,153,153,306
BALLINA,2009,3,167,167,334,0,0,0,167,167,334
BALLINA,2009,4,169,169,338,0,0,0,169,169,338
BALLINA,2009,5,166,166,332,0,0,0,166,166,332
BALLINA,2009,6,163,163,326,0,0,0,163,163,326
BALLINA,2009,7,177,177,354,0,0,0,177,177,354
BALLINA,2009,8,145,145,290,0,0,0,145,145,290
BALLINA,2009,9,141,140,281,0,0,0,141,140,281
BALLINA,2009,10,166,169,335,0,0,0,166,169,335
BALLINA,2009,11,160,159,319,0,0,0,160,159,319
BALLINA,2009,12,169,173,342,0,0,0,169,173,342
BALLINA,2010,1,165,164,329,0,0,0,165,164,329
BALLINA,2010,2,139,139,278,0,0,0,139,139,278
BALLINA,2010,3,154,154,308,0,0,0,154,154,308
BALLINA,2010,4,151,151,302,0,0,0,151,151,302
BALLINA,2010,5,141,140,281,0,0,0,141,140,281
BALLINA,2010,6,140,141,281,0,0,0,140,141,281
BALLINA,2010,7,146,146,292,0,0,0,146,146,292
BALLINA,2010,8,152,151,303,0,0,0,152,151,303
BALLINA,2010,9,164,164,328,0,0,0,164,164,328
BALLINA,2010,10,168,169,337,0,0,0,168,169,337
BALLINA,2010,11,150,150,300,0,0,0,150,150,300
BALLINA,2010,12,191,190,381,0,0,0,191,190,381
BALLINA,2011,1,171,170,341,0,0,0,171,170,341
BALLINA,2011,2,142,141,283,0,0,0,142,141,283
BALLINA,2011,3,159,159,318,0,0,0,159,159,318
BALLINA,2011,4,158,159,317,0,0,0,158,159,317
BALLINA,2011,5,152,152,304,0,0,0,152,152,304
BALLINA,2011,6,140,140,280,0,0,0,140,140,280
BALLINA,2011,7,156,156,312,0,0,0,156,156,312
BALLINA,2011,8,156,155,311,0,0,0,156,155,311
BALLINA,2011,9,159,159,318,0,0,0,159,159,318
BALLINA,2011,10,160,158,318,0,0,0,160,158,318
BALLINA,2011,11,162,155,317,0,0,0,162,155,317
BALLINA,2011,12,171,170,341,0,0,0,171,170,341
BALLINA,2012,1,187,187,374,0,0,0,187,187,374
BALLINA,2012,2,154,149,303,0,0,0,154,149,303
BALLINA,2012,3,162,161,323,0,0,0,162,161,323
BALLINA,2012,4,181,178,359,0,0,0,181,178,359
BALLINA,2012,5,174,170,344,0,0,0,174,170,344
BALLINA,2012,6,157,154,311,0,0,0,157,154,311
BALLINA,2012,7,201,194,395,0,0,0,201,194,395
BALLINA,2012,8,191,185,376,0,0,0,191,185,376
BALLINA,2012,9,181,175,356,0,0,0,181,175,356
BALLINA,2012,10,193,189,382,0,0,0,193,189,382
BALLINA,2012,11,171,168,339,0,0,0,171,168,339
BALLINA,2012,12,189,187,376,0,0,0,189,187,376
BALLINA,2013,1,200,196,396,0,0,0,200,196,396
BALLINA,2013,2,144,140,284,0,0,0,144,140,284
BALLINA,2013,3,179,173,352,0,0,0,179,173,352
BALLINA,2013,4,210,206,416,0,0,0,210,206,416
BALLINA,2013,5,192,183,375,0,0,0,192,183,375
BALLINA,2013,6,185,183,368,0,0,0,185,183,368
BALLINA,2013,7,200,197,397,0,0,0,200,197,397
BALLINA,2013,8,179,178,357,0,0,0,179,178,357
BALLINA,2013,9,202,199,401,0,0,0,202,199,401
BALLINA,2013,10,207,202,409,0,0,0,207,202,409
BALLINA,2013,11,180,178,358,0,0,0,180,178,358
BALLINA,2013,12,212,210,422,0,0,0,212,210,422
BALLINA,2014,1,207,207,414,0,0,0,207,207,414
BALLINA,2014,2,163,162,325,0,0,0,163,162,325
BALLINA,2014,3,185,184,369,0,0,0,185,184,369
BALLINA,2014,4,193,192,385,0,0,0,193,192,385
BALLINA,2014,5,158,158,316,0,0,0,158,158,316
BALLINA,2014,6,166,164,330,0,0,0,166,164,330
BALLINA,2014,7,194,193,387,0,0,0,194,193,387
BALLINA,2014,8,173,171,344,0,0,0,173,171,344
BALLINA,2014,9,196,196,392,0,0,0,196,196,392
BALLINA,2014,10,195,194,389,0,0,0,195,194,389
BALLINA,2014,11,175,175,350,0,0,0,175,175,350
BALLINA,2014,12,188,189,377,0,0,0,188,189,377
BALLINA,2015,1,194,193,387,0,0,0,194,193,387
BALLINA,2015,2,149,149,298,0,0,0,149,149,298
BALLINA,2015,3,176,175,351,0,0,0,176,175,351
BALLINA,2015,4,188,186,374,0,0,0,188,186,374
BALLINA,2015,5,168,168,336,0,0,0,168,168,336
BALLINA,2015,6,169,170,339,0,0,0,169,170,339
BALLINA,2015,7,190,190,380,0,0,0,190,190,380
BALLINA,2015,8,176,176,352,0,0,0,176,176,352
BALLINA,2015,9,200,199,399,0,0,0,200,199,399
BALLINA,2015,10,191,192,383,0,0,0,191,192,383
BALLINA,2015,11,146,145,291,0,0,0,146,145,291
BALLINA,2015,12,177,176,353,0,0,0,177,176,353
BALLINA,2016,1,187,184,371,0,0,0,187,184,371
BALLINA,2016,2,170,170,340,0,0,0,170,170,340
BALLINA,2016,3,197,197,394,0,0,0,197,197,394
BALLINA,2016,4,180,181,361,0,0,0,180,181,361
BALLINA,2016,5,169,168,337,0,0,0,169,168,337
BALLINA,2016,6,174,174,348,0,0,0,174,174,348
BALLINA,2016,7,198,198,396,0,0,0,198,198,396
BALLINA,2016,8,179,178,357,0,0,0,179,178,357
BALLINA,2016,9,195,195,390,0,0,0,195,195,390
BALLINA,2016,10,201,201,402,0,0,0,201,201,402
BALLINA,2016,11,177,177,354,0,0,0,177,177,354
BALLINA,2016,12,222,223,445,0,0,0,222,223,445
BALLINA,2017,1,225,224,449,0,0,0,225,224,449
BALLINA,2017,2,168,168,336,0,0,0,168,168,336
BALLINA,2017,3,191,189,380,0,0,0,191,189,380
BALLINA,2017,4,215,214,429,0,0,0,215,214,429
BALLINA,2017,5,172,171,343,0,0,0,172,171,343
BALLINA,2017,6,170,171,341,0,0,0,170,171,341
BALLINA,2017,7,196,194,390,0,0,0,196,194,390
BALLINA,2017,8,173,172,345,0,0,0,173,172,345
BALLINA,2017,9,194,195,389,0,0,0,194,195,389
BALLINA,2017,10,212,210,422,0,0,0,212,210,422
BALLINA,2017,11,181,181,362,0,0,0,181,181,362
BALLINA,2017,12,209,210,419,0,0,0,209,210,419
BALLINA,2018,1,210,209,419,0,0,0,210,209,419
BALLINA,2018,2,178,176,354,0,0,0,178,176,354
BALLINA,2018,3,194,194,388,0,0,0,194,194,388
BALLINA,2018,4,199,197,396,0,0,0,199,197,396
BALLINA,2018,5,172,172,344,0,0,0,172,172,344
BALLINA,2018,6,168,167,335,0,0,0,168,167,335
BALLINA,2018,7,206,205,411,0,0,0,206,205,411
BALLINA,2018,8,188,187,375,0,0,0,188,187,375
BALLINA,2018,9,187,187,374,0,0,0,187,187,374
BALLINA,2018,10,211,209,420,0,0,0,211,209,420
BALLINA,2018,11,178,178,356,0,0,0,178,178,356
BALLINA,2018,12,207,207,414,0,0,0,207,207,414
BALLINA,2019,1,207,205,412,0,0,0,207,205,412
BALLINA,2019,2,166,162,328,0,0,0,166,162,328
BALLINA,2019,3,187,187,374,0,0,0,187,187,374
BALLINA,2019,4,206,206,412,0,0,0,206,206,412
BALLINA,2019,5,172,172,344,0,0,0,172,172,344
BALLINA,2019,6,167,166,333,0,0,0,167,166,333
BALLINA,2019,7,199,198,397,0,0,0,199,198,397
BALLINA,2019,8,174,175,349,0,0,0,174,175,349
BALLINA,2019,9,189,184,373,0,0,0,189,184,373
BALLINA,2019,10,196,196,392,0,0,0,196,196,392
BALLINA,2019,11,183,184,367,0,0,0,183,184,367
BALLINA,2019,12,204,202,406,0,0,0,204,202,406
BALLINA,2020,1,209,207,416,0,0,0,209,207,416
BALLINA,2020,2,175,171,346,0,0,0,175,171,346
BALLINA,2020,3,152,153,305,0,0,0,152,153,305
BALLINA,2020,4,12,11,23,0,0,0,12,11,23
BALLINA,2020,5,24,25,49,0,0,0,24,25,49
BALLINA,2020,6,53,53,106,0,0,0,53,53,106
BALLINA,2020,7,169,169,338,0,0,0,169,169,338
BALLINA,2020,8,158,158,316,0,0,0,158,158,316
BALLINA,2020,9,187,187,374,0,0,0,187,187,374
BALLINA,2020,10,261,261,522,0,0,0,261,261,522
BALLINA,2020,11,276,275,551,0,0,0,276,275,551
BALLINA,2020,12,353,350,703,0,0,0,353,350,703
BALLINA,2021,1,307,307,614,0,0,0,307,307,614
BALLINA,2021,2,251,251,502,0,0,0,251,251,502
BALLINA,2021,3,314,309,623,0,0,0,314,309,623
BALLINA,2021,4,361,360,721,0,0,0,361,360,721
BALLINA,2021,5,302,302,604,0,0,0,302,302,604
BALLINA,2021,6,273,275,548,0,0,0,273,275,548
BALLINA,2021,7,125,125,250,0,0,0,125,125,250
BALLINA,2021,8,64,64,128,0,0,0,64,64,128
BALLINA,2021,9,51,51,102,0,0,0,51,51,102
BALLINA,2021,10,73,72,145,0,0,0,73,72,145
BALLINA,2021,11,397,395,792,0,0,0,397,395,792
BALLINA,2021,12,501,500,1001,0,0,0,501,500,1001
BALLINA,2022,1,421,421,842,0,0,0,421,421,842
BALLINA,2022,2,236,237,473,0,0,0,236,237,473
BALLINA,2022,3,272,268,540,0,0,0,272,268,540
BALLINA,2022,4,358,356,714,0,0,0,358,356,714
BALLINA,2022,5,348,346,694,0,0,0,348,346,694
BALLINA,2022,6,296,295,591,0,0,0,296,295,591
BALLINA,2022,7,246,246,492,0,0,0,246,246,492
BALLINA,2022,8,238,238,476,0,0,0,238,238,476
BALLINA,2022,9,228,226,454,0,0,0,228,226,454
BALLINA,2022,10,237,237,474,0,0,0,237,237,474
BALLINA,2022,11,262,262,524,0,0,0,262,262,524
BALLINA,2022,12,279,278,557,0,0,0,279,278,557
BALLINA,2023,1,288,289,577,0,0,0,288,289,577
BALLINA,2023,2,234,230,464,0,0,0,234,230,464
BALLINA,2023,3,267,266,533,0,0,0,267,266,533
BALLINA,2023,4,251,250,501,0,0,0,251,250,501
BALLINA,2023,5,226,227,453,0,0,0,226,227,453
BALLINA,2023,6,238,235,473,0,0,0,238,235,473
BALLINA,2023,7,256,253,509,0,0,0,256,253,509
BALLINA,2023,8,252,251,503,0,0,0,252,251,503
BALLINA,2023,9,233,233,466,0,0,0,233,233,466
BALLINA,2023,10,221,219,440,0,0,0,221,219,440
BALLINA,2023,11,206,206,412,0,0,0,206,206,412
BALLINA,2023,12,225,225,450,0,0,0,225,225,450
BALLINA,2024,1,219,218,437,0,0,0,219,218,437
BALLINA,2024,2,195,194,389,0,0,0,195,194,389
BALLINA,2024,3,210,211,421,0,0,0,210,211,421
BALLINA,2024,4,212,209,421,0,0,0,212,209,421
BALLINA,2024,5,182,183,365,0,0,0,182,183,365
BALLINA,2024,6,177,176,353,0,0,0,177,176,353
BALLINA,2024,7,217,217,434,0,0,0,217,217,434
BALLINA,2024,8,201,201,402,0,0,0,201,201,402
BALLINA,2024,9,203,201,404,0,0,0,203,201,404
BALLINA,2024,10,213,212,425,0,0,0,213,212,425
BALLINA,2024,11,203,202,405,0,0,0,203,202,405
BALLINA,2024,12,209,209,418,0,0,0,209,209,418
BALLINA,2025,1,207,207,414,0,0,0,207,207,414
BALLINA,2025,2,168,168,336,0,0,0,168,168,336
BALLINA,2025,3,159,157,316,0,0,0,159,157,316
BALLINA,2025,4,185,185,370,0,0,0,185,185,370
BALLINA,2025,5,151,153,304,0,0,0,151,153,304
BALLINA,2025,6,152,151,303,0,0,0,152,151,303
BRISBANE,1985,1,2071,2064,4135,183,183,366,2254,2247,4501
BRISBANE,1985,2,1812,1825,3637,158,158,316,1970,1983,3953
BRISBANE,1985,3,2077,2049,4126,186,189,375,2263,2238,4501
BRISBANE,1985,4,1953,1938,3891,173,171,344,2126,2109,4235
BRISBANE,1985,5,2177,2157,4334,183,184,367,2360,2341,4701
BRISBANE,1985,6,1905,1904,3809,176,174,350,2081,2078,4159
BRISBANE,1985,7,1890,1895,3785,180,178,358,2070,2073,4143
BRISBANE,1985,8,2060,2084,4144,192,192,384,2252,2276,4528
BRISBANE,1985,9,2038,2054,4092,177,176,353,2215,2230,4445
BRISBANE,1985,10,2079,2122,4201,176,176,352,2255,2298,4553
BRISBANE,1985,11,1879,1897,3776,191,192,383,2070,2089,4159
BRISBANE,1985,12,1946,1957,3903,215,217,432,2161,2174,4335
BRISBANE,1986,1,2007,2002,4009,222,220,442,2229,2222,4451
BRISBANE,1986,2,1617,1610,3227,199,200,399,1816,1810,3626
BRISBANE,1986,3,1868,1900,3768,228,229,457,2096,2129,4225
BRISBANE,1986,4,1866,1862,3728,230,225,455,2096,2087,4183
BRISBANE,1986,5,2049,2041,4090,258,255,513,2307,2296,4603
BRISBANE,1986,6,1877,1866,3743,235,231,466,2112,2097,4209
BRISBANE,1986,7,1992,1980,3972,239,235,474,2231,2215,4446
BRISBANE,1986,8,2109,2134,4243,238,236,474,2347,2370,4717
BRISBANE,1986,9,2075,2070,4145,242,239,481,2317,2309,4626
BRISBANE,1986,10,2230,2203,4433,251,240,491,2481,2443,4924
BRISBANE,1986,11,2037,2036,4073,242,242,484,2279,2278,4557
BRISBANE,1986,12,2143,2143,4286,250,246,496,2393,2389,4782
BRISBANE,1987,1,2086,2084,4170,269,269,538,2355,2353,4708
BRISBANE,1987,2,1853,1857,3710,224,220,444,2077,2077,4154
BRISBANE,1987,3,2009,2006,4015,255,255,510,2264,2261,4525
BRISBANE,1987,4,2151,2149,4300,259,264,523,2410,2413,4823
BRISBANE,1987,5,2028,2068,4096,283,279,562,2311,2347,4658
BRISBANE,1987,6,2251,2252,4503,260,263,523,2511,2515,5026
BRISBANE,1987,7,2502,2496,4998,279,286,565,2781,2782,5563
BRISBANE,1987,8,2423,2411,4834,285,293,578,2708,2704,5412
BRISBANE,1987,9,2305,2308,4613,268,267,535,2573,2575,5148
BRISBANE,1987,10,2456,2406,4862,286,289,575,2742,2695,5437
BRISBANE,1987,11,2354,2396,4750,274,273,547,2628,2669,5297
BRISBANE,1987,12,2458,2438,4896,302,303,605,2760,2741,5501
BRISBANE,1988,1,2460,2425,4885,317,323,640,2777,2748,5525
BRISBANE,1988,2,2193,2185,4378,282,287,569,2475,2472,4947
BRISBANE,1988,3,2404,2417,4821,283,281,564,2687,2698,5385
BRISBANE,1988,4,2392,2357,4749,352,356,708,2744,2713,5457
BRISBANE,1988,5,2495,2460,4955,387,383,770,2882,2843,5725
BRISBANE,1988,6,2611,2594,5205,386,371,757,2997,2965,5962
BRISBANE,1988,7,2828,2841,5669,417,419,836,3245,3260,6505
BRISBANE,1988,8,2672,2649,5321,390,389,779,3062,3038,6100
BRISBANE,1988,9,2817,2801,5618,372,366,738,3189,3167,6356
BRISBANE,1988,10,2809,2811,5620,356,361,717,3165,3172,6337
BRISBANE,1988,11,2519,2481,5000,323,327,650,2842,2808,5650
BRISBANE,1988,12,2482,2482,4964,392,390,782,2874,2872,5746
BRISBANE,1989,1,2377,2346,4723,393,395,788,2770,2741,5511
BRISBANE,1989,2,2185,2150,4335,328,333,661,2513,2483,4996
BRISBANE,1989,3,2609,2626,5235,346,343,689,2955,2969,5924
BRISBANE,1989,4,2480,2513,4993,399,399,798,2879,2912,5791
BRISBANE,1989,5,2459,2435,4894,386,386,772,2845,2821,5666
BRISBANE,1989,6,2481,2455,4936,361,362,723,2842,2817,5659
BRISBANE,1989,7,2652,2597,5249,394,394,788,3046,2991,6037
BRISBANE,1989,8,1893,1865,3758,382,392,774,2275,2257,4532
BRISBANE,1989,9,1172,1136,2308,378,385,763,1550,1521,3071
BRISBANE,1989,10,1402,1397,2799,391,397,788,1793,1794,3587
BRISBANE,1989,11,1634,1578,3212,389,391,780,2023,1969,3992
BRISBANE,1989,12,1857,1844,3701,425,421,846,2282,2265,4547
BRISBANE,1990,1,1976,1953,3929,429,426,855,2405,2379,4784
BRISBANE,1990,2,1874,1865,3739,386,384,770,2260,2249,4509
BRISBANE,1990,3,2294,2259,4553,422,419,841,2716,2678,5394
BRISBANE,1990,4,2391,2353,4744,437,436,873,2828,2789,5617
BRISBANE,1990,5,2591,2572,5163,443,445,888,3034,3017,6051
BRISBANE,1990,6,2485,2470,4955,429,426,855,2914,2896,5810
BRISBANE,1990,7,2565,2637,5202,432,432,864,2997,3069,6066
BRISBANE,1990,8,2474,2578,5052,437,436,873,2911,3014,5925
BRISBANE,1990,9,2526,2648,5174,445,442,887,2971,3090,6061
BRISBANE,1990,10,2637,2779,5416,462,464,926,3099,3243,6342
BRISBANE,1990,11,2596,2723,5319,469,471,940,3065,3194,6259
BRISBANE,1990,12,2440,2560,5000,499,500,999,2939,3060,5999
BRISBANE,1991,1,2840,2845,5685,498,496,994,3338,3341,6679
BRISBANE,1991,2,2532,2527,5059,438,436,874,2970,2963,5933
BRISBANE,1991,3,2901,2888,5789,488,481,969,3389,3369,6758
BRISBANE,1991,4,2955,2980,5935,454,457,911,3409,3437,6846
BRISBANE,1991,5,3092,3092,6184,472,466,938,3564,3558,7122
BRISBANE,1991,6,3113,3102,6215,491,485,976,3604,3587,7191
BRISBANE,1991,7,3396,3398,6794,499,500,999,3895,3898,7793
BRISBANE,1991,8,3374,3353,6727,500,498,998,3874,3851,7725
BRISBANE,1991,9,3425,3423,6848,486,487,973,3911,3910,7821
BRISBANE,1991,10,3537,3521,7058,503,502,1005,4040,4023,8063
BRISBANE,1991,11,3481,3441,6922,476,477,953,3957,3918,7875
BRISBANE,1991,12,3812,3710,7522,506,508,1014,4318,4218,8536
BRISBANE,1992,1,3583,3579,7162,512,513,1025,4095,4092,8187
BRISBANE,1992,2,3107,3082,6189,470,472,942,3577,3554,7131
BRISBANE,1992,3,3405,3344,6749,499,502,1001,3904,3846,7750
BRISBANE,1992,4,3445,3421,6866,488,487,975,3933,3908,7841
BRISBANE,1992,5,3458,3469,6927,502,499,1001,3960,3968,7928
BRISBANE,1992,6,3458,3457,6915,481,481,962,3939,3938,7877
BRISBANE,1992,7,3724,3716,7440,508,507,1015,4232,4223,8455
BRISBANE,1992,8,3566,3560,7126,503,502,1005,4069,4062,8131
BRISBANE,1992,9,3733,3719,7452,494,495,989,4227,4214,8441
BRISBANE,1992,10,3864,3860,7724,505,505,1010,4369,4365,8734
BRISBANE,1992,11,3740,3741,7481,510,508,1018,4250,4249,8499
BRISBANE,1992,12,3804,3797,7601,568,567,1135,4372,4364,8736
BRISBANE,1993,1,3763,3765,7528,558,561,1119,4321,4326,8647
BRISBANE,1993,2,3327,3329,6656,503,502,1005,3830,3831,7661
BRISBANE,1993,3,3535,3561,7096,544,542,1086,4079,4103,8182
BRISBANE,1993,4,3397,3427,6824,538,539,1077,3935,3966,7901
BRISBANE,1993,5,3550,3580,7130,577,571,1148,4127,4151,8278
BRISBANE,1993,6,3555,3551,7106,540,543,1083,4095,4094,8189
BRISBANE,1993,7,3762,3767,7529,572,571,1143,4334,4338,8672
BRISBANE,1993,8,3800,3808,7608,570,566,1136,4370,4374,8744
BRISBANE,1993,9,3839,3841,7680,556,557,1113,4395,4398,8793
BRISBANE,1993,10,3980,3976,7956,584,586,1170,4564,4562,9126
BRISBANE,1993,11,3725,3727,7452,574,571,1145,4299,4298,8597
BRISBANE,1993,12,3837,3836,7673,611,607,1218,4448,4443,8891
BRISBANE,1994,1,3715,3716,7431,628,628,1256,4343,4344,8687
BRISBANE,1994,2,3440,3433,6873,565,562,1127,4005,3995,8000
BRISBANE,1994,3,3935,3938,7873,587,588,1175,4522,4526,9048
BRISBANE,1994,4,3818,3832,7650,563,544,1107,4381,4376,8757
BRISBANE,1994,5,4012,4032,8044,582,556,1138,4594,4588,9182
BRISBANE,1994,6,4012,4040,8052,567,546,1113,4579,4586,9165
BRISBANE,1994,7,4214,4235,8449,595,570,1165,4809,4805,9614
BRISBANE,1994,8,4199,4226,8425,598,577,1175,4797,4803,9600
BRISBANE,1994,9,4197,4220,8417,621,605,1226,4818,4825,9643
BRISBANE,1994,10,4301,4326,8627,668,639,1307,4969,4965,9934
BRISBANE,1994,11,4117,4151,8268,674,641,1315,4791,4792,9583
BRISBANE,1994,12,4240,4254,8494,696,676,1372,4936,4930,9866
BRISBANE,1995,1,4144,4172,8316,732,704,1436,4876,4876,9752
BRISBANE,1995,2,3799,3814,7613,637,617,1254,4436,4431,8867
BRISBANE,1995,3,4218,4233,8451,695,678,1373,4913,4911,9824
BRISBANE,1995,4,4260,4278,8538,709,684,1393,4969,4962,9931
BRISBANE,1995,5,4419,4441,8860,719,696,1415,5138,5137,10275
BRISBANE,1995,6,4293,4315,8608,701,682,1383,4994,4997,9991
BRISBANE,1995,7,4555,4574,9129,729,703,1432,5284,5277,10561
BRISBANE,1995,8,4462,4489,8951,728,704,1432,5190,5193,10383
BRISBANE,1995,9,4406,4411,8817,701,679,1380,5107,5090,10197
BRISBANE,1995,10,4570,4592,9162,745,721,1466,5315,5313,10628
BRISBANE,1995,11,4426,4445,8871,707,685,1392,5133,5130,10263
BRISBANE,1995,12,4467,4487,8954,771,738,1509,5238,5225,10463
BRISBANE,1996,1,4578,4627,9205,762,729,1491,5340,5356,10696
BRISBANE,1996,2,4337,4360,8697,714,687,1401,5051,5047,10098
BRISBANE,1996,3,4629,4654,9283,752,712,1464,5381,5366,10747
BRISBANE,1996,4,4577,4587,9164,745,718,1463,5322,5305,10627
BRISBANE,1996,5,4619,4632,9251,754,729,1483,5373,5361,10734
BRISBANE,1996,6,4451,4481,8932,765,733,1498,5216,5214,10430
BRISBANE,1996,7,4756,4786,9542,819,777,1596,5575,5563,11138
BRISBANE,1996,8,4667,4695,9362,800,767,1567,5467,5462,10929
BRISBANE,1996,9,4583,4623,9206,772,736,1508,5355,5359,10714
BRISBANE,1996,10,4807,4837,9644,763,737,1500,5570,5574,11144
BRISBANE,1996,11,4501,4492,8993,752,748,1500,5253,5240,10493
BRISBANE,1996,12,4436,4436,8872,808,798,1606,5244,5234,10478
BRISBANE,1997,1,4284,4298,8582,807,803,1610,5091,5101,10192
BRISBANE,1997,2,3983,3974,7957,740,736,1476,4723,4710,9433
BRISBANE,1997,3,4400,4398,8798,788,778,1566,5188,5176,10364
BRISBANE,1997,4,4276,4295,8571,768,730,1498,5044,5025,10069
BRISBANE,1997,5,4245,4252,8497,803,767,1570,5048,5019,10067
BRISBANE,1997,6,4284,4334,8618,755,714,1469,5039,5048,10087
BRISBANE,1997,7,4732,4764,9496,819,782,1601,5551,5546,11097
BRISBANE,1997,8,4640,4675,9315,817,784,1601,5457,5459,10916
BRISBANE,1997,9,4549,4565,9114,782,750,1532,5331,5315,10646
BRISBANE,1997,10,4719,4743,9462,815,791,1606,5534,5534,11068
BRISBANE,1997,11,4427,4429,8856,819,817,1636,5246,5246,10492
BRISBANE,1997,12,4447,4425,8872,864,859,1723,5311,5284,10595
BRISBANE,1998,1,4304,4292,8596,858,862,1720,5162,5154,10316
BRISBANE,1998,2,3894,3883,7777,731,729,1460,4625,4612,9237
BRISBANE,1998,3,4411,4419,8830,769,758,1527,5180,5177,10357
BRISBANE,1998,4,4362,4402,8764,762,728,1490,5124,5130,10254
BRISBANE,1998,5,4402,4443,8845,792,752,1544,5194,5195,10389
BRISBANE,1998,6,4351,4385,8736,756,722,1478,5107,5107,10214
BRISBANE,1998,7,4653,4693,9346,784,743,1527,5437,5436,10873
BRISBANE,1998,8,4610,4633,9243,802,771,1573,5412,5404,10816
BRISBANE,1998,9,4577,4599,9176,784,746,1530,5361,5345,10706
BRISBANE,1998,10,4763,4784,9547,792,767,1559,5555,5551,11106
BRISBANE,1998,11,4675,4687,9362,727,728,1455,5402,5415,10817
BRISBANE,1998,12,4750,4721,9471,781,776,1557,5531,5497,11028
BRISBANE,1999,1,4592,4606,9198,813,805,1618,5405,5411,10816
BRISBANE,1999,2,4220,4222,8442,700,698,1398,4920,4920,9840
BRISBANE,1999,3,4747,4764,9511,758,744,1502,5505,5508,11013
BRISBANE,1999,4,4656,4693,9349,708,669,1377,5364,5362,10726
BRISBANE,1999,5,4693,4729,9422,733,697,1430,5426,5426,10852
BRISBANE,1999,6,4624,4651,9275,696,666,1362,5320,5317,10637
BRISBANE,1999,7,4889,4913,9802,741,707,1448,5630,5620,11250
BRISBANE,1999,8,4882,4922,9804,748,713,1461,5630,5635,11265
BRISBANE,1999,9,4841,4870,9711,718,684,1402,5559,5554,11113
BRISBANE,1999,10,5071,5100,10171,743,709,1452,5814,5809,11623
BRISBANE,1999,11,4769,4755,9524,684,684,1368,5453,5439,10892
BRISBANE,1999,12,4903,4895,9798,745,747,1492,5648,5642,11290
BRISBANE,2000,1,4708,4720,9428,770,770,1540,5478,5490,10968
BRISBANE,2000,2,4385,4386,8771,705,703,1408,5090,5089,10179
BRISBANE,2000,3,4876,4868,9744,729,721,1450,5605,5589,11194
BRISBANE,2000,4,4680,4705,9385,757,730,1487,5437,5435,10872
BRISBANE,2000,5,4926,4944,9870,759,723,1482,5685,5667,11352
BRISBANE,2000,6,4964,4978,9942,722,690,1412,5686,5668,11354
BRISBANE,2000,7,5063,5068,10131,779,749,1528,5842,5817,11659
BRISBANE,2000,8,5176,5197,10373,765,735,1500,5941,5932,11873
BRISBANE,2000,9,5427,5426,10853,734,707,1441,6161,6133,12294
BRISBANE,2000,10,5718,5750,11468,755,723,1478,6473,6473,12946
BRISBANE,2000,11,5552,5560,11112,693,689,1382,6245,6249,12494
BRISBANE,2000,12,5725,5720,11445,744,740,1484,6469,6460,12929
BRISBANE,2001,1,5745,5760,11505,742,742,1484,6487,6502,12989
BRISBANE,2001,2,5279,5268,10547,651,644,1295,5930,5912,11842
BRISBANE,2001,3,5955,5930,11885,729,726,1455,6684,6656,13340
BRISBANE,2001,4,5878,5879,11757,760,755,1515,6638,6634,13272
BRISBANE,2001,5,5922,5917,11839,750,742,1492,6672,6659,13331
BRISBANE,2001,6,5550,5549,11099,742,742,1484,6292,6291,12583
BRISBANE,2001,7,5516,5540,11056,781,767,1548,6297,6307,12604
BRISBANE,2001,8,5520,5538,11058,780,771,1551,6300,6309,12609
BRISBANE,2001,9,4305,4320,8625,749,734,1483,5054,5054,10108
BRISBANE,2001,10,4224,4240,8464,736,723,1459,4960,4963,9923
BRISBANE,2001,11,4557,4567,9124,630,630,1260,5187,5197,10384
BRISBANE,2001,12,4623,4631,9254,712,711,1423,5335,5342,10677
BRISBANE,2002,1,4524,4528,9052,701,702,1403,5225,5230,10455
BRISBANE,2002,2,4164,4172,8336,631,630,1261,4795,4802,9597
BRISBANE,2002,3,4243,4248,8491,675,680,1355,4918,4928,9846
BRISBANE,2002,4,4132,4135,8267,701,700,1401,4833,4835,9668
BRISBANE,2002,5,4249,4255,8504,731,730,1461,4980,4985,9965
BRISBANE,2002,6,4094,4088,8182,724,727,1451,4818,4815,9633
BRISBANE,2002,7,4318,4328,8646,793,795,1588,5111,5123,10234
BRISBANE,2002,8,4273,4274,8547,799,795,1594,5072,5069,10141
BRISBANE,2002,9,4262,4268,8530,746,747,1493,5008,5015,10023
BRISBANE,2002,10,4445,4441,8886,758,757,1515,5203,5198,10401
BRISBANE,2002,11,4214,4206,8420,726,728,1454,4940,4934,9874
BRISBANE,2002,12,4283,4290,8573,713,711,1424,4996,5001,9997
BRISBANE,2003,1,4169,4164,8333,725,724,1449,4894,4888,9782
BRISBANE,2003,2,3651,3661,7312,646,644,1290,4297,4305,8602
BRISBANE,2003,3,4058,4066,8124,686,686,1372,4744,4752,9496
BRISBANE,2003,4,4024,4021,8045,672,670,1342,4696,4691,9387
BRISBANE,2003,5,4043,4048,8091,669,667,1336,4712,4715,9427
BRISBANE,2003,6,3946,3954,7900,643,645,1288,4589,4599,9188
BRISBANE,2003,7,4111,4113,8224,693,698,1391,4804,4811,9615
BRISBANE,2003,8,4109,4107,8216,677,677,1354,4786,4784,9570
BRISBANE,2003,9,4193,4200,8393,665,661,1326,4858,4861,9719
BRISBANE,2003,10,4445,4448,8893,703,706,1409,5148,5154,10302
BRISBANE,2003,11,4379,4382,8761,761,764,1525,5140,5146,10286
BRISBANE,2003,12,4472,4470,8942,810,808,1618,5282,5278,10560
BRISBANE,2004,1,4498,4506,9004,847,848,1695,5345,5354,10699
BRISBANE,2004,2,4236,4253,8489,792,797,1589,5028,5050,10078
BRISBANE,2004,3,4530,4551,9081,829,828,1657,5359,5379,10738
BRISBANE,2004,4,4380,4398,8778,822,821,1643,5202,5219,10421
BRISBANE,2004,5,4625,4642,9267,840,841,1681,5465,5483,10948
BRISBANE,2004,6,4661,4658,9319,823,823,1646,5484,5481,10965
BRISBANE,2004,7,4889,4888,9777,924,923,1847,5813,5811,11624
BRISBANE,2004,8,4973,4977,9950,911,915,1826,5884,5892,11776
BRISBANE,2004,9,4871,4879,9750,903,902,1805,5774,5781,11555
BRISBANE,2004,10,4968,4974,9942,934,934,1868,5902,5908,11810
BRISBANE,2004,11,4798,4814,9612,926,925,1851,5724,5739,11463
BRISBANE,2004,12,5048,5038,10086,962,968,1930,6010,6006,12016
BRISBANE,2005,1,4843,4849,9692,971,976,1947,5814,5825,11639
BRISBANE,2005,2,4545,4554,9099,836,837,1673,5381,5391,10772
BRISBANE,2005,3,5006,5028,10034,912,912,1824,5918,5940,11858
BRISBANE,2005,4,4915,4922,9837,934,929,1863,5849,5851,11700
BRISBANE,2005,5,5070,5078,10148,964,964,1928,6034,6042,12076
BRISBANE,2005,6,4899,4897,9796,947,952,1899,5846,5849,11695
BRISBANE,2005,7,5119,5140,10259,1004,1004,2008,6123,6144,12267
BRISBANE,2005,8,5117,5131,10248,987,986,1973,6104,6117,12221
BRISBANE,2005,9,5040,5041,10081,961,958,1919,6001,5999,12000
BRISBANE,2005,10,5138,5138,10276,972,975,1947,6110,6113,12223
BRISBANE,2005,11,4916,4918,9834,886,885,1771,5802,5803,11605
BRISBANE,2005,12,4978,4957,9935,923,922,1845,5901,5879,11780
BRISBANE,2006,1,4825,4830,9655,947,946,1893,5772,5776,11548
BRISBANE,2006,2,4526,4523,9049,835,834,1669,5361,5357,10718
BRISBANE,2006,3,5079,5083,10162,884,886,1770,5963,5969,11932
BRISBANE,2006,4,4885,4886,9771,927,924,1851,5812,5810,11622
BRISBANE,2006,5,5165,5147,10312,916,916,1832,6081,6063,12144
BRISBANE,2006,6,4931,4936,9867,931,927,1858,5862,5863,11725
BRISBANE,2006,7,5154,5147,10301,1056,1050,2106,6210,6197,12407
BRISBANE,2006,8,5178,5172,10350,1034,1036,2070,6212,6208,12420
BRISBANE,2006,9,5020,5031,10051,1012,1009,2021,6032,6040,12072
BRISBANE,2006,10,5199,5183,10382,1003,1005,2008,6202,6188,12390
BRISBANE,2006,11,5045,5040,10085,946,949,1895,5991,5989,11980
BRISBANE,2006,12,5020,5012,10032,997,995,1992,6017,6007,12024
BRISBANE,2007,1,4953,4942,9895,989,991,1980,5942,5933,11875
BRISBANE,2007,2,4604,4599,9203,863,862,1725,5467,5461,10928
BRISBANE,2007,3,5146,5142,10288,988,985,1973,6134,6127,12261
BRISBANE,2007,4,4914,4951,9865,992,992,1984,5906,5943,11849
BRISBANE,2007,5,5134,5130,10264,1001,1005,2006,6135,6135,12270
BRISBANE,2007,6,4955,4951,9906,992,985,1977,5947,5936,11883
BRISBANE,2007,7,5198,5206,10404,1041,1038,2079,6239,6244,12483
BRISBANE,2007,8,5280,5280,10560,1030,1027,2057,6310,6307,12617
BRISBANE,2007,9,5014,5019,10033,1004,1004,2008,6018,6023,12041
BRISBANE,2007,10,5424,5423,10847,1020,1022,2042,6444,6445,12889
BRISBANE,2007,11,5374,5366,10740,941,941,1882,6315,6307,12622
BRISBANE,2007,12,5493,5489,10982,1067,1065,2132,6560,6554,13114
BRISBANE,2008,1,5423,5400,10823,1077,1075,2152,6500,6475,12975
BRISBANE,2008,2,4924,4924,9848,993,993,1986,5917,5917,11834
BRISBANE,2008,3,5222,5203,10425,1034,1034,2068,6256,6237,12493
BRISBANE,2008,4,5147,5142,10289,1046,1044,2090,6193,6186,12379
BRISBANE,2008,5,5382,5392,10774,1087,1087,2174,6469,6479,12948
BRISBANE,2008,6,5179,5178,10357,1069,1074,2143,6248,6252,12500
BRISBANE,2008,7,5553,5566,11119,1174,1172,2346,6727,6738,13465
BRISBANE,2008,8,5631,5646,11277,1149,1149,2298,6780,6795,13575
BRISBANE,2008,9,5566,5563,11129,1087,1086,2173,6653,6649,13302
BRISBANE,2008,10,5902,5910,11812,1066,1069,2135,6968,6979,13947
BRISBANE,2008,11,5621,5616,11237,1036,1038,2074,6657,6654,13311
BRISBANE,2008,12,5707,5694,11401,1151,1144,2295,6858,6838,13696
BRISBANE,2009,1,5424,5440,10864,1167,1163,2330,6591,6603,13194
BRISBANE,2009,2,4959,4946,9905,1022,1020,2042,5981,5966,11947
BRISBANE,2009,3,5484,5476,10960,1089,1087,2176,6573,6563,13136
BRISBANE,2009,4,5312,5300,10612,1099,1096,2195,6411,6396,12807
BRISBANE,2009,5,5286,5281,10567,1091,1091,2182,6377,6372,12749
BRISBANE,2009,6,5207,5202,10409,1068,1069,2137,6275,6271,12546
BRISBANE,2009,7,5514,5509,11023,1153,1152,2305,6667,6661,13328
BRISBANE,2009,8,5380,5358,10738,1160,1157,2317,6540,6515,13055
BRISBANE,2009,9,5410,5393,10803,1099,1099,2198,6509,6492,13001
BRISBANE,2009,10,5613,5606,11219,1114,1113,2227,6727,6719,13446
BRISBANE,2009,11,5250,5261,10511,1051,1049,2100,6301,6310,12611
BRISBANE,2009,12,5438,5427,10865,1117,1115,2232,6555,6542,13097
BRISBANE,2010,1,5288,5311,10599,1149,1150,2299,6437,6461,12898
BRISBANE,2010,2,4921,4934,9855,1019,1015,2034,5940,5949,11889
BRISBANE,2010,3,5528,5532,11060,1112,1110,2222,6640,6642,13282
BRISBANE,2010,4,5755,5758,11513,1116,1115,2231,6871,6873,13744
BRISBANE,2010,5,5807,5801,11608,1129,1131,2260,6936,6932,13868
BRISBANE,2010,6,5661,5673,11334,1098,1105,2203,6759,6778,13537
BRISBANE,2010,7,6051,6066,12117,1217,1222,2439,7268,7288,14556
BRISBANE,2010,8,5945,5958,11903,1181,1181,2362,7126,7139,14265
BRISBANE,2010,9,5866,5887,11753,1141,1140,2281,7007,7027,14034
BRISBANE,2010,10,6084,6092,12176,1109,1111,2220,7193,7203,14396
BRISBANE,2010,11,5939,5957,11896,1072,1068,2140,7011,7025,14036
BRISBANE,2010,12,6049,6032,12081,1148,1162,2310,7197,7194,14391
BRISBANE,2011,1,5515,5532,11047,1188,1192,2380,6703,6724,13427
BRISBANE,2011,2,5261,5268,10529,1040,1039,2079,6301,6307,12608
BRISBANE,2011,3,6031,6041,12072,1132,1127,2259,7163,7168,14331
BRISBANE,2011,4,5940,5940,11880,1120,1123,2243,7060,7063,14123
BRISBANE,2011,5,6073,6075,12148,1151,1150,2301,7224,7225,14449
BRISBANE,2011,6,5794,5794,11588,1071,1068,2139,6865,6862,13727
BRISBANE,2011,7,6356,6236,12592,1210,1210,2420,7566,7446,15012
BRISBANE,2011,8,6388,6264,12652,1196,1204,2400,7584,7468,15052
BRISBANE,2011,9,6101,6109,12210,1154,1153,2307,7255,7262,14517
BRISBANE,2011,10,6234,6293,12527,1191,1190,2381,7425,7483,14908
BRISBANE,2011,11,6277,6269,12546,1094,1090,2184,7371,7359,14730
BRISBANE,2011,12,6411,6417,12828,1162,1154,2316,7573,7571,15144
BRISBANE,2012,1,6252,6284,12536,1166,1163,2329,7418,7447,14865
BRISBANE,2012,2,6107,6128,12235,1021,1020,2041,7128,7148,14276
BRISBANE,2012,3,6580,6600,13180,1067,1068,2135,7647,7668,15315
BRISBANE,2012,4,6324,6345,12669,1098,1106,2204,7422,7451,14873
BRISBANE,2012,5,6423,6443,12866,1054,1056,2110,7477,7499,14976
BRISBANE,2012,6,6159,6180,12339,1092,1096,2188,7251,7276,14527
BRISBANE,2012,7,6766,6803,13569,1200,1202,2402,7966,8005,15971
BRISBANE,2012,8,6960,6971,13931,1168,1175,2343,8128,8146,16274
BRISBANE,2012,9,6724,6718,13442,1103,1120,2223,7827,7838,15665
BRISBANE,2012,10,6995,7006,14001,1115,1135,2250,8110,8141,16251
BRISBANE,2012,11,6768,6779,13547,1046,1055,2101,7814,7834,15648
BRISBANE,2012,12,6669,6684,13353,1142,1150,2292,7811,7834,15645
BRISBANE,2013,1,6618,6620,13238,1150,1165,2315,7768,7785,15553
BRISBANE,2013,2,6112,6111,12223,1027,1034,2061,7139,7145,14284
BRISBANE,2013,3,6725,6734,13459,1127,1137,2264,7852,7871,15723
BRISBANE,2013,4,6757,6751,13508,1121,1139,2260,7878,7890,15768
BRISBANE,2013,5,6893,6914,13807,1108,1120,2228,8001,8034,16035
BRISBANE,2013,6,6597,6619,13216,1136,1151,2287,7733,7770,15503
BRISBANE,2013,7,7225,7218,14443,1230,1249,2479,8455,8467,16922
BRISBANE,2013,8,7093,7084,14177,1245,1261,2506,8338,8345,16683
BRISBANE,2013,9,6963,6972,13935,1201,1218,2419,8164,8190,16354
BRISBANE,2013,10,7306,7310,14616,1207,1236,2443,8513,8546,17059
BRISBANE,2013,11,6859,6871,13730,1140,1170,2310,7999,8041,16040
BRISBANE,2013,12,6930,6955,13885,1244,1270,2514,8174,8225,16399
BRISBANE,2014,1,6862,6858,13720,1253,1279,2532,8115,8137,16252
BRISBANE,2014,2,6131,6139,12270,1082,1105,2187,7213,7244,14457
BRISBANE,2014,3,6869,6874,13743,1196,1208,2404,8065,8082,16147
BRISBANE,2014,4,6850,6878,13728,1203,1204,2407,8053,8082,16135
BRISBANE,2014,5,6987,7005,13992,1169,1168,2337,8156,8173,16329
BRISBANE,2014,6,6743,6793,13536,1186,1182,2368,7929,7975,15904
BRISBANE,2014,7,7225,7247,14472,1296,1299,2595,8521,8546,17067
BRISBANE,2014,8,7027,7057,14084,1281,1283,2564,8308,8340,16648
BRISBANE,2014,9,6971,7005,13976,1232,1232,2464,8203,8237,16440
BRISBANE,2014,10,7226,7252,14478,1201,1205,2406,8427,8457,16884
BRISBANE,2014,11,6680,6717,13397,1133,1148,2281,7813,7865,15678
BRISBANE,2014,12,6980,7003,13983,1288,1279,2567,8268,8282,16550
BRISBANE,2015,1,6830,6833,13663,1282,1292,2574,8112,8125,16237
BRISBANE,2015,2,6177,6187,12364,1122,1118,2240,7299,7305,14604
BRISBANE,2015,3,6999,7024,14023,1206,1203,2409,8205,8227,16432
BRISBANE,2015,4,6835,6877,13712,1208,1205,2413,8043,8082,16125
BRISBANE,2015,5,6891,6906,13797,1174,1177,2351,8065,8083,16148
BRISBANE,2015,6,6829,6861,13690,1161,1164,2325,7990,8025,16015
BRISBANE,2015,7,7203,7240,14443,1277,1274,2551,8480,8514,16994
BRISBANE,2015,8,7021,7043,14064,1245,1244,2489,8266,8287,16553
BRISBANE,2015,9,6917,6948,13865,1205,1205,2410,8122,8153,16275
BRISBANE,2015,10,7013,7039,14052,1223,1226,2449,8236,8265,16501
BRISBANE,2015,11,6822,6863,13685,1130,1121,2251,7952,7984,15936
BRISBANE,2015,12,6940,6978,13918,1333,1338,2671,8273,8316,16589
BRISBANE,2016,1,6670,6717,13387,1362,1368,2730,8032,8085,16117
BRISBANE,2016,2,6425,6463,12888,1163,1173,2336,7588,7636,15224
BRISBANE,2016,3,6900,6913,13813,1211,1212,2423,8111,8125,16236
BRISBANE,2016,4,6614,6611,13225,1182,1188,2370,7796,7799,15595
BRISBANE,2016,5,6584,6611,13195,1175,1174,2349,7759,7785,15544
BRISBANE,2016,6,6444,6464,12908,1207,1210,2417,7651,7674,15325
BRISBANE,2016,7,6880,6909,13789,1339,1342,2681,8219,8251,16470
BRISBANE,2016,8,6917,6948,13865,1280,1279,2559,8197,8227,16424
BRISBANE,2016,9,6849,6875,13724,1275,1273,2548,8124,8148,16272
BRISBANE,2016,10,6825,6867,13692,1313,1318,2631,8138,8185,16323
BRISBANE,2016,11,6673,6709,13382,1235,1235,2470,7908,7944,15852
BRISBANE,2016,12,6799,6818,13617,1394,1396,2790,8193,8214,16407
BRISBANE,2017,1,6622,6666,13288,1414,1410,2824,8036,8076,16112
BRISBANE,2017,2,5977,6018,11995,1199,1199,2398,7176,7217,14393
BRISBANE,2017,3,6582,6616,13198,1305,1310,2615,7887,7926,15813
BRISBANE,2017,4,6472,6505,12977,1348,1355,2703,7820,7860,15680
BRISBANE,2017,5,6595,6630,13225,1296,1299,2595,7891,7929,15820
BRISBANE,2017,6,6472,6510,12982,1305,1309,2614,7777,7819,15596
BRISBANE,2017,7,6881,6908,13789,1395,1393,2788,8276,8301,16577
BRISBANE,2017,8,6961,7002,13963,1366,1372,2738,8327,8374,16701
BRISBANE,2017,9,6673,6702,13375,1357,1359,2716,8030,8061,16091
BRISBANE,2017,10,6833,6885,13718,1388,1385,2773,8221,8270,16491
BRISBANE,2017,11,6645,6702,13347,1298,1299,2597,7943,8001,15944
BRISBANE,2017,12,6602,6635,13237,1518,1519,3037,8120,8154,16274
BRISBANE,2018,1,6420,6469,12889,1546,1550,3096,7966,8019,15985
BRISBANE,2018,2,5903,6011,11914,1309,1314,2623,7212,7325,14537
BRISBANE,2018,3,6557,6596,13153,1419,1422,2841,7976,8018,15994
BRISBANE,2018,4,6432,6476,12908,1414,1408,2822,7846,7884,15730
BRISBANE,2018,5,6494,6539,13033,1375,1378,2753,7869,7917,15786
BRISBANE,2018,6,6111,6150,12261,1381,1383,2764,7492,7533,15025
BRISBANE,2018,7,6767,6781,13548,1521,1517,3038,8288,8298,16586
BRISBANE,2018,8,6671,6675,13346,1483,1485,2968,8154,8160,16314
BRISBANE,2018,9,6417,6426,12843,1426,1427,2853,7843,7853,15696
BRISBANE,2018,10,6780,6842,13622,1449,1457,2906,8229,8299,16528
BRISBANE,2018,11,6544,6564,13108,1370,1368,2738,7914,7932,15846
BRISBANE,2018,12,6526,6549,13075,1533,1534,3067,8059,8083,16142
BRISBANE,2019,1,6398,6447,12845,1571,1572,3143,7969,8019,15988
BRISBANE,2019,2,5986,6028,12014,1338,1336,2674,7324,7364,14688
BRISBANE,2019,3,6581,6649,13230,1444,1441,2885,8025,8090,16115
BRISBANE,2019,4,6662,6681,13343,1419,1425,2844,8081,8106,16187
BRISBANE,2019,5,6771,6818,13589,1360,1361,2721,8131,8179,16310
BRISBANE,2019,6,6431,6472,12903,1380,1394,2774,7811,7866,15677
BRISBANE,2019,7,7112,7142,14254,1547,1562,3109,8659,8704,17363
BRISBANE,2019,8,6830,6842,13672,1529,1535,3064,8359,8377,16736
BRISBANE,2019,9,6740,6771,13511,1476,1492,2968,8216,8263,16479
BRISBANE,2019,10,7000,7032,14032,1507,1511,3018,8507,8543,17050
BRISBANE,2019,11,6579,6600,13179,1427,1427,2854,8006,8027,16033
BRISBANE,2019,12,6662,6700,13362,1590,1592,3182,8252,8292,16544
BRISBANE,2020,1,6457,6510,12967,1628,1627,3255,8085,8137,16222
BRISBANE,2020,2,6070,6104,12174,1324,1328,2652,7394,7432,14826
BRISBANE,2020,3,5403,5429,10832,979,974,1953,6382,6403,12785
BRISBANE,2020,4,1025,1030,2055,115,113,228,1140,1143,2283
BRISBANE,2020,5,831,837,1668,140,141,281,971,978,1949
BRISBANE,2020,6,1205,1220,2425,146,158,304,1351,1378,2729
BRISBANE,2020,7,2065,2103,4168,172,171,343,2237,2274,4511
BRISBANE,2020,8,2119,2166,4285,176,183,359,2295,2349,4644
BRISBANE,2020,9,2239,2273,4512,172,170,342,2411,2443,4854
BRISBANE,2020,10,2429,2470,4899,188,185,373,2617,2655,5272
BRISBANE,2020,11,2702,2724,5426,187,192,379,2889,2916,5805
BRISBANE,2020,12,4258,4298,8556,207,211,418,4465,4509,8974
BRISBANE,2021,1,3586,3641,7227,174,179,353,3760,3820,7580
BRISBANE,2021,2,3515,3549,7064,168,170,338,3683,3719,7402
BRISBANE,2021,3,4753,4794,9547,190,189,379,4943,4983,9926
BRISBANE,2021,4,4653,4677,9330,251,248,499,4904,4925,9829
BRISBANE,2021,5,5156,5179,10335,370,365,735,5526,5544,11070
BRISBANE,2021,6,4814,4828,9642,394,377,771,5208,5205,10413
BRISBANE,2021,7,3651,3659,7310,383,370,753,4034,4029,8063
BRISBANE,2021,8,2268,2287,4555,248,253,501,2516,2540,5056
BRISBANE,2021,9,2911,2934,5845,275,270,545,3186,3204,6390
BRISBANE,2021,10,3118,3148,6266,279,269,548,3397,3417,6814
BRISBANE,2021,11,3354,3387,6741,294,292,586,3648,3679,7327
BRISBANE,2021,12,4839,4889,9728,303,308,611,5142,5197,10339
BRISBANE,2022,1,4491,4513,9004,276,271,547,4767,4784,9551
BRISBANE,2022,2,3873,3903,7776,300,300,600,4173,4203,8376
BRISBANE,2022,3,5346,5368,10714,350,351,701,5696,5719,11415
BRISBANE,2022,4,6011,6021,12032,472,474,946,6483,6495,12978
BRISBANE,2022,5,6315,6359,12674,529,531,1060,6844,6890,13734
BRISBANE,2022,6,6100,6134,12234,559,556,1115,6659,6690,13349
BRISBANE,2022,7,5992,6019,12011,688,688,1376,6680,6707,13387
BRISBANE,2022,8,5920,5944,11864,697,694,1391,6617,6638,13255
BRISBANE,2022,9,5825,5813,11638,706,707,1413,6531,6520,13051
BRISBANE,2022,10,6048,6059,12107,767,769,1536,6815,6828,13643
BRISBANE,2022,11,6202,6200,12402,830,840,1670,7032,7040,14072
BRISBANE,2022,12,6374,6368,12742,915,918,1833,7289,7286,14575
BRISBANE,2023,1,6348,6369,12717,954,964,1918,7302,7333,14635
BRISBANE,2023,2,5915,5928,11843,812,820,1632,6727,6748,13475
BRISBANE,2023,3,6698,6721,13419,895,902,1797,7593,7623,15216
BRISBANE,2023,4,6462,6475,12937,963,975,1938,7425,7450,14875
BRISBANE,2023,5,6838,6843,13681,955,965,1920,7793,7808,15601
BRISBANE,2023,6,6584,6599,13183,1008,1012,2020,7592,7611,15203
BRISBANE,2023,7,6742,6741,13483,1058,1071,2129,7800,7812,15612
BRISBANE,2023,8,6879,6877,13756,1043,1061,2104,7922,7938,15860
BRISBANE,2023,9,6697,6678,13375,1058,1062,2120,7755,7740,15495
BRISBANE,2023,10,6826,6840,13666,1075,1078,2153,7901,7918,15819
BRISBANE,2023,11,6614,6633,13247,1172,1177,2349,7786,7810,15596
BRISBANE,2023,12,6472,6476,12948,1372,1373,2745,7844,7849,15693
BRISBANE,2024,1,6351,6369,12720,1369,1376,2745,7720,7745,15465
BRISBANE,2024,2,6257,6274,12531,1214,1225,2439,7471,7499,14970
BRISBANE,2024,3,6660,6670,13330,1299,1314,2613,7959,7984,15943
BRISBANE,2024,4,6701,6721,13422,1228,1231,2459,7929,7952,15881
BRISBANE,2024,5,6872,6909,13781,1206,1204,2410,8078,8113,16191
BRISBANE,2024,6,6535,6558,13093,1210,1214,2424,7745,7772,15517
BRISBANE,2024,7,7083,7089,14172,1292,1293,2585,8375,8382,16757
BRISBANE,2024,8,6602,6613,13215,1279,1282,2561,7881,7895,15776
BRISBANE,2024,9,6646,6659,13305,1281,1275,2556,7927,7934,15861
BRISBANE,2024,10,6861,6853,13714,1307,1303,2610,8168,8156,16324
BRISBANE,2024,11,6458,6470,12928,1334,1330,2664,7792,7800,15592
BRISBANE,2024,12,6525,6545,13070,1508,1505,3013,8033,8050,16083
BRISBANE,2025,1,6307,6329,12636,1520,1514,3034,7827,7843,15670
BRISBANE,2025,2,5922,5939,11861,1267,1251,2518,7189,7190,14379
BRISBANE,2025,3,6112,6145,12257,1268,1265,2533,7380,7410,14790
BRISBANE,2025,4,6613,6621,13234,1365,1365,2730,7978,7986,15964
BRISBANE,2025,5,6812,6836,13648,1353,1351,2704,8165,8187,16352
BRISBANE,2025,6,6628,6656,13284,1382,1380,2762,8010,8036,16046
CAIRNS,1985,1,486,494,980,36,36,72,522,530,1052
CAIRNS,1985,2,384,383,767,29,29,58,413,412,825
CAIRNS,1985,3,454,447,901,35,35,70,489,482,971
CAIRNS,1985,4,445,446,891,34,34,68,479,480,959
CAIRNS,1985,5,479,482,961,35,35,70,514,517,1031
CAIRNS,1985,6,463,463,926,36,36,72,499,499,998
CAIRNS,1985,7,426,455,881,36,37,73,462,492,954
CAIRNS,1985,8,443,447,890,36,35,71,479,482,961
CAIRNS,1985,9,409,411,820,35,35,70,444,446,890
CAIRNS,1985,10,371,373,744,34,33,67,405,406,811
CAIRNS,1985,11,438,442,880,42,41,83,480,483,963
CAIRNS,1985,12,460,462,922,40,43,83,500,505,1005
CAIRNS,1986,1,438,438,876,41,40,81,479,478,957
CAIRNS,1986,2,346,352,698,39,37,76,385,389,774
CAIRNS,1986,3,441,442,883,45,46,91,486,488,974
CAIRNS,1986,4,453,445,898,44,45,89,497,490,987
CAIRNS,1986,5,467,474,941,46,47,93,513,521,1034
CAIRNS,1986,6,485,477,962,43,43,86,528,520,1048
CAIRNS,1986,7,476,480,956,45,44,89,521,524,1045
CAIRNS,1986,8,557,567,1124,39,39,78,596,606,1202
CAIRNS,1986,9,564,579,1143,40,40,80,604,619,1223
CAIRNS,1986,10,616,639,1255,46,46,92,662,685,1347
CAIRNS,1986,11,543,562,1105,46,45,91,589,607,1196
CAIRNS,1986,12,594,596,1190,47,46,93,641,642,1283
CAIRNS,1987,1,570,580,1150,51,52,103,621,632,1253
CAIRNS,1987,2,462,477,939,44,44,88,506,521,1027
CAIRNS,1987,3,540,550,1090,48,47,95,588,597,1185
CAIRNS,1987,4,570,593,1163,58,58,116,628,651,1279
CAIRNS,1987,5,561,572,1133,57,58,115,618,630,1248
CAIRNS,1987,6,582,590,1172,54,54,108,636,644,1280
CAIRNS,1987,7,644,646,1290,60,61,121,704,707,1411
CAIRNS,1987,8,628,633,1261,57,56,113,685,689,1374
CAIRNS,1987,9,643,640,1283,67,64,131,710,704,1414
CAIRNS,1987,10,720,721,1441,75,73,148,795,794,1589
CAIRNS,1987,11,667,674,1341,77,77,154,744,751,1495
CAIRNS,1987,12,727,729,1456,83,81,164,810,810,1620
CAIRNS,1988,1,702,703,1405,81,81,162,783,784,1567
CAIRNS,1988,2,566,553,1119,74,75,149,640,628,1268
CAIRNS,1988,3,624,639,1263,87,87,174,711,726,1437
CAIRNS,1988,4,661,658,1319,80,79,159,741,737,1478
CAIRNS,1988,5,607,608,1215,92,91,183,699,699,1398
CAIRNS,1988,6,658,655,1313,92,95,187,750,750,1500
CAIRNS,1988,7,760,755,1515,96,94,190,856,849,1705
CAIRNS,1988,8,709,707,1416,100,100,200,809,807,1616
CAIRNS,1988,9,709,686,1395,98,99,197,807,785,1592
CAIRNS,1988,10,727,708,1435,97,96,193,824,804,1628
CAIRNS,1988,11,702,688,1390,124,125,249,826,813,1639
CAIRNS,1988,12,735,721,1456,136,138,274,871,859,1730
CAIRNS,1989,1,703,706,1409,145,143,288,848,849,1697
CAIRNS,1989,2,581,609,1190,121,121,242,702,730,1432
CAIRNS,1989,3,715,691,1406,129,130,259,844,821,1665
CAIRNS,1989,4,711,692,1403,124,125,249,835,817,1652
CAIRNS,1989,5,696,693,1389,124,124,248,820,817,1637
CAIRNS,1989,6,730,715,1445,129,127,256,859,842,1701
CAIRNS,1989,7,813,809,1622,139,140,279,952,949,1901
CAIRNS,1989,8,575,577,1152,131,131,262,706,708,1414
CAIRNS,1989,9,273,285,558,139,138,277,412,423,835
CAIRNS,1989,10,316,306,622,133,132,265,449,438,887
CAIRNS,1989,11,331,330,661,133,126,259,464,456,920
CAIRNS,1989,12,400,400,800,130,130,260,530,530,1060
CAIRNS,1990,1,460,459,919,131,130,261,591,589,1180
CAIRNS,1990,2,411,410,821,116,114,230,527,524,1051
CAIRNS,1990,3,525,522,1047,130,132,262,655,654,1309
CAIRNS,1990,4,524,526,1050,131,131,262,655,657,1312
CAIRNS,1990,5,576,576,1152,133,134,267,709,710,1419
CAIRNS,1990,6,627,626,1253,131,133,264,758,759,1517
CAIRNS,1990,7,718,716,1434,158,157,315,876,873,1749
CAIRNS,1990,8,886,878,1764,154,156,310,1040,1034,2074
CAIRNS,1990,9,830,821,1651,168,165,333,998,986,1984
CAIRNS,1990,10,865,856,1721,162,162,324,1027,1018,2045
CAIRNS,1990,11,872,868,1740,216,218,434,1088,1086,2174
CAIRNS,1990,12,657,658,1315,226,226,452,883,884,1767
CAIRNS,1991,1,896,891,1787,231,228,459,1127,1119,2246
CAIRNS,1991,2,742,743,1485,204,204,408,946,947,1893
CAIRNS,1991,3,920,920,1840,232,232,464,1152,1152,2304
CAIRNS,1991,4,956,957,1913,196,196,392,1152,1153,2305
CAIRNS,1991,5,1028,1022,2050,201,200,401,1229,1222,2451
CAIRNS,1991,6,1038,1042,2080,205,203,408,1243,1245,2488
CAIRNS,1991,7,1134,1140,2274,206,206,412,1340,1346,2686
CAIRNS,1991,8,1123,1129,2252,209,210,419,1332,1339,2671
CAIRNS,1991,9,1149,1150,2299,193,193,386,1342,1343,2685
CAIRNS,1991,10,1216,1215,2431,197,197,394,1413,1412,2825
CAIRNS,1991,11,1169,1160,2329,253,253,506,1422,1413,2835
CAIRNS,1991,12,1138,1137,2275,284,284,568,1422,1421,2843
CAIRNS,1992,1,1114,1117,2231,279,280,559,1393,1397,2790
CAIRNS,1992,2,955,950,1905,260,259,519,1215,1209,2424
CAIRNS,1992,3,993,997,1990,279,279,558,1272,1276,2548
CAIRNS,1992,4,1073,1069,2142,324,324,648,1397,1393,2790
CAIRNS,1992,5,1032,1037,2069,324,324,648,1356,1361,2717
CAIRNS,1992,6,1052,1046,2098,316,319,635,1368,1365,2733
CAIRNS,1992,7,1179,1182,2361,333,331,664,1512,1513,3025
CAIRNS,1992,8,1169,1161,2330,329,330,659,1498,1491,2989
CAIRNS,1992,9,1147,1139,2286,326,324,650,1473,1463,2936
CAIRNS,1992,10,1231,1220,2451,332,335,667,1563,1555,3118
CAIRNS,1992,11,1186,1184,2370,352,353,705,1538,1537,3075
CAIRNS,1992,12,1192,1190,2382,384,380,764,1576,1570,3146
CAIRNS,1993,1,1145,1145,2290,391,391,782,1536,1536,3072
CAIRNS,1993,2,987,984,1971,330,330,660,1317,1314,2631
CAIRNS,1993,3,1126,1122,2248,361,361,722,1487,1483,2970
CAIRNS,1993,4,1132,1129,2261,357,357,714,1489,1486,2975
CAIRNS,1993,5,1124,1114,2238,366,370,736,1490,1484,2974
CAIRNS,1993,6,1115,1114,2229,360,354,714,1475,1468,2943
CAIRNS,1993,7,1220,1222,2442,380,378,758,1600,1600,3200
CAIRNS,1993,8,1227,1221,2448,374,372,746,1601,1593,3194
CAIRNS,1993,9,1220,1209,2429,363,363,726,1583,1572,3155
CAIRNS,1993,10,1293,1291,2584,375,371,746,1668,1662,3330
CAIRNS,1993,11,1237,1235,2472,373,373,746,1610,1608,3218
CAIRNS,1993,12,1225,1228,2453,400,394,794,1625,1622,3247
CAIRNS,1994,1,1238,1244,2482,391,395,786,1629,1639,3268
CAIRNS,1994,2,1096,1094,2190,349,351,700,1445,1445,2890
CAIRNS,1994,3,1263,1263,2526,392,387,779,1655,1650,3305
CAIRNS,1994,4,1273,1279,2552,389,383,772,1662,1662,3324
CAIRNS,1994,5,1259,1269,2528,409,397,806,1668,1666,3334
CAIRNS,1994,6,1261,1266,2527,396,388,784,1657,1654,3311
CAIRNS,1994,7,1393,1397,2790,402,393,795,1795,1790,3585
CAIRNS,1994,8,1408,1416,2824,410,401,811,1818,1817,3635
CAIRNS,1994,9,1352,1361,2713,393,385,778,1745,1746,3491
CAIRNS,1994,10,1436,1443,2879,399,395,794,1835,1838,3673
CAIRNS,1994,11,1356,1353,2709,394,393,787,1750,1746,3496
CAIRNS,1994,12,1378,1377,2755,398,393,791,1776,1770,3546
CAIRNS,1995,1,1340,1339,2679,404,399,803,1744,1738,3482
CAIRNS,1995,2,1171,1172,2343,358,353,711,1529,1525,3054
CAIRNS,1995,3,1351,1346,2697,389,389,778,1740,1735,3475
CAIRNS,1995,4,1357,1358,2715,388,384,772,1745,1742,3487
CAIRNS,1995,5,1364,1370,2734,392,396,788,1756,1766,3522
CAIRNS,1995,6,1347,1340,2687,384,386,770,1731,1726,3457
CAIRNS,1995,7,1457,1454,2911,402,402,804,1859,1856,3715
CAIRNS,1995,8,1475,1470,2945,400,406,806,1875,1876,3751
CAIRNS,1995,9,1432,1428,2860,378,380,758,1810,1808,3618
CAIRNS,1995,10,1493,1490,2983,393,394,787,1886,1884,3770
CAIRNS,1995,11,1407,1404,2811,389,392,781,1796,1796,3592
CAIRNS,1995,12,1445,1424,2869,414,415,829,1859,1839,3698
CAIRNS,1996,1,1402,1397,2799,406,414,820,1808,1811,3619
CAIRNS,1996,2,1267,1265,2532,391,392,783,1658,1657,3315
CAIRNS,1996,3,1361,1353,2714,410,414,824,1771,1767,3538
CAIRNS,1996,4,1370,1372,2742,392,392,784,1762,1764,3526
CAIRNS,1996,5,1348,1346,2694,408,407,815,1756,1753,3509
CAIRNS,1996,6,1334,1335,2669,399,400,799,1733,1735,3468
CAIRNS,1996,7,1441,1436,2877,426,437,863,1867,1873,3740
CAIRNS,1996,8,1452,1440,2892,422,432,854,1874,1872,3746
CAIRNS,1996,9,1396,1393,2789,419,427,846,1815,1820,3635
CAIRNS,1996,10,1534,1527,3061,423,427,850,1957,1954,3911
CAIRNS,1996,11,1468,1464,2932,426,417,843,1894,1881,3775
CAIRNS,1996,12,1514,1517,3031,451,443,894,1965,1960,3925
CAIRNS,1997,1,1445,1452,2897,431,430,861,1876,1882,3758
CAIRNS,1997,2,1319,1323,2642,394,384,778,1713,1707,3420
CAIRNS,1997,3,1388,1389,2777,424,424,848,1812,1813,3625
CAIRNS,1997,4,1396,1395,2791,346,357,703,1742,1752,3494
CAIRNS,1997,5,1386,1385,2771,362,363,725,1748,1748,3496
CAIRNS,1997,6,1376,1372,2748,364,372,736,1740,1744,3484
CAIRNS,1997,7,1474,1474,2948,374,387,761,1848,1861,3709
CAIRNS,1997,8,1461,1458,2919,383,388,771,1844,1846,3690
CAIRNS,1997,9,1427,1429,2856,362,365,727,1789,1794,3583
CAIRNS,1997,10,1510,1511,3021,375,381,756,1885,1892,3777
CAIRNS,1997,11,1407,1404,2811,341,348,689,1748,1752,3500
CAIRNS,1997,12,1443,1448,2891,347,354,701,1790,1802,3592
CAIRNS,1998,1,1437,1442,2879,345,347,692,1782,1789,3571
CAIRNS,1998,2,1236,1237,2473,300,303,603,1536,1540,3076
CAIRNS,1998,3,1396,1399,2795,329,331,660,1725,1730,3455
CAIRNS,1998,4,1395,1390,2785,310,316,626,1705,1706,3411
CAIRNS,1998,5,1402,1396,2798,319,323,642,1721,1719,3440
CAIRNS,1998,6,1368,1367,2735,305,308,613,1673,1675,3348
CAIRNS,1998,7,1471,1468,2939,333,333,666,1804,1801,3605
CAIRNS,1998,8,1453,1455,2908,322,323,645,1775,1778,3553
CAIRNS,1998,9,1449,1446,2895,311,310,621,1760,1756,3516
CAIRNS,1998,10,1517,1524,3041,317,310,627,1834,1834,3668
CAIRNS,1998,11,1427,1426,2853,296,296,592,1723,1722,3445
CAIRNS,1998,12,1460,1461,2921,311,308,619,1771,1769,3540
CAIRNS,1999,1,1412,1411,2823,307,312,619,1719,1723,3442
CAIRNS,1999,2,1241,1239,2480,282,279,561,1523,1518,3041
CAIRNS,1999,3,1424,1427,2851,321,320,641,1745,1747,3492
CAIRNS,1999,4,1389,1393,2782,316,314,630,1705,1707,3412
CAIRNS,1999,5,1416,1421,2837,321,316,637,1737,1737,3474
CAIRNS,1999,6,1410,1419,2829,291,286,577,1701,1705,3406
CAIRNS,1999,7,1511,1517,3028,317,315,632,1828,1832,3660
CAIRNS,1999,8,1465,1470,2935,306,301,607,1771,1771,3542
CAIRNS,1999,9,1427,1430,2857,305,301,606,1732,1731,3463
CAIRNS,1999,10,1486,1490,2976,305,302,607,1791,1792,3583
CAIRNS,1999,11,1401,1401,2802,278,274,552,1679,1675,3354
CAIRNS,1999,12,1440,1435,2875,283,285,568,1723,1720,3443
CAIRNS,2000,1,1417,1415,2832,275,270,545,1692,1685,3377
CAIRNS,2000,2,1317,1314,2631,253,255,508,1570,1569,3139
CAIRNS,2000,3,1454,1456,2910,277,279,556,1731,1735,3466
CAIRNS,2000,4,1406,1408,2814,271,270,541,1677,1678,3355
CAIRNS,2000,5,1495,1496,2991,275,275,550,1770,1771,3541
CAIRNS,2000,6,1476,1471,2947,272,273,545,1748,1744,3492
CAIRNS,2000,7,1558,1560,3118,284,281,565,1842,1841,3683
CAIRNS,2000,8,1551,1550,3101,269,268,537,1820,1818,3638
CAIRNS,2000,9,1506,1504,3010,250,251,501,1756,1755,3511
CAIRNS,2000,10,1565,1566,3131,252,252,504,1817,1818,3635
CAIRNS,2000,11,1486,1484,2970,249,241,490,1735,1725,3460
CAIRNS,2000,12,1494,1500,2994,266,251,517,1760,1751,3511
CAIRNS,2001,1,1452,1473,2925,264,250,514,1716,1723,3439
CAIRNS,2001,2,1314,1322,2636,235,224,459,1549,1546,3095
CAIRNS,2001,3,1480,1490,2970,256,247,503,1736,1737,3473
CAIRNS,2001,4,1478,1474,2952,247,243,490,1725,1717,3442
CAIRNS,2001,5,1534,1531,3065,253,252,505,1787,1783,3570
CAIRNS,2001,6,1454,1458,2912,244,246,490,1698,1704,3402
CAIRNS,2001,7,1485,1481,2966,228,228,456,1713,1709,3422
CAIRNS,2001,8,1431,1431,2862,234,233,467,1665,1664,3329
CAIRNS,2001,9,1195,1198,2393,238,240,478,1433,1438,2871
CAIRNS,2001,10,1134,1129,2263,255,255,510,1389,1384,2773
CAIRNS,2001,11,1113,1110,2223,249,250,499,1362,1360,2722
CAIRNS,2001,12,1147,1149,2296,268,265,533,1415,1414,2829
CAIRNS,2002,1,1093,1097,2190,264,264,528,1357,1361,2718
CAIRNS,2002,2,1048,1046,2094,233,234,467,1281,1280,2561
CAIRNS,2002,3,1187,1176,2363,259,259,518,1446,1435,2881
CAIRNS,2002,4,1165,1162,2327,244,243,487,1409,1405,2814
CAIRNS,2002,5,1288,1277,2565,309,307,616,1597,1584,3181
CAIRNS,2002,6,1232,1227,2459,300,301,601,1532,1528,3060
CAIRNS,2002,7,1397,1389,2786,306,306,612,1703,1695,3398
CAIRNS,2002,8,1424,1421,2845,308,309,617,1732,1730,3462
CAIRNS,2002,9,1325,1321,2646,293,294,587,1618,1615,3233
CAIRNS,2002,10,1394,1389,2783,314,314,628,1708,1703,3411
CAIRNS,2002,11,1287,1278,2565,336,337,673,1623,1615,3238
CAIRNS,2002,12,1269,1263,2532,347,348,695,1616,1611,3227
CAIRNS,2003,1,1227,1226,2453,354,353,707,1581,1579,3160
CAIRNS,2003,2,1167,1164,2331,319,321,640,1486,1485,2971
CAIRNS,2003,3,1294,1291,2585,351,351,702,1645,1642,3287
CAIRNS,2003,4,1253,1248,2501,331,329,660,1584,1577,3161
CAIRNS,2003,5,1297,1286,2583,265,264,529,1562,1550,3112
CAIRNS,2003,6,1238,1234,2472,231,231,462,1469,1465,2934
CAIRNS,2003,7,1340,1339,2679,263,264,527,1603,1603,3206
CAIRNS,2003,8,1420,1417,2837,272,280,552,1692,1697,3389
CAIRNS,2003,9,1401,1404,2805,265,274,539,1666,1678,3344
CAIRNS,2003,10,1467,1463,2930,304,304,608,1771,1767,3538
CAIRNS,2003,11,1400,1399,2799,361,359,720,1761,1758,3519
CAIRNS,2003,12,1470,1473,2943,366,368,734,1836,1841,3677
CAIRNS,2004,1,1432,1433,2865,379,379,758,1811,1812,3623
CAIRNS,2004,2,1271,1269,2540,349,348,697,1620,1617,3237
CAIRNS,2004,3,1403,1407,2810,368,370,738,1771,1777,3548
CAIRNS,2004,4,1452,1451,2903,358,355,713,1810,1806,3616
CAIRNS,2004,5,1472,1468,2940,367,368,735,1839,1836,3675
CAIRNS,2004,6,1440,1436,2876,359,358,717,1799,1794,3593
CAIRNS,2004,7,1578,1572,3150,368,368,736,1946,1940,3886
CAIRNS,2004,8,1628,1629,3257,367,367,734,1995,1996,3991
CAIRNS,2004,9,1552,1554,3106,355,355,710,1907,1909,3816
CAIRNS,2004,10,1614,1610,3224,366,365,731,1980,1975,3955
CAIRNS,2004,11,1559,1570,3129,362,363,725,1921,1933,3854
CAIRNS,2004,12,1506,1501,3007,350,350,700,1856,1851,3707
CAIRNS,2005,1,1453,1458,2911,337,335,672,1790,1793,3583
CAIRNS,2005,2,1411,1407,2818,318,317,635,1729,1724,3453
CAIRNS,2005,3,1563,1558,3121,346,347,693,1909,1905,3814
CAIRNS,2005,4,1543,1539,3082,332,332,664,1875,1871,3746
CAIRNS,2005,5,1581,1578,3159,336,335,671,1917,1913,3830
CAIRNS,2005,6,1589,1586,3175,332,332,664,1921,1918,3839
CAIRNS,2005,7,1649,1644,3293,348,347,695,1997,1991,3988
CAIRNS,2005,8,1710,1708,3418,366,366,732,2076,2074,4150
CAIRNS,2005,9,1698,1698,3396,352,352,704,2050,2050,4100
CAIRNS,2005,10,1721,1719,3440,356,357,713,2077,2076,4153
CAIRNS,2005,11,1658,1658,3316,356,356,712,2014,2014,4028
CAIRNS,2005,12,1637,1627,3264,377,378,755,2014,2005,4019
CAIRNS,2006,1,1590,1592,3182,375,371,746,1965,1963,3928
CAIRNS,2006,2,1349,1346,2695,338,338,676,1687,1684,3371
CAIRNS,2006,3,1519,1509,3028,369,368,737,1888,1877,3765
CAIRNS,2006,4,1441,1425,2866,331,329,660,1772,1754,3526
CAIRNS,2006,5,1539,1518,3057,344,346,690,1883,1864,3747
CAIRNS,2006,6,1554,1534,3088,341,343,684,1895,1877,3772
CAIRNS,2006,7,1639,1641,3280,342,342,684,1981,1983,3964
CAIRNS,2006,8,1622,1623,3245,343,343,686,1965,1966,3931
CAIRNS,2006,9,1578,1581,3159,331,334,665,1909,1915,3824
CAIRNS,2006,10,1619,1617,3236,332,330,662,1951,1947,3898
CAIRNS,2006,11,1580,1586,3166,335,336,671,1915,1922,3837
CAIRNS,2006,12,1480,1478,2958,341,340,681,1821,1818,3639
CAIRNS,2007,1,1451,1454,2905,358,359,717,1809,1813,3622
CAIRNS,2007,2,1387,1388,2775,324,322,646,1711,1710,3421
CAIRNS,2007,3,1535,1533,3068,349,348,697,1884,1881,3765
CAIRNS,2007,4,1451,1460,2911,312,312,624,1763,1772,3535
CAIRNS,2007,5,1567,1569,3136,328,328,656,1895,1897,3792
CAIRNS,2007,6,1553,1533,3086,319,319,638,1872,1852,3724
CAIRNS,2007,7,1524,1525,3049,331,331,662,1855,1856,3711
CAIRNS,2007,8,1536,1536,3072,331,330,661,1867,1866,3733
CAIRNS,2007,9,1448,1449,2897,317,315,632,1765,1764,3529
CAIRNS,2007,10,1508,1499,3007,321,319,640,1829,1818,3647
CAIRNS,2007,11,1499,1501,3000,305,304,609,1804,1805,3609
CAIRNS,2007,12,1491,1489,2980,311,313,624,1802,1802,3604
CAIRNS,2008,1,1473,1479,2952,317,317,634,1790,1796,3586
CAIRNS,2008,2,1389,1389,2778,302,301,603,1691,1690,3381
CAIRNS,2008,3,1518,1519,3037,313,315,628,1831,1834,3665
CAIRNS,2008,4,1484,1481,2965,305,307,612,1789,1788,3577
CAIRNS,2008,5,1557,1556,3113,311,314,625,1868,1870,3738
CAIRNS,2008,6,1557,1555,3112,299,297,596,1856,1852,3708
CAIRNS,2008,7,1596,1595,3191,317,318,635,1913,1913,3826
CAIRNS,2008,8,1624,1605,3229,335,334,669,1959,1939,3898
CAIRNS,2008,9,1505,1504,3009,322,328,650,1827,1832,3659
CAIRNS,2008,10,1465,1466,2931,337,336,673,1802,1802,3604
CAIRNS,2008,11,1337,1339,2676,326,324,650,1663,1663,3326
CAIRNS,2008,12,1329,1326,2655,279,278,557,1608,1604,3212
CAIRNS,2009,1,1295,1298,2593,216,211,427,1511,1509,3020
CAIRNS,2009,2,1176,1178,2354,183,183,366,1359,1361,2720
CAIRNS,2009,3,1307,1314,2621,212,211,423,1519,1525,3044
CAIRNS,2009,4,1342,1340,2682,209,209,418,1551,1549,3100
CAIRNS,2009,5,1316,1314,2630,214,215,429,1530,1529,3059
CAIRNS,2009,6,1318,1320,2638,202,203,405,1520,1523,3043
CAIRNS,2009,7,1476,1474,2950,204,204,408,1680,1678,3358
CAIRNS,2009,8,1417,1423,2840,212,205,417,1629,1628,3257
CAIRNS,2009,9,1394,1392,2786,199,199,398,1593,1591,3184
CAIRNS,2009,10,1439,1436,2875,200,201,401,1639,1637,3276
CAIRNS,2009,11,1392,1396,2788,189,189,378,1581,1585,3166
CAIRNS,2009,12,1397,1394,2791,195,195,390,1592,1589,3181
CAIRNS,2010,1,1370,1367,2737,195,193,388,1565,1560,3125
CAIRNS,2010,2,1297,1289,2586,185,179,364,1482,1468,2950
CAIRNS,2010,3,1439,1430,2869,207,208,415,1646,1638,3284
CAIRNS,2010,4,1503,1491,2994,218,222,440,1721,1713,3434
CAIRNS,2010,5,1463,1455,2918,219,224,443,1682,1679,3361
CAIRNS,2010,6,1476,1470,2946,216,220,436,1692,1690,3382
CAIRNS,2010,7,1577,1563,3140,265,266,531,1842,1829,3671
CAIRNS,2010,8,1519,1518,3037,262,262,524,1781,1780,3561
CAIRNS,2010,9,1552,1530,3082,247,252,499,1799,1782,3581
CAIRNS,2010,10,1594,1583,3177,249,252,501,1843,1835,3678
CAIRNS,2010,11,1526,1522,3048,244,246,490,1770,1768,3538
CAIRNS,2010,12,1560,1548,3108,256,258,514,1816,1806,3622
CAIRNS,2011,1,1511,1503,3014,265,265,530,1776,1768,3544
CAIRNS,2011,2,1292,1294,2586,218,217,435,1510,1511,3021
CAIRNS,2011,3,1509,1498,3007,260,259,519,1769,1757,3526
CAIRNS,2011,4,1578,1569,3147,247,248,495,1825,1817,3642
CAIRNS,2011,5,1566,1556,3122,253,256,509,1819,1812,3631
CAIRNS,2011,6,1566,1558,3124,236,237,473,1802,1795,3597
CAIRNS,2011,7,1676,1664,3340,269,272,541,1945,1936,3881
CAIRNS,2011,8,1674,1668,3342,277,277,554,1951,1945,3896
CAIRNS,2011,9,1598,1585,3183,265,263,528,1863,1848,3711
CAIRNS,2011,10,1601,1600,3201,253,253,506,1854,1853,3707
CAIRNS,2011,11,1479,1489,2968,233,230,463,1712,1719,3431
CAIRNS,2011,12,1493,1498,2991,246,243,489,1739,1741,3480
CAIRNS,2012,1,1517,1524,3041,245,245,490,1762,1769,3531
CAIRNS,2012,2,1414,1418,2832,231,231,462,1645,1649,3294
CAIRNS,2012,3,1559,1553,3112,238,236,474,1797,1789,3586
CAIRNS,2012,4,1627,1633,3260,231,229,460,1858,1862,3720
CAIRNS,2012,5,1629,1627,3256,230,229,459,1859,1856,3715
CAIRNS,2012,6,1569,1565,3134,220,223,443,1789,1788,3577
CAIRNS,2012,7,1761,1766,3527,246,243,489,2007,2009,4016
CAIRNS,2012,8,1709,1723,3432,257,246,503,1966,1969,3935
CAIRNS,2012,9,1645,1659,3304,248,234,482,1893,1893,3786
CAIRNS,2012,10,1736,1743,3479,244,237,481,1980,1980,3960
CAIRNS,2012,11,1577,1585,3162,236,223,459,1813,1808,3621
CAIRNS,2012,12,1593,1602,3195,241,233,474,1834,1835,3669
CAIRNS,2013,1,1612,1630,3242,231,219,450,1843,1849,3692
CAIRNS,2013,2,1403,1414,2817,222,213,435,1625,1627,3252
CAIRNS,2013,3,1556,1565,3121,232,222,454,1788,1787,3575
CAIRNS,2013,4,1699,1713,3412,223,218,441,1922,1931,3853
CAIRNS,2013,5,1662,1652,3314,245,233,478,1907,1885,3792
CAIRNS,2013,6,1646,1646,3292,240,231,471,1886,1877,3763
CAIRNS,2013,7,1830,1847,3677,268,258,526,2098,2105,4203
CAIRNS,2013,8,1778,1794,3572,268,256,524,2046,2050,4096
CAIRNS,2013,9,1735,1755,3490,241,229,470,1976,1984,3960
CAIRNS,2013,10,1792,1809,3601,250,230,480,2042,2039,4081
CAIRNS,2013,11,1572,1578,3150,212,204,416,1784,1782,3566
CAIRNS,2013,12,1631,1642,3273,212,204,416,1843,1846,3689
CAIRNS,2014,1,1665,1678,3343,225,213,438,1890,1891,3781
CAIRNS,2014,2,1353,1367,2720,205,196,401,1558,1563,3121
CAIRNS,2014,3,1479,1497,2976,217,208,425,1696,1705,3401
CAIRNS,2014,4,1624,1620,3244,191,191,382,1815,1811,3626
CAIRNS,2014,5,1591,1587,3178,216,218,434,1807,1805,3612
CAIRNS,2014,6,1595,1603,3198,216,212,428,1811,1815,3626
CAIRNS,2014,7,1784,1791,3575,231,230,461,2015,2021,4036
CAIRNS,2014,8,1717,1718,3435,239,239,478,1956,1957,3913
CAIRNS,2014,9,1724,1730,3454,222,223,445,1946,1953,3899
CAIRNS,2014,10,1744,1751,3495,228,225,453,1972,1976,3948
CAIRNS,2014,11,1541,1545,3086,198,189,387,1739,1734,3473
CAIRNS,2014,12,1625,1628,3253,206,204,410,1831,1832,3663
CAIRNS,2015,1,1619,1621,3240,211,206,417,1830,1827,3657
CAIRNS,2015,2,1464,1465,2929,216,217,433,1680,1682,3362
CAIRNS,2015,3,1581,1584,3165,210,207,417,1791,1791,3582
CAIRNS,2015,4,1605,1606,3211,228,229,457,1833,1835,3668
CAIRNS,2015,5,1577,1577,3154,217,217,434,1794,1794,3588
CAIRNS,2015,6,1635,1640,3275,227,225,452,1862,1865,3727
CAIRNS,2015,7,1850,1855,3705,255,254,509,2105,2109,4214
CAIRNS,2015,8,1818,1825,3643,273,273,546,2091,2098,4189
CAIRNS,2015,9,1818,1819,3637,242,243,485,2060,2062,4122
CAIRNS,2015,10,1828,1827,3655,241,242,483,2069,2069,4138
CAIRNS,2015,11,1656,1661,3317,222,218,440,1878,1879,3757
CAIRNS,2015,12,1781,1779,3560,257,258,515,2038,2037,4075
CAIRNS,2016,1,1751,1753,3504,286,287,573,2037,2040,4077
CAIRNS,2016,2,1616,1616,3232,282,281,563,1898,1897,3795
CAIRNS,2016,3,1721,1729,3450,286,286,572,2007,2015,4022
CAIRNS,2016,4,1781,1771,3552,277,281,558,2058,2052,4110
CAIRNS,2016,5,1705,1712,3417,260,262,522,1965,1974,3939
CAIRNS,2016,6,1758,1761,3519,257,256,513,2015,2017,4032
CAIRNS,2016,7,1926,1909,3835,275,279,554,2201,2188,4389
CAIRNS,2016,8,1898,1889,3787,281,281,562,2179,2170,4349
CAIRNS,2016,9,1885,1882,3767,272,273,545,2157,2155,4312
CAIRNS,2016,10,1880,1882,3762,270,267,537,2150,2149,4299
CAIRNS,2016,11,1684,1718,3402,231,231,462,1915,1949,3864
CAIRNS,2016,12,1817,1805,3622,255,253,508,2072,2058,4130
CAIRNS,2017,1,1808,1811,3619,264,264,528,2072,2075,4147
CAIRNS,2017,2,1528,1529,3057,226,225,451,1754,1754,3508
CAIRNS,2017,3,1730,1725,3455,238,239,477,1968,1964,3932
CAIRNS,2017,4,1780,1777,3557,243,244,487,2023,2021,4044
CAIRNS,2017,5,1730,1732,3462,226,226,452,1956,1958,3914
CAIRNS,2017,6,1746,1744,3490,224,226,450,1970,1970,3940
CAIRNS,2017,7,1960,1972,3932,262,261,523,2222,2233,4455
CAIRNS,2017,8,1896,1917,3813,280,279,559,2176,2196,4372
CAIRNS,2017,9,1832,1851,3683,248,247,495,2080,2098,4178
CAIRNS,2017,10,1864,1892,3756,246,246,492,2110,2138,4248
CAIRNS,2017,11,1688,1687,3375,212,212,424,1900,1899,3799
CAIRNS,2017,12,1730,1732,3462,214,210,424,1944,1942,3886
CAIRNS,2018,1,1816,1815,3631,231,228,459,2047,2043,4090
CAIRNS,2018,2,1538,1521,3059,199,203,402,1737,1724,3461
CAIRNS,2018,3,1674,1671,3345,209,208,417,1883,1879,3762
CAIRNS,2018,4,1799,1810,3609,200,200,400,1999,2010,4009
CAIRNS,2018,5,1689,1694,3383,193,195,388,1882,1889,3771
CAIRNS,2018,6,1695,1686,3381,188,185,373,1883,1871,3754
CAIRNS,2018,7,1925,1919,3844,225,226,451,2150,2145,4295
CAIRNS,2018,8,1870,1860,3730,233,234,467,2103,2094,4197
CAIRNS,2018,9,1791,1786,3577,210,213,423,2001,1999,4000
CAIRNS,2018,10,1876,1850,3726,215,215,430,2091,2065,4156
CAIRNS,2018,11,1640,1643,3283,156,154,310,1796,1797,3593
CAIRNS,2018,12,1703,1706,3409,182,183,365,1885,1889,3774
CAIRNS,2019,1,1785,1790,3575,190,192,382,1975,1982,3957
CAIRNS,2019,2,1511,1516,3027,173,172,345,1684,1688,3372
CAIRNS,2019,3,1581,1606,3187,177,176,353,1758,1782,3540
CAIRNS,2019,4,1738,1744,3482,217,218,435,1955,1962,3917
CAIRNS,2019,5,1679,1678,3357,212,211,423,1891,1889,3780
CAIRNS,2019,6,1612,1622,3234,211,213,424,1823,1835,3658
CAIRNS,2019,7,1890,1899,3789,236,238,474,2126,2137,4263
CAIRNS,2019,8,1763,1771,3534,243,243,486,2006,2014,4020
CAIRNS,2019,9,1720,1734,3454,224,223,447,1944,1957,3901
CAIRNS,2019,10,1802,1812,3614,221,220,441,2023,2032,4055
CAIRNS,2019,11,1602,1608,3210,183,184,367,1785,1792,3577
CAIRNS,2019,12,1660,1667,3327,156,158,314,1816,1825,3641
CAIRNS,2020,1,1700,1699,3399,169,168,337,1869,1867,3736
CAIRNS,2020,2,1441,1449,2890,145,145,290,1586,1594,3180
CAIRNS,2020,3,1271,1290,2561,113,111,224,1384,1401,2785
CAIRNS,2020,4,239,230,469,13,12,25,252,242,494
CAIRNS,2020,5,277,277,554,17,17,34,294,294,588
CAIRNS,2020,6,359,357,716,18,18,36,377,375,752
CAIRNS,2020,7,688,688,1376,17,17,34,705,705,1410
CAIRNS,2020,8,737,735,1472,18,18,36,755,753,1508
CAIRNS,2020,9,946,935,1881,18,17,35,964,952,1916
CAIRNS,2020,10,991,975,1966,20,20,40,1011,995,2006
CAIRNS,2020,11,914,901,1815,22,22,44,936,923,1859
CAIRNS,2020,12,1178,1160,2338,19,22,41,1197,1182,2379
CAIRNS,2021,1,1149,1131,2280,19,23,42,1168,1154,2322
CAIRNS,2021,2,938,925,1863,20,24,44,958,949,1907
CAIRNS,2021,3,1196,1176,2372,20,25,45,1216,1201,2417
CAIRNS,2021,4,1508,1488,2996,16,20,36,1524,1508,3032
CAIRNS,2021,5,1437,1427,2864,12,16,28,1449,1443,2892
CAIRNS,2021,6,1448,1436,2884,15,19,34,1463,1455,2918
CAIRNS,2021,7,1438,1443,2881,17,19,36,1455,1462,2917
CAIRNS,2021,8,1027,1019,2046,9,13,22,1036,1032,2068
CAIRNS,2021,9,1221,1211,2432,9,14,23,1230,1225,2455
CAIRNS,2021,10,1245,1237,2482,12,13,25,1257,1250,2507
CAIRNS,2021,11,1244,1242,2486,11,15,26,1255,1257,2512
CAIRNS,2021,12,1531,1525,3056,10,18,28,1541,1543,3084
CAIRNS,2022,1,1439,1442,2881,54,64,118,1493,1506,2999
CAIRNS,2022,2,1020,1029,2049,61,65,126,1081,1094,2175
CAIRNS,2022,3,1388,1389,2777,69,74,143,1457,1463,2920
CAIRNS,2022,4,1746,1736,3482,85,89,174,1831,1825,3656
CAIRNS,2022,5,1601,1602,3203,88,92,180,1689,1694,3383
CAIRNS,2022,6,1636,1634,3270,91,95,186,1727,1729,3456
CAIRNS,2022,7,1689,1698,3387,71,71,142,1760,1769,3529
CAIRNS,2022,8,1646,1649,3295,92,91,183,1738,1740,3478
CAIRNS,2022,9,1640,1642,3282,69,65,134,1709,1707,3416
CAIRNS,2022,10,1654,1661,3315,82,83,165,1736,1744,3480
CAIRNS,2022,11,1513,1514,3027,75,80,155,1588,1594,3182
CAIRNS,2022,12,1584,1587,3171,79,81,160,1663,1668,3331
CAIRNS,2023,1,1543,1548,3091,89,88,177,1632,1636,3268
CAIRNS,2023,2,1287,1293,2580,91,89,180,1378,1382,2760
CAIRNS,2023,3,1518,1523,3041,106,106,212,1624,1629,3253
CAIRNS,2023,4,1666,1667,3333,121,121,242,1787,1788,3575
CAIRNS,2023,5,1624,1631,3255,120,119,239,1744,1750,3494
CAIRNS,2023,6,1659,1661,3320,121,121,242,1780,1782,3562
CAIRNS,2023,7,1782,1791,3573,175,169,344,1957,1960,3917
CAIRNS,2023,8,1777,1775,3552,186,175,361,1963,1950,3913
CAIRNS,2023,9,1758,1757,3515,165,165,330,1923,1922,3845
CAIRNS,2023,10,1814,1823,3637,160,159,319,1974,1982,3956
CAIRNS,2023,11,1590,1595,3185,153,152,305,1743,1747,3490
CAIRNS,2023,12,1478,1470,2948,152,154,306,1630,1624,3254
CAIRNS,2024,1,1705,1706,3411,171,171,342,1876,1877,3753
CAIRNS,2024,2,1480,1480,2960,159,158,317,1639,1638,3277
CAIRNS,2024,3,1605,1597,3202,166,166,332,1771,1763,3534
CAIRNS,2024,4,1814,1819,3633,157,157,314,1971,1976,3947
CAIRNS,2024,5,1694,1693,3387,160,160,320,1854,1853,3707
CAIRNS,2024,6,1682,1680,3362,151,151,302,1833,1831,3664
CAIRNS,2024,7,1953,1954,3907,163,163,326,2116,2117,4233
CAIRNS,2024,8,1866,1865,3731,172,172,344,2038,2037,4075
CAIRNS,2024,9,1850,1847,3697,167,167,334,2017,2014,4031
CAIRNS,2024,10,1845,1850,3695,168,167,335,2013,2017,4030
CAIRNS,2024,11,1610,1619,3229,159,160,319,1769,1779,3548
CAIRNS,2024,12,1702,1698,3400,196,196,392,1898,1894,3792
CAIRNS,2025,1,1734,1731,3465,213,212,425,1947,1943,3890
CAIRNS,2025,2,1432,1437,2869,186,185,371,1618,1622,3240
CAIRNS,2025,3,1619,1616,3235,177,179,356,1796,1795,3591
CAIRNS,2025,4,1826,1825,3651,188,188,376,2014,2013,4027
CAIRNS,2025,5,1750,1743,3493,192,193,385,1942,1936,3878
CAIRNS,2025,6,1779,1785,3564,188,187,375,1967,1972,3939
CANBERRA,1985,1,690,684,1374,0,0,0,690,684,1374
CANBERRA,1985,2,737,739,1476,0,0,0,737,739,1476
CANBERRA,1985,3,837,794,1631,0,0,0,837,794,1631
CANBERRA,1985,4,757,762,1519,0,0,0,757,762,1519
CANBERRA,1985,5,848,836,1684,0,0,0,848,836,1684
CANBERRA,1985,6,722,699,1421,0,0,0,722,699,1421
CANBERRA,1985,7,741,767,1508,0,0,0,741,767,1508
CANBERRA,1985,8,839,840,1679,0,0,0,839,840,1679
CANBERRA,1985,9,896,888,1784,0,0,0,896,888,1784
CANBERRA,1985,10,958,959,1917,0,0,0,958,959,1917
CANBERRA,1985,11,885,891,1776,0,0,0,885,891,1776
CANBERRA,1985,12,850,840,1690,0,0,0,850,840,1690
CANBERRA,1986,1,743,740,1483,0,0,0,743,740,1483
CANBERRA,1986,2,810,805,1615,0,0,0,810,805,1615
CANBERRA,1986,3,898,906,1804,0,0,0,898,906,1804
CANBERRA,1986,4,903,908,1811,0,0,0,903,908,1811
CANBERRA,1986,5,913,906,1819,0,0,0,913,906,1819
CANBERRA,1986,6,870,859,1729,0,0,0,870,859,1729
CANBERRA,1986,7,873,874,1747,0,0,0,873,874,1747
CANBERRA,1986,8,918,926,1844,0,0,0,918,926,1844
CANBERRA,1986,9,915,923,1838,0,0,0,915,923,1838
CANBERRA,1986,10,953,966,1919,0,0,0,953,966,1919
CANBERRA,1986,11,911,921,1832,0,0,0,911,921,1832
CANBERRA,1986,12,888,879,1767,0,0,0,888,879,1767
CANBERRA,1987,1,768,774,1542,0,0,0,768,774,1542
CANBERRA,1987,2,836,835,1671,0,0,0,836,835,1671
CANBERRA,1987,3,934,947,1881,0,0,0,934,947,1881
CANBERRA,1987,4,920,898,1818,0,0,0,920,898,1818
CANBERRA,1987,5,953,952,1905,0,0,0,953,952,1905
CANBERRA,1987,6,902,902,1804,0,0,0,902,902,1804
CANBERRA,1987,7,969,969,1938,0,0,0,969,969,1938
CANBERRA,1987,8,961,946,1907,0,0,0,961,946,1907
CANBERRA,1987,9,941,964,1905,0,0,0,941,964,1905
CANBERRA,1987,10,997,1003,2000,0,0,0,997,1003,2000
CANBERRA,1987,11,983,968,1951,0,0,0,983,968,1951
CANBERRA,1987,12,886,890,1776,0,0,0,886,890,1776
CANBERRA,1988,1,733,732,1465,0,0,0,733,732,1465
CANBERRA,1988,2,833,835,1668,0,0,0,833,835,1668
CANBERRA,1988,3,896,908,1804,0,0,0,896,908,1804
CANBERRA,1988,4,799,813,1612,0,0,0,799,813,1612
CANBERRA,1988,5,928,907,1835,0,0,0,928,907,1835
CANBERRA,1988,6,881,900,1781,0,0,0,881,900,1781
CANBERRA,1988,7,835,829,1664,0,0,0,835,829,1664
CANBERRA,1988,8,972,965,1937,0,0,0,972,965,1937
CANBERRA,1988,9,936,936,1872,0,0,0,936,936,1872
CANBERRA,1988,10,889,889,1778,0,0,0,889,889,1778
CANBERRA,1988,11,928,924,1852,0,0,0,928,924,1852
CANBERRA,1988,12,809,819,1628,0,0,0,809,819,1628
CANBERRA,1989,1,614,621,1235,0,0,0,614,621,1235
CANBERRA,1989,2,818,796,1614,0,0,0,818,796,1614
CANBERRA,1989,3,850,875,1725,0,0,0,850,875,1725
CANBERRA,1989,4,831,852,1683,0,0,0,831,852,1683
CANBERRA,1989,5,956,965,1921,0,0,0,956,965,1921
CANBERRA,1989,6,903,914,1817,0,0,0,903,914,1817
CANBERRA,1989,7,967,968,1935,0,0,0,967,968,1935
CANBERRA,1989,8,617,631,1248,0,0,0,617,631,1248
CANBERRA,1989,9,273,269,542,0,0,0,273,269,542
CANBERRA,1989,10,549,552,1101,0,0,0,549,552,1101
CANBERRA,1989,11,660,675,1335,0,0,0,660,675,1335
CANBERRA,1989,12,527,534,1061,0,0,0,527,534,1061
CANBERRA,1990,1,438,436,874,0,0,0,438,436,874
CANBERRA,1990,2,534,538,1072,0,0,0,534,538,1072
CANBERRA,1990,3,602,611,1213,0,0,0,602,611,1213
CANBERRA,1990,4,696,691,1387,0,0,0,696,691,1387
CANBERRA,1990,5,825,840,1665,0,0,0,825,840,1665
CANBERRA,1990,6,835,824,1659,0,0,0,835,824,1659
CANBERRA,1990,7,899,903,1802,0,0,0,899,903,1802
CANBERRA,1990,8,990,1006,1996,0,0,0,990,1006,1996
CANBERRA,1990,9,921,927,1848,0,0,0,921,927,1848
CANBERRA,1990,10,970,982,1952,0,0,0,970,982,1952
CANBERRA,1990,11,978,979,1957,0,0,0,978,979,1957
CANBERRA,1990,12,908,907,1815,0,0,0,908,907,1815
CANBERRA,1991,1,750,745,1495,0,0,0,750,745,1495
CANBERRA,1991,2,861,863,1724,0,0,0,861,863,1724
CANBERRA,1991,3,950,953,1903,0,0,0,950,953,1903
CANBERRA,1991,4,935,921,1856,0,0,0,935,921,1856
CANBERRA,1991,5,1061,1062,2123,0,0,0,1061,1062,2123
CANBERRA,1991,6,981,980,1961,0,0,0,981,980,1961
CANBERRA,1991,7,1095,1093,2188,0,0,0,1095,1093,2188
CANBERRA,1991,8,1104,1114,2218,0,0,0,1104,1114,2218
CANBERRA,1991,9,1086,1087,2173,0,0,0,1086,1087,2173
CANBERRA,1991,10,1158,1131,2289,0,0,0,1158,1131,2289
CANBERRA,1991,11,1142,1166,2308,0,0,0,1142,1166,2308
CANBERRA,1991,12,1025,1027,2052,0,0,0,1025,1027,2052
CANBERRA,1992,1,750,749,1499,0,0,0,750,749,1499
CANBERRA,1992,2,1057,1055,2112,0,0,0,1057,1055,2112
CANBERRA,1992,3,1127,1126,2253,0,0,0,1127,1126,2253
CANBERRA,1992,4,1149,1144,2293,0,0,0,1149,1144,2293
CANBERRA,1992,5,1158,1162,2320,0,0,0,1158,1162,2320
CANBERRA,1992,6,1142,1141,2283,0,0,0,1142,1141,2283
CANBERRA,1992,7,1211,1211,2422,0,0,0,1211,1211,2422
CANBERRA,1992,8,1196,1195,2391,0,0,0,1196,1195,2391
CANBERRA,1992,9,1246,1248,2494,0,0,0,1246,1248,2494
CANBERRA,1992,10,1280,1281,2561,0,0,0,1280,1281,2561
CANBERRA,1992,11,1244,1240,2484,0,0,0,1244,1240,2484
CANBERRA,1992,12,1127,1131,2258,0,0,0,1127,1131,2258
CANBERRA,1993,1,900,897,1797,0,0,0,900,897,1797
CANBERRA,1993,2,1158,1152,2310,0,0,0,1158,1152,2310
CANBERRA,1993,3,1329,1329,2658,0,0,0,1329,1329,2658
CANBERRA,1993,4,1256,1253,2509,0,0,0,1256,1253,2509
CANBERRA,1993,5,1320,1318,2638,0,0,0,1320,1318,2638
CANBERRA,1993,6,1268,1264,2532,0,0,0,1268,1264,2532
CANBERRA,1993,7,1264,1264,2528,0,0,0,1264,1264,2528
CANBERRA,1993,8,1289,1285,2574,0,0,0,1289,1285,2574
CANBERRA,1993,9,1242,1240,2482,0,0,0,1242,1240,2482
CANBERRA,1993,10,1273,1274,2547,0,0,0,1273,1274,2547
CANBERRA,1993,11,1304,1301,2605,0,0,0,1304,1301,2605
CANBERRA,1993,12,1191,1197,2388,0,0,0,1191,1197,2388
CANBERRA,1994,1,957,953,1910,0,0,0,957,953,1910
CANBERRA,1994,2,1279,1279,2558,0,0,0,1279,1279,2558
CANBERRA,1994,3,1459,1462,2921,0,0,0,1459,1462,2921
CANBERRA,1994,4,1393,1390,2783,0,0,0,1393,1390,2783
CANBERRA,1994,5,1529,1529,3058,0,0,0,1529,1529,3058
CANBERRA,1994,6,1461,1460,2921,0,0,0,1461,1460,2921
CANBERRA,1994,7,1468,1467,2935,0,0,0,1468,1467,2935
CANBERRA,1994,8,1527,1526,3053,0,0,0,1527,1526,3053
CANBERRA,1994,9,1538,1539,3077,0,0,0,1538,1539,3077
CANBERRA,1994,10,1509,1498,3007,0,0,0,1509,1498,3007
CANBERRA,1994,11,1558,1555,3113,0,0,0,1558,1555,3113
CANBERRA,1994,12,1441,1447,2888,0,0,0,1441,1447,2888
CANBERRA,1995,1,1151,1145,2296,0,0,0,1151,1145,2296
CANBERRA,1995,2,1444,1436,2880,0,0,0,1444,1436,2880
CANBERRA,1995,3,1619,1635,3254,0,0,0,1619,1635,3254
CANBERRA,1995,4,1454,1452,2906,0,0,0,1454,1452,2906
CANBERRA,1995,5,1599,1594,3193,0,0,0,1599,1594,3193
CANBERRA,1995,6,1511,1512,3023,0,0,0,1511,1512,3023
CANBERRA,1995,7,1574,1570,3144,0,0,0,1574,1570,3144
CANBERRA,1995,8,1595,1587,3182,0,0,0,1595,1587,3182
CANBERRA,1995,9,1537,1538,3075,0,0,0,1537,1538,3075
CANBERRA,1995,10,1612,1599,3211,0,0,0,1612,1599,3211
CANBERRA,1995,11,1603,1585,3188,0,0,0,1603,1585,3188
CANBERRA,1995,12,1413,1405,2818,0,0,0,1413,1405,2818
CANBERRA,1996,1,1286,1284,2570,0,0,0,1286,1284,2570
CANBERRA,1996,2,1488,1474,2962,0,0,0,1488,1474,2962
CANBERRA,1996,3,1571,1553,3124,0,0,0,1571,1553,3124
CANBERRA,1996,4,1603,1593,3196,0,0,0,1603,1593,3196
CANBERRA,1996,5,1731,1733,3464,0,0,0,1731,1733,3464
CANBERRA,1996,6,1567,1556,3123,0,0,0,1567,1556,3123
CANBERRA,1996,7,1700,1689,3389,0,0,0,1700,1689,3389
CANBERRA,1996,8,1690,1689,3379,0,0,0,1690,1689,3379
CANBERRA,1996,9,1643,1634,3277,0,0,0,1643,1634,3277
CANBERRA,1996,10,1725,1723,3448,0,0,0,1725,1723,3448
CANBERRA,1996,11,1623,1623,3246,0,0,0,1623,1623,3246
CANBERRA,1996,12,1460,1458,2918,0,0,0,1460,1458,2918
CANBERRA,1997,1,1211,1207,2418,0,0,0,1211,1207,2418
CANBERRA,1997,2,1528,1525,3053,0,0,0,1528,1525,3053
CANBERRA,1997,3,1635,1635,3270,0,0,0,1635,1635,3270
CANBERRA,1997,4,1639,1640,3279,0,0,0,1639,1640,3279
CANBERRA,1997,5,1649,1653,3302,0,0,0,1649,1653,3302
CANBERRA,1997,6,1602,1592,3194,0,0,0,1602,1592,3194
CANBERRA,1997,7,1720,1718,3438,0,0,0,1720,1718,3438
CANBERRA,1997,8,1664,1665,3329,0,0,0,1664,1665,3329
CANBERRA,1997,9,1652,1648,3300,0,0,0,1652,1648,3300
CANBERRA,1997,10,1715,1717,3432,0,0,0,1715,1717,3432
CANBERRA,1997,11,1628,1623,3251,0,0,0,1628,1623,3251
CANBERRA,1997,12,1493,1489,2982,0,0,0,1493,1489,2982
CANBERRA,1998,1,1285,1276,2561,0,0,0,1285,1276,2561
CANBERRA,1998,2,1543,1540,3083,0,0,0,1543,1540,3083
CANBERRA,1998,3,1717,1710,3427,0,0,0,1717,1710,3427
CANBERRA,1998,4,1586,1582,3168,0,0,0,1586,1582,3168
CANBERRA,1998,5,1648,1647,3295,0,0,0,1648,1647,3295
CANBERRA,1998,6,1590,1590,3180,0,0,0,1590,1590,3180
CANBERRA,1998,7,1693,1695,3388,0,0,0,1693,1695,3388
CANBERRA,1998,8,1649,1639,3288,0,0,0,1649,1639,3288
CANBERRA,1998,9,1626,1623,3249,0,0,0,1626,1623,3249
CANBERRA,1998,10,1658,1660,3318,0,0,0,1658,1660,3318
CANBERRA,1998,11,1602,1596,3198,0,0,0,1602,1596,3198
CANBERRA,1998,12,1474,1481,2955,0,0,0,1474,1481,2955
CANBERRA,1999,1,1245,1236,2481,0,0,0,1245,1236,2481
CANBERRA,1999,2,1549,1548,3097,0,0,0,1549,1548,3097
CANBERRA,1999,3,1703,1702,3405,0,0,0,1703,1702,3405
CANBERRA,1999,4,1571,1572,3143,0,0,0,1571,1572,3143
CANBERRA,1999,5,1654,1653,3307,0,0,0,1654,1653,3307
CANBERRA,1999,6,1624,1624,3248,0,0,0,1624,1624,3248
CANBERRA,1999,7,1720,1726,3446,0,0,0,1720,1726,3446
CANBERRA,1999,8,1735,1730,3465,0,0,0,1735,1730,3465
CANBERRA,1999,9,1698,1698,3396,0,0,0,1698,1698,3396
CANBERRA,1999,10,1707,1708,3415,0,0,0,1707,1708,3415
CANBERRA,1999,11,1679,1681,3360,0,0,0,1679,1681,3360
CANBERRA,1999,12,1601,1610,3211,0,0,0,1601,1610,3211
CANBERRA,2000,1,1406,1397,2803,0,0,0,1406,1397,2803
CANBERRA,2000,2,1644,1641,3285,0,0,0,1644,1641,3285
CANBERRA,2000,3,1813,1814,3627,0,0,0,1813,1814,3627
CANBERRA,2000,4,1626,1625,3251,0,0,0,1626,1625,3251
CANBERRA,2000,5,1828,1827,3655,0,0,0,1828,1827,3655
CANBERRA,2000,6,2015,2012,4027,0,0,0,2015,2012,4027
CANBERRA,2000,7,2128,2140,4268,0,0,0,2128,2140,4268
CANBERRA,2000,8,2128,2160,4288,0,0,0,2128,2160,4288
CANBERRA,2000,9,1996,2024,4020,0,0,0,1996,2024,4020
CANBERRA,2000,10,2121,2140,4261,0,0,0,2121,2140,4261
CANBERRA,2000,11,2108,2130,4238,0,0,0,2108,2130,4238
CANBERRA,2000,12,1922,1949,3871,0,0,0,1922,1949,3871
CANBERRA,2001,1,1764,1779,3543,0,0,0,1764,1779,3543
CANBERRA,2001,2,2194,2191,4385,0,0,0,2194,2191,4385
CANBERRA,2001,3,2497,2489,4986,0,0,0,2497,2489,4986
CANBERRA,2001,4,2420,2417,4837,0,0,0,2420,2417,4837
CANBERRA,2001,5,2517,2521,5038,0,0,0,2517,2521,5038
CANBERRA,2001,6,2067,2065,4132,0,0,0,2067,2065,4132
CANBERRA,2001,7,2172,2170,4342,0,0,0,2172,2170,4342
CANBERRA,2001,8,2289,2295,4584,0,0,0,2289,2295,4584
CANBERRA,2001,9,1602,1600,3202,0,0,0,1602,1600,3202
CANBERRA,2001,10,1483,1490,2973,0,0,0,1483,1490,2973
CANBERRA,2001,11,1613,1611,3224,0,0,0,1613,1611,3224
CANBERRA,2001,12,1536,1539,3075,0,0,0,1536,1539,3075
CANBERRA,2002,1,1385,1383,2768,0,0,0,1385,1383,2768
CANBERRA,2002,2,1527,1531,3058,0,0,0,1527,1531,3058
CANBERRA,2002,3,1586,1578,3164,0,0,0,1586,1578,3164
CANBERRA,2002,4,1557,1557,3114,0,0,0,1557,1557,3114
CANBERRA,2002,5,1624,1622,3246,0,0,0,1624,1622,3246
CANBERRA,2002,6,1484,1482,2966,0,0,0,1484,1482,2966
CANBERRA,2002,7,1503,1503,3006,0,0,0,1503,1503,3006
CANBERRA,2002,8,1479,1475,2954,0,0,0,1479,1475,2954
CANBERRA,2002,9,1526,1521,3047,0,0,0,1526,1521,3047
CANBERRA,2002,10,1663,1661,3324,0,0,0,1663,1661,3324
CANBERRA,2002,11,1516,1518,3034,0,0,0,1516,1518,3034
CANBERRA,2002,12,1390,1388,2778,0,0,0,1390,1388,2778
CANBERRA,2003,1,1284,1277,2561,0,0,0,1284,1277,2561
CANBERRA,2003,2,1418,1411,2829,0,0,0,1418,1411,2829
CANBERRA,2003,3,1574,1564,3138,0,0,0,1574,1564,3138
CANBERRA,2003,4,1396,1403,2799,0,0,0,1396,1403,2799
CANBERRA,2003,5,1625,1621,3246,0,0,0,1625,1621,3246
CANBERRA,2003,6,1638,1632,3270,0,0,0,1638,1632,3270
CANBERRA,2003,7,1764,1751,3515,0,0,0,1764,1751,3515
CANBERRA,2003,8,1625,1622,3247,0,0,0,1625,1622,3247
CANBERRA,2003,9,1668,1669,3337,0,0,0,1668,1669,3337
CANBERRA,2003,10,1699,1690,3389,0,0,0,1699,1690,3389
CANBERRA,2003,11,1555,1553,3108,0,0,0,1555,1553,3108
CANBERRA,2003,12,1480,1477,2957,0,0,0,1480,1477,2957
CANBERRA,2004,1,1387,1350,2737,0,0,0,1387,1350,2737
CANBERRA,2004,2,1617,1590,3207,0,0,0,1617,1590,3207
CANBERRA,2004,3,1810,1776,3586,0,0,0,1810,1776,3586
CANBERRA,2004,4,1715,1671,3386,0,0,0,1715,1671,3386
CANBERRA,2004,5,1770,1747,3517,0,0,0,1770,1747,3517
CANBERRA,2004,6,1730,1702,3432,0,0,0,1730,1702,3432
CANBERRA,2004,7,1775,1741,3516,8,8,16,1783,1749,3532
CANBERRA,2004,8,1807,1791,3598,9,9,18,1816,1800,3616
CANBERRA,2004,9,1712,1683,3395,4,4,8,1716,1687,3403
CANBERRA,2004,10,1709,1689,3398,0,0,0,1709,1689,3398
CANBERRA,2004,11,1723,1709,3432,0,0,0,1723,1709,3432
CANBERRA,2004,12,1567,1531,3098,0,0,0,1567,1531,3098
CANBERRA,2005,1,1293,1268,2561,0,0,0,1293,1268,2561
CANBERRA,2005,2,1456,1439,2895,0,0,0,1456,1439,2895
CANBERRA,2005,3,1586,1569,3155,0,0,0,1586,1569,3155
CANBERRA,2005,4,1514,1497,3011,0,0,0,1514,1497,3011
CANBERRA,2005,5,1623,1610,3233,0,0,0,1623,1610,3233
CANBERRA,2005,6,1598,1580,3178,0,0,0,1598,1580,3178
CANBERRA,2005,7,1614,1595,3209,0,0,0,1614,1595,3209
CANBERRA,2005,8,1703,1689,3392,0,0,0,1703,1689,3392
CANBERRA,2005,9,1665,1653,3318,0,0,0,1665,1653,3318
CANBERRA,2005,10,1686,1669,3355,0,0,0,1686,1669,3355
CANBERRA,2005,11,1687,1669,3356,0,0,0,1687,1669,3356
CANBERRA,2005,12,1430,1407,2837,0,0,0,1430,1407,2837
CANBERRA,2006,1,1211,1196,2407,0,0,0,1211,1196,2407
CANBERRA,2006,2,1505,1487,2992,0,0,0,1505,1487,2992
CANBERRA,2006,3,1690,1673,3363,0,0,0,1690,1673,3363
CANBERRA,2006,4,1548,1524,3072,0,0,0,1548,1524,3072
CANBERRA,2006,5,1803,1779,3582,0,0,0,1803,1779,3582
CANBERRA,2006,6,1658,1641,3299,0,0,0,1658,1641,3299
CANBERRA,2006,7,1698,1673,3371,0,0,0,1698,1673,3371
CANBERRA,2006,8,1773,1759,3532,0,0,0,1773,1759,3532
CANBERRA,2006,9,1672,1647,3319,0,0,0,1672,1647,3319
CANBERRA,2006,10,1690,1669,3359,0,0,0,1690,1669,3359
CANBERRA,2006,11,1671,1657,3328,0,0,0,1671,1657,3328
CANBERRA,2006,12,1404,1382,2786,0,0,0,1404,1382,2786
CANBERRA,2007,1,1249,1222,2471,0,0,0,1249,1222,2471
CANBERRA,2007,2,1536,1524,3060,0,0,0,1536,1524,3060
CANBERRA,2007,3,1704,1696,3400,0,0,0,1704,1696,3400
CANBERRA,2007,4,1481,1464,2945,0,0,0,1481,1464,2945
CANBERRA,2007,5,1749,1743,3492,0,0,0,1749,1743,3492
CANBERRA,2007,6,1606,1588,3194,0,0,0,1606,1588,3194
CANBERRA,2007,7,1574,1554,3128,0,0,0,1574,1554,3128
CANBERRA,2007,8,1789,1784,3573,0,0,0,1789,1784,3573
CANBERRA,2007,9,1624,1616,3240,0,0,0,1624,1616,3240
CANBERRA,2007,10,1695,1674,3369,0,0,0,1695,1674,3369
CANBERRA,2007,11,1690,1677,3367,0,0,0,1690,1677,3367
CANBERRA,2007,12,1487,1459,2946,0,0,0,1487,1459,2946
CANBERRA,2008,1,1332,1318,2650,0,0,0,1332,1318,2650
CANBERRA,2008,2,1733,1716,3449,0,0,0,1733,1716,3449
CANBERRA,2008,3,1896,1887,3783,0,0,0,1896,1887,3783
CANBERRA,2008,4,1933,1923,3856,0,0,0,1933,1923,3856
CANBERRA,2008,5,2013,1993,4006,0,0,0,2013,1993,4006
CANBERRA,2008,6,1926,1884,3810,0,0,0,1926,1884,3810
CANBERRA,2008,7,1980,1970,3950,0,0,0,1980,1970,3950
CANBERRA,2008,8,1977,1949,3926,0,0,0,1977,1949,3926
CANBERRA,2008,9,1967,1952,3919,0,0,0,1967,1952,3919
CANBERRA,2008,10,2011,1996,4007,0,0,0,2011,1996,4007
CANBERRA,2008,11,1889,1878,3767,0,0,0,1889,1878,3767
CANBERRA,2008,12,1703,1705,3408,0,0,0,1703,1705,3408
CANBERRA,2009,1,1585,1600,3185,0,0,0,1585,1600,3185
CANBERRA,2009,2,1758,1754,3512,0,0,0,1758,1754,3512
CANBERRA,2009,3,1939,1939,3878,0,0,0,1939,1939,3878
CANBERRA,2009,4,1897,1890,3787,0,0,0,1897,1890,3787
CANBERRA,2009,5,2006,1999,4005,0,0,0,2006,1999,4005
CANBERRA,2009,6,1923,1924,3847,0,0,0,1923,1924,3847
CANBERRA,2009,7,1961,1959,3920,0,0,0,1961,1959,3920
CANBERRA,2009,8,1939,1945,3884,0,0,0,1939,1945,3884
CANBERRA,2009,9,1907,1905,3812,0,0,0,1907,1905,3812
CANBERRA,2009,10,1831,1806,3637,0,0,0,1831,1806,3637
CANBERRA,2009,11,1873,1861,3734,0,0,0,1873,1861,3734
CANBERRA,2009,12,1763,1762,3525,0,0,0,1763,1762,3525
CANBERRA,2010,1,1570,1561,3131,0,0,0,1570,1561,3131
CANBERRA,2010,2,1772,1767,3539,0,0,0,1772,1767,3539
CANBERRA,2010,3,1969,1974,3943,0,0,0,1969,1974,3943
CANBERRA,2010,4,1850,1850,3700,0,0,0,1850,1850,3700
CANBERRA,2010,5,1908,1916,3824,0,0,0,1908,1916,3824
CANBERRA,2010,6,1847,1849,3696,0,0,0,1847,1849,3696
CANBERRA,2010,7,1868,1868,3736,0,0,0,1868,1868,3736
CANBERRA,2010,8,1854,1851,3705,0,0,0,1854,1851,3705
CANBERRA,2010,9,1765,1751,3516,0,0,0,1765,1751,3516
CANBERRA,2010,10,1905,1895,3800,0,0,0,1905,1895,3800
CANBERRA,2010,11,1887,1882,3769,0,0,0,1887,1882,3769
CANBERRA,2010,12,1767,1768,3535,0,0,0,1767,1768,3535
CANBERRA,2011,1,1539,1535,3074,0,0,0,1539,1535,3074
CANBERRA,2011,2,1737,1736,3473,0,0,0,1737,1736,3473
CANBERRA,2011,3,1956,1956,3912,0,0,0,1956,1956,3912
CANBERRA,2011,4,1771,1768,3539,0,0,0,1771,1768,3539
CANBERRA,2011,5,1881,1875,3756,0,0,0,1881,1875,3756
CANBERRA,2011,6,1732,1733,3465,0,0,0,1732,1733,3465
CANBERRA,2011,7,1883,1862,3745,0,0,0,1883,1862,3745
CANBERRA,2011,8,1928,1907,3835,0,0,0,1928,1907,3835
CANBERRA,2011,9,1857,1848,3705,0,0,0,1857,1848,3705
CANBERRA,2011,10,1818,1811,3629,0,0,0,1818,1811,3629
CANBERRA,2011,11,1879,1876,3755,0,0,0,1879,1876,3755
CANBERRA,2011,12,1737,1726,3463,0,0,0,1737,1726,3463
CANBERRA,2012,1,1495,1489,2984,0,0,0,1495,1489,2984
CANBERRA,2012,2,1795,1779,3574,0,0,0,1795,1779,3574
CANBERRA,2012,3,1893,1866,3759,0,0,0,1893,1866,3759
CANBERRA,2012,4,1763,1754,3517,0,0,0,1763,1754,3517
CANBERRA,2012,5,1836,1825,3661,0,0,0,1836,1825,3661
CANBERRA,2012,6,1661,1650,3311,0,0,0,1661,1650,3311
CANBERRA,2012,7,1808,1788,3596,0,0,0,1808,1788,3596
CANBERRA,2012,8,1858,1848,3706,0,0,0,1858,1848,3706
CANBERRA,2012,9,1742,1732,3474,0,0,0,1742,1732,3474
CANBERRA,2012,10,1840,1826,3666,0,0,0,1840,1826,3666
CANBERRA,2012,11,1807,1804,3611,0,0,0,1807,1804,3611
CANBERRA,2012,12,1582,1576,3158,0,0,0,1582,1576,3158
CANBERRA,2013,1,1487,1480,2967,0,0,0,1487,1480,2967
CANBERRA,2013,2,1675,1667,3342,0,0,0,1675,1667,3342
CANBERRA,2013,3,1826,1821,3647,0,0,0,1826,1821,3647
CANBERRA,2013,4,1752,1747,3499,0,0,0,1752,1747,3499
CANBERRA,2013,5,1853,1850,3703,0,0,0,1853,1850,3703
CANBERRA,2013,6,1728,1719,3447,0,0,0,1728,1719,3447
CANBERRA,2013,7,1819,1810,3629,0,0,0,1819,1810,3629
CANBERRA,2013,8,1794,1787,3581,0,0,0,1794,1787,3581
CANBERRA,2013,9,1752,1742,3494,0,0,0,1752,1742,3494
CANBERRA,2013,10,1818,1812,3630,0,0,0,1818,1812,3630
CANBERRA,2013,11,1746,1743,3489,0,0,0,1746,1743,3489
CANBERRA,2013,12,1638,1634,3272,0,0,0,1638,1634,3272
CANBERRA,2014,1,1428,1424,2852,0,0,0,1428,1424,2852
CANBERRA,2014,2,1568,1560,3128,0,0,0,1568,1560,3128
CANBERRA,2014,3,1716,1704,3420,0,0,0,1716,1704,3420
CANBERRA,2014,4,1638,1629,3267,0,0,0,1638,1629,3267
CANBERRA,2014,5,1722,1713,3435,0,0,0,1722,1713,3435
CANBERRA,2014,6,1655,1639,3294,0,0,0,1655,1639,3294
CANBERRA,2014,7,1726,1712,3438,0,0,0,1726,1712,3438
CANBERRA,2014,8,1714,1709,3423,0,0,0,1714,1709,3423
CANBERRA,2014,9,1690,1683,3373,0,0,0,1690,1683,3373
CANBERRA,2014,10,1741,1733,3474,0,0,0,1741,1733,3474
CANBERRA,2014,11,1613,1609,3222,0,0,0,1613,1609,3222
CANBERRA,2014,12,1575,1570,3145,0,0,0,1575,1570,3145
CANBERRA,2015,1,1382,1378,2760,0,0,0,1382,1378,2760
CANBERRA,2015,2,1530,1524,3054,0,0,0,1530,1524,3054
CANBERRA,2015,3,1684,1679,3363,0,0,0,1684,1679,3363
CANBERRA,2015,4,1539,1532,3071,0,0,0,1539,1532,3071
CANBERRA,2015,5,1623,1613,3236,0,0,0,1623,1613,3236
CANBERRA,2015,6,1618,1612,3230,0,0,0,1618,1612,3230
CANBERRA,2015,7,1679,1674,3353,0,0,0,1679,1674,3353
CANBERRA,2015,8,1664,1662,3326,0,0,0,1664,1662,3326
CANBERRA,2015,9,1644,1639,3283,0,0,0,1644,1639,3283
CANBERRA,2015,10,1706,1699,3405,0,0,0,1706,1699,3405
CANBERRA,2015,11,1679,1670,3349,0,0,0,1679,1670,3349
CANBERRA,2015,12,1472,1474,2946,0,0,0,1472,1474,2946
CANBERRA,2016,1,1286,1276,2562,0,0,0,1286,1276,2562
CANBERRA,2016,2,1628,1620,3248,0,0,0,1628,1620,3248
CANBERRA,2016,3,1677,1671,3348,0,0,0,1677,1671,3348
CANBERRA,2016,4,1617,1618,3235,0,0,0,1617,1618,3235
CANBERRA,2016,5,1682,1673,3355,0,0,0,1682,1673,3355
CANBERRA,2016,6,1546,1543,3089,0,0,0,1546,1543,3089
CANBERRA,2016,7,1633,1634,3267,0,0,0,1633,1634,3267
CANBERRA,2016,8,1729,1724,3453,0,0,0,1729,1724,3453
CANBERRA,2016,9,1630,1625,3255,12,12,24,1642,1637,3279
CANBERRA,2016,10,1635,1622,3257,36,36,72,1671,1658,3329
CANBERRA,2016,11,1643,1636,3279,34,34,68,1677,1670,3347
CANBERRA,2016,12,1472,1467,2939,36,36,72,1508,1503,3011
CANBERRA,2017,1,1251,1239,2490,36,36,72,1287,1275,2562
CANBERRA,2017,2,1576,1565,3141,35,35,70,1611,1600,3211
CANBERRA,2017,3,1718,1720,3438,36,36,72,1754,1756,3510
CANBERRA,2017,4,1497,1488,2985,35,35,70,1532,1523,3055
CANBERRA,2017,5,1697,1698,3395,35,35,70,1732,1733,3465
CANBERRA,2017,6,1602,1590,3192,35,35,70,1637,1625,3262
CANBERRA,2017,7,1698,1690,3388,36,36,72,1734,1726,3460
CANBERRA,2017,8,1753,1746,3499,33,33,66,1786,1779,3565
CANBERRA,2017,9,1633,1627,3260,32,32,64,1665,1659,3324
CANBERRA,2017,10,1693,1686,3379,34,34,68,1727,1720,3447
CANBERRA,2017,11,1691,1687,3378,34,34,68,1725,1721,3446
CANBERRA,2017,12,1492,1488,2980,36,36,72,1528,1524,3052
CANBERRA,2018,1,1287,1278,2565,36,36,72,1323,1314,2637
CANBERRA,2018,2,1556,1555,3111,49,49,98,1605,1604,3209
CANBERRA,2018,3,1716,1707,3423,60,60,120,1776,1767,3543
CANBERRA,2018,4,1519,1515,3034,65,65,130,1584,1580,3164
CANBERRA,2018,5,1730,1724,3454,62,62,124,1792,1786,3578
CANBERRA,2018,6,1602,1600,3202,60,60,120,1662,1660,3322
CANBERRA,2018,7,1698,1694,3392,63,63,126,1761,1757,3518
CANBERRA,2018,8,1751,1746,3497,62,62,124,1813,1808,3621
CANBERRA,2018,9,1641,1645,3286,60,60,120,1701,1705,3406
CANBERRA,2018,10,1708,1703,3411,62,62,124,1770,1765,3535
CANBERRA,2018,11,1666,1662,3328,60,60,120,1726,1722,3448
CANBERRA,2018,12,1453,1454,2907,61,61,122,1514,1515,3029
CANBERRA,2019,1,1290,1284,2574,63,63,126,1353,1347,2700
CANBERRA,2019,2,1549,1546,3095,56,56,112,1605,1602,3207
CANBERRA,2019,3,1681,1678,3359,62,62,124,1743,1740,3483
CANBERRA,2019,4,1593,1588,3181,60,60,120,1653,1648,3301
CANBERRA,2019,5,1700,1686,3386,62,62,124,1762,1748,3510
CANBERRA,2019,6,1591,1581,3172,60,60,120,1651,1641,3292
CANBERRA,2019,7,1709,1706,3415,62,62,124,1771,1768,3539
CANBERRA,2019,8,1694,1690,3384,62,62,124,1756,1752,3508
CANBERRA,2019,9,1682,1678,3360,60,60,120,1742,1738,3480
CANBERRA,2019,10,1731,1725,3456,62,61,123,1793,1786,3579
CANBERRA,2019,11,1647,1643,3290,58,58,116,1705,1701,3406
CANBERRA,2019,12,1475,1477,2952,62,62,124,1537,1539,3076
CANBERRA,2020,1,1233,1230,2463,62,62,124,1295,1292,2587
CANBERRA,2020,2,1541,1532,3073,58,58,116,1599,1590,3189
CANBERRA,2020,3,1284,1280,2564,43,43,86,1327,1323,2650
CANBERRA,2020,4,125,126,251,0,0,0,125,126,251
CANBERRA,2020,5,91,91,182,0,0,0,91,91,182
CANBERRA,2020,6,155,155,310,0,0,0,155,155,310
CANBERRA,2020,7,229,228,457,0,0,0,229,228,457
CANBERRA,2020,8,200,199,399,0,0,0,200,199,399
CANBERRA,2020,9,171,170,341,0,0,0,171,170,341
CANBERRA,2020,10,320,320,640,0,0,0,320,320,640
CANBERRA,2020,11,492,492,984,1,1,2,493,493,986
CANBERRA,2020,12,706,711,1417,0,0,0,706,711,1417
CANBERRA,2021,1,707,706,1413,0,0,0,707,706,1413
CANBERRA,2021,2,858,849,1707,0,0,0,858,849,1707
CANBERRA,2021,3,952,950,1902,1,0,1,953,950,1903
CANBERRA,2021,4,1054,1056,2110,0,0,0,1054,1056,2110
CANBERRA,2021,5,1394,1387,2781,0,0,0,1394,1387,2781
CANBERRA,2021,6,1167,1168,2335,0,0,0,1167,1168,2335
CANBERRA,2021,7,714,715,1429,0,0,0,714,715,1429
CANBERRA,2021,8,268,273,541,0,0,0,268,273,541
CANBERRA,2021,9,155,158,313,0,0,0,155,158,313
CANBERRA,2021,10,167,167,334,0,0,0,167,167,334
CANBERRA,2021,11,536,528,1064,0,0,0,536,528,1064
CANBERRA,2021,12,1005,999,2004,0,0,0,1005,999,2004
CANBERRA,2022,1,867,866,1733,0,0,0,867,866,1733
CANBERRA,2022,2,909,902,1811,0,0,0,909,902,1811
CANBERRA,2022,3,1342,1345,2687,0,0,0,1342,1345,2687
CANBERRA,2022,4,1671,1668,3339,0,0,0,1671,1668,3339
CANBERRA,2022,5,1837,1832,3669,0,0,0,1837,1832,3669
CANBERRA,2022,6,1656,1657,3313,0,0,0,1656,1657,3313
CANBERRA,2022,7,1664,1663,3327,0,0,0,1664,1663,3327
CANBERRA,2022,8,1665,1662,3327,0,0,0,1665,1662,3327
CANBERRA,2022,9,1567,1562,3129,0,0,0,1567,1562,3129
CANBERRA,2022,10,1588,1591,3179,0,0,0,1588,1591,3179
CANBERRA,2022,11,1633,1634,3267,0,0,0,1633,1634,3267
CANBERRA,2022,12,1565,1570,3135,0,0,0,1565,1570,3135
CANBERRA,2023,1,1390,1385,2775,0,0,0,1390,1385,2775
CANBERRA,2023,2,1544,1538,3082,0,0,0,1544,1538,3082
CANBERRA,2023,3,1756,1748,3504,0,0,0,1756,1748,3504
CANBERRA,2023,4,1623,1618,3241,1,1,2,1624,1619,3243
CANBERRA,2023,5,1828,1818,3646,0,0,0,1828,1818,3646
CANBERRA,2023,6,1730,1726,3456,0,0,0,1730,1726,3456
CANBERRA,2023,7,1718,1710,3428,3,3,6,1721,1713,3434
CANBERRA,2023,8,1793,1791,3584,9,9,18,1802,1800,3602
CANBERRA,2023,9,1728,1726,3454,9,9,18,1737,1735,3472
CANBERRA,2023,10,1746,1742,3488,14,14,28,1760,1756,3516
CANBERRA,2023,11,1703,1699,3402,12,12,24,1715,1711,3426
CANBERRA,2023,12,1493,1488,2981,14,14,28,1507,1502,3009
CANBERRA,2024,1,1298,1292,2590,13,13,26,1311,1305,2616
CANBERRA,2024,2,1598,1591,3189,8,8,16,1606,1599,3205
CANBERRA,2024,3,1692,1682,3374,10,10,20,1702,1692,3394
CANBERRA,2024,4,1596,1585,3181,13,13,26,1609,1598,3207
CANBERRA,2024,5,1674,1664,3338,9,9,18,1683,1673,3356
CANBERRA,2024,6,1556,1546,3102,19,19,38,1575,1565,3140
CANBERRA,2024,7,1610,1602,3212,25,25,50,1635,1627,3262
CANBERRA,2024,8,1584,1578,3162,21,21,42,1605,1599,3204
CANBERRA,2024,9,1530,1532,3062,19,19,38,1549,1551,3100
CANBERRA,2024,10,1609,1596,3205,21,21,42,1630,1617,3247
CANBERRA,2024,11,1600,1590,3190,13,13,26,1613,1603,3216
CANBERRA,2024,12,1354,1354,2708,20,19,39,1374,1373,2747
CANBERRA,2025,1,1129,1121,2250,16,17,33,1145,1138,2283
CANBERRA,2025,2,1464,1450,2914,12,12,24,1476,1462,2938
CANBERRA,2025,3,1583,1575,3158,13,13,26,1596,1588,3184
CANBERRA,2025,4,1532,1519,3051,13,13,26,1545,1532,3077
CANBERRA,2025,5,1594,1583,3177,13,13,26,1607,1596,3203
CANBERRA,2025,6,1498,1497,2995,13,13,26,1511,1510,3021
DARWIN,1985,1,474,470,944,30,29,59,504,499,1003
DARWIN,1985,2,403,405,808,24,24,48,427,429,856
DARWIN,1985,3,423,424,847,28,29,57,451,453,904
DARWIN,1985,4,391,392,783,28,28,56,419,420,839
DARWIN,1985,5,415,413,828,27,27,54,442,440,882
DARWIN,1985,6,356,419,775,28,28,56,384,447,831
DARWIN,1985,7,440,441,881,33,33,66,473,474,947
DARWIN,1985,8,458,461,919,27,26,53,485,487,972
DARWIN,1985,9,437,439,876,27,28,55,464,467,931
DARWIN,1985,10,469,470,939,28,27,55,497,497,994
DARWIN,1985,11,437,439,876,27,27,54,464,466,930
DARWIN,1985,12,411,421,832,31,32,63,442,453,895
DARWIN,1986,1,424,416,840,32,32,64,456,448,904
DARWIN,1986,2,330,335,665,24,24,48,354,359,713
DARWIN,1986,3,387,396,783,29,29,58,416,425,841
DARWIN,1986,4,350,359,709,47,48,95,397,407,804
DARWIN,1986,5,379,388,767,46,45,91,425,433,858
DARWIN,1986,6,455,459,914,38,40,78,493,499,992
DARWIN,1986,7,515,510,1025,49,49,98,564,559,1123
DARWIN,1986,8,485,493,978,47,49,96,532,542,1074
DARWIN,1986,9,460,458,918,37,39,76,497,497,994
DARWIN,1986,10,504,540,1044,43,44,87,547,584,1131
DARWIN,1986,11,436,435,871,39,39,78,475,474,949
DARWIN,1986,12,484,491,975,51,51,102,535,542,1077
DARWIN,1987,1,495,464,959,54,53,107,549,517,1066
DARWIN,1987,2,375,376,751,40,40,80,415,416,831
DARWIN,1987,3,476,462,938,44,45,89,520,507,1027
DARWIN,1987,4,410,408,818,51,52,103,461,460,921
DARWIN,1987,5,449,457,906,50,50,100,499,507,1006
DARWIN,1987,6,496,502,998,48,49,97,544,551,1095
DARWIN,1987,7,479,485,964,54,54,108,533,539,1072
DARWIN,1987,8,454,451,905,49,49,98,503,500,1003
DARWIN,1987,9,475,484,959,51,51,102,526,535,1061
DARWIN,1987,10,501,505,1006,56,55,111,557,560,1117
DARWIN,1987,11,430,429,859,54,56,110,484,485,969
DARWIN,1987,12,446,454,900,60,60,120,506,514,1020
DARWIN,1988,1,434,436,870,62,61,123,496,497,993
DARWIN,1988,2,395,401,796,56,56,112,451,457,908
DARWIN,1988,3,460,462,922,56,55,111,516,517,1033
DARWIN,1988,4,404,409,813,63,63,126,467,472,939
DARWIN,1988,5,409,418,827,64,63,127,473,481,954
DARWIN,1988,6,468,469,937,59,60,119,527,529,1056
DARWIN,1988,7,581,587,1168,67,67,134,648,654,1302
DARWIN,1988,8,530,525,1055,62,62,124,592,587,1179
DARWIN,1988,9,468,471,939,60,59,119,528,530,1058
DARWIN,1988,10,443,454,897,65,65,130,508,519,1027
DARWIN,1988,11,390,399,789,51,54,105,441,453,894
DARWIN,1988,12,406,424,830,55,54,109,461,478,939
DARWIN,1989,1,409,406,815,54,53,107,463,459,922
DARWIN,1989,2,381,380,761,51,49,100,432,429,861
DARWIN,1989,3,208,210,418,54,54,108,262,264,526
DARWIN,1989,4,439,441,880,51,52,103,490,493,983
DARWIN,1989,5,217,216,433,53,53,106,270,269,539
DARWIN,1989,6,228,226,454,55,55,110,283,281,564
DARWIN,1989,7,270,264,534,57,56,113,327,320,647
DARWIN,1989,8,183,184,367,57,58,115,240,242,482
DARWIN,1989,9,17,14,31,65,62,127,82,76,158
DARWIN,1989,10,45,43,88,66,62,128,111,105,216
DARWIN,1989,11,104,103,207,58,56,114,162,159,321
DARWIN,1989,12,149,153,302,57,53,110,206,206,412
DARWIN,1990,1,182,180,362,62,60,122,244,240,484
DARWIN,1990,2,181,180,361,48,48,96,229,228,457
DARWIN,1990,3,198,196,394,54,54,108,252,250,502
DARWIN,1990,4,199,199,398,55,54,109,254,253,507
DARWIN,1990,5,214,212,426,58,57,115,272,269,541
DARWIN,1990,6,222,223,445,56,56,112,278,279,557
DARWIN,1990,7,252,249,501,61,61,122,313,310,623
DARWIN,1990,8,246,243,489,59,59,118,305,302,607
DARWIN,1990,9,233,228,461,53,53,106,286,281,567
DARWIN,1990,10,242,237,479,52,52,104,294,289,583
DARWIN,1990,11,234,232,466,62,62,124,296,294,590
DARWIN,1990,12,243,241,484,65,66,131,308,307,615
DARWIN,1991,1,250,246,496,65,65,130,315,311,626
DARWIN,1991,2,207,203,410,56,56,112,263,259,522
DARWIN,1991,3,228,223,451,64,64,128,292,287,579
DARWIN,1991,4,216,210,426,67,67,134,283,277,560
DARWIN,1991,5,234,228,462,76,76,152,310,304,614
DARWIN,1991,6,288,285,573,70,70,140,358,355,713
DARWIN,1991,7,325,328,653,68,68,136,393,396,789
DARWIN,1991,8,323,321,644,74,74,148,397,395,792
DARWIN,1991,9,311,310,621,70,70,140,381,380,761
DARWIN,1991,10,373,378,751,70,70,140,443,448,891
DARWIN,1991,11,508,505,1013,72,72,144,580,577,1157
DARWIN,1991,12,550,541,1091,78,78,156,628,619,1247
DARWIN,1992,1,580,567,1147,80,79,159,660,646,1306
DARWIN,1992,2,508,513,1021,74,74,148,582,587,1169
DARWIN,1992,3,572,565,1137,79,79,158,651,644,1295
DARWIN,1992,4,526,521,1047,80,80,160,606,601,1207
DARWIN,1992,5,560,557,1117,81,81,162,641,638,1279
DARWIN,1992,6,558,563,1121,74,74,148,632,637,1269
DARWIN,1992,7,583,594,1177,80,80,160,663,674,1337
DARWIN,1992,8,498,498,996,81,81,162,579,579,1158
DARWIN,1992,9,579,584,1163,78,78,156,657,662,1319
DARWIN,1992,10,545,547,1092,82,82,164,627,629,1256
DARWIN,1992,11,528,527,1055,82,82,164,610,609,1219
DARWIN,1992,12,597,598,1195,83,83,166,680,681,1361
DARWIN,1993,1,560,558,1118,77,77,154,637,635,1272
DARWIN,1993,2,494,493,987,68,68,136,562,561,1123
DARWIN,1993,3,549,552,1101,75,75,150,624,627,1251
DARWIN,1993,4,576,576,1152,88,88,176,664,664,1328
DARWIN,1993,5,589,592,1181,90,90,180,679,682,1361
DARWIN,1993,6,584,586,1170,84,84,168,668,670,1338
DARWIN,1993,7,647,654,1301,104,104,208,751,758,1509
DARWIN,1993,8,618,618,1236,98,98,196,716,716,1432
DARWIN,1993,9,635,634,1269,101,101,202,736,735,1471
DARWIN,1993,10,648,649,1297,115,115,230,763,764,1527
DARWIN,1993,11,629,630,1259,108,108,216,737,738,1475
DARWIN,1993,12,646,641,1287,121,122,243,767,763,1530
DARWIN,1994,1,622,620,1242,120,120,240,742,740,1482
DARWIN,1994,2,556,555,1111,105,105,210,661,660,1321
DARWIN,1994,3,649,649,1298,118,117,235,767,766,1533
DARWIN,1994,4,616,615,1231,123,123,246,739,738,1477
DARWIN,1994,5,661,662,1323,125,125,250,786,787,1573
DARWIN,1994,6,685,685,1370,127,127,254,812,812,1624
DARWIN,1994,7,721,722,1443,142,142,284,863,864,1727
DARWIN,1994,8,715,714,1429,132,133,265,847,847,1694
DARWIN,1994,9,703,702,1405,133,133,266,836,835,1671
DARWIN,1994,10,722,721,1443,139,139,278,861,860,1721
DARWIN,1994,11,707,708,1415,126,125,251,833,833,1666
DARWIN,1994,12,737,731,1468,141,141,282,878,872,1750
DARWIN,1995,1,726,726,1452,139,137,276,865,863,1728
DARWIN,1995,2,661,658,1319,121,121,242,782,779,1561
DARWIN,1995,3,737,731,1468,131,132,263,868,863,1731
DARWIN,1995,4,763,757,1520,129,128,257,892,885,1777
DARWIN,1995,5,787,788,1575,137,139,276,924,927,1851
DARWIN,1995,6,759,758,1517,135,134,269,894,892,1786
DARWIN,1995,7,832,832,1664,150,150,300,982,982,1964
DARWIN,1995,8,841,842,1683,141,140,281,982,982,1964
DARWIN,1995,9,834,835,1669,135,136,271,969,971,1940
DARWIN,1995,10,880,879,1759,138,138,276,1018,1017,2035
DARWIN,1995,11,811,810,1621,137,137,274,948,947,1895
DARWIN,1995,12,823,820,1643,141,142,283,964,962,1926
DARWIN,1996,1,890,889,1779,140,140,280,1030,1029,2059
DARWIN,1996,2,809,804,1613,129,127,256,938,931,1869
DARWIN,1996,3,864,862,1726,138,138,276,1002,1000,2002
DARWIN,1996,4,892,892,1784,144,144,288,1036,1036,2072
DARWIN,1996,5,905,899,1804,144,145,289,1049,1044,2093
DARWIN,1996,6,836,833,1669,147,146,293,983,979,1962
DARWIN,1996,7,892,892,1784,159,162,321,1051,1054,2105
DARWIN,1996,8,880,881,1761,148,147,295,1028,1028,2056
DARWIN,1996,9,848,847,1695,150,150,300,998,997,1995
DARWIN,1996,10,898,898,1796,159,158,317,1057,1056,2113
DARWIN,1996,11,861,861,1722,155,155,310,1016,1016,2032
DARWIN,1996,12,874,875,1749,166,166,332,1040,1041,2081
DARWIN,1997,1,864,861,1725,161,165,326,1025,1026,2051
DARWIN,1997,2,753,752,1505,145,146,291,898,898,1796
DARWIN,1997,3,835,837,1672,162,162,324,997,999,1996
DARWIN,1997,4,837,838,1675,163,163,326,1000,1001,2001
DARWIN,1997,5,864,866,1730,169,168,337,1033,1034,2067
DARWIN,1997,6,837,834,1671,169,170,339,1006,1004,2010
DARWIN,1997,7,846,846,1692,169,168,337,1015,1014,2029
DARWIN,1997,8,830,830,1660,169,170,339,999,1000,1999
DARWIN,1997,9,815,814,1629,166,165,331,981,979,1960
DARWIN,1997,10,847,845,1692,169,171,340,1016,1016,2032
DARWIN,1997,11,792,791,1583,178,176,354,970,967,1937
DARWIN,1997,12,832,828,1660,183,182,365,1015,1010,2025
DARWIN,1998,1,805,807,1612,182,181,363,987,988,1975
DARWIN,1998,2,739,740,1479,163,163,326,902,903,1805
DARWIN,1998,3,822,821,1643,179,179,358,1001,1000,2001
DARWIN,1998,4,817,817,1634,168,167,335,985,984,1969
DARWIN,1998,5,834,834,1668,170,171,341,1004,1005,2009
DARWIN,1998,6,826,826,1652,168,168,336,994,994,1988
DARWIN,1998,7,891,890,1781,170,171,341,1061,1061,2122
DARWIN,1998,8,868,869,1737,169,167,336,1037,1036,2073
DARWIN,1998,9,853,851,1704,163,165,328,1016,1016,2032
DARWIN,1998,10,885,887,1772,172,170,342,1057,1057,2114
DARWIN,1998,11,892,892,1784,164,164,328,1056,1056,2112
DARWIN,1998,12,913,913,1826,170,171,341,1083,1084,2167
DARWIN,1999,1,888,886,1774,168,168,336,1056,1054,2110
DARWIN,1999,2,832,830,1662,153,153,306,985,983,1968
DARWIN,1999,3,930,927,1857,166,167,333,1096,1094,2190
DARWIN,1999,4,880,880,1760,156,156,312,1036,1036,2072
DARWIN,1999,5,890,893,1783,163,161,324,1053,1054,2107
DARWIN,1999,6,879,878,1757,156,158,314,1035,1036,2071
DARWIN,1999,7,819,821,1640,164,162,326,983,983,1966
DARWIN,1999,8,846,844,1690,157,157,314,1003,1001,2004
DARWIN,1999,9,836,834,1670,155,156,311,991,990,1981
DARWIN,1999,10,830,829,1659,158,158,316,988,987,1975
DARWIN,1999,11,797,797,1594,148,147,295,945,944,1889
DARWIN,1999,12,745,746,1491,138,138,276,883,884,1767
DARWIN,2000,1,729,726,1455,135,135,270,864,861,1725
DARWIN,2000,2,688,689,1377,126,126,252,814,815,1629
DARWIN,2000,3,830,827,1657,137,139,276,967,966,1933
DARWIN,2000,4,743,742,1485,132,131,263,875,873,1748
DARWIN,2000,5,778,777,1555,156,157,313,934,934,1868
DARWIN,2000,6,790,789,1579,155,155,310,945,944,1889
DARWIN,2000,7,806,808,1614,164,163,327,970,971,1941
DARWIN,2000,8,824,828,1652,191,191,382,1015,1019,2034
DARWIN,2000,9,802,802,1604,190,190,380,992,992,1984
DARWIN,2000,10,798,802,1600,193,191,384,991,993,1984
DARWIN,2000,11,774,774,1548,181,181,362,955,955,1910
DARWIN,2000,12,729,735,1464,185,187,372,914,922,1836
DARWIN,2001,1,708,708,1416,186,188,374,894,896,1790
DARWIN,2001,2,672,673,1345,112,112,224,784,785,1569
DARWIN,2001,3,767,765,1532,123,121,244,890,886,1776
DARWIN,2001,4,749,753,1502,120,120,240,869,873,1742
DARWIN,2001,5,785,793,1578,125,125,250,910,918,1828
DARWIN,2001,6,751,749,1500,116,116,232,867,865,1732
DARWIN,2001,7,815,810,1625,123,123,246,938,933,1871
DARWIN,2001,8,790,791,1581,121,122,243,911,913,1824
DARWIN,2001,9,618,624,1242,114,113,227,732,737,1469
DARWIN,2001,10,493,491,984,113,114,227,606,605,1211
DARWIN,2001,11,512,516,1028,108,108,216,620,624,1244
DARWIN,2001,12,512,514,1026,73,72,145,585,586,1171
DARWIN,2002,1,610,615,1225,73,72,145,683,687,1370
DARWIN,2002,2,597,595,1192,49,49,98,646,644,1290
DARWIN,2002,3,663,663,1326,54,54,108,717,717,1434
DARWIN,2002,4,658,656,1314,49,49,98,707,705,1412
DARWIN,2002,5,681,683,1364,58,59,117,739,742,1481
DARWIN,2002,6,679,682,1361,58,57,115,737,739,1476
DARWIN,2002,7,726,723,1449,56,57,113,782,780,1562
DARWIN,2002,8,726,725,1451,61,60,121,787,785,1572
DARWIN,2002,9,706,706,1412,58,59,117,764,765,1529
DARWIN,2002,10,723,722,1445,60,58,118,783,780,1563
DARWIN,2002,11,644,643,1287,52,52,104,696,695,1391
DARWIN,2002,12,638,640,1278,61,61,122,699,701,1400
DARWIN,2003,1,635,636,1271,60,60,120,695,696,1391
DARWIN,2003,2,568,563,1131,43,44,87,611,607,1218
DARWIN,2003,3,630,626,1256,51,50,101,681,676,1357
DARWIN,2003,4,640,636,1276,48,49,97,688,685,1373
DARWIN,2003,5,668,675,1343,54,53,107,722,728,1450
DARWIN,2003,6,668,665,1333,52,52,104,720,717,1437
DARWIN,2003,7,754,754,1508,53,53,106,807,807,1614
DARWIN,2003,8,729,734,1463,55,55,110,784,789,1573
DARWIN,2003,9,702,702,1404,52,52,104,754,754,1508
DARWIN,2003,10,722,716,1438,54,55,109,776,771,1547
DARWIN,2003,11,631,634,1265,56,55,111,687,689,1376
DARWIN,2003,12,524,520,1044,59,59,118,583,579,1162
DARWIN,2004,1,524,545,1069,59,59,118,583,604,1187
DARWIN,2004,2,492,508,1000,53,53,106,545,561,1106
DARWIN,2004,3,547,566,1113,57,57,114,604,623,1227
DARWIN,2004,4,589,605,1194,57,58,115,646,663,1309
DARWIN,2004,5,655,672,1327,72,71,143,727,743,1470
DARWIN,2004,6,629,644,1273,78,78,156,707,722,1429
DARWIN,2004,7,642,660,1302,85,85,170,727,745,1472
DARWIN,2004,8,638,659,1297,83,83,166,721,742,1463
DARWIN,2004,9,608,626,1234,82,82,164,690,708,1398
DARWIN,2004,10,611,626,1237,84,84,168,695,710,1405
DARWIN,2004,11,530,552,1082,76,74,150,606,626,1232
DARWIN,2004,12,545,558,1103,91,92,183,636,650,1286
DARWIN,2005,1,545,559,1104,82,81,163,627,640,1267
DARWIN,2005,2,517,534,1051,68,68,136,585,602,1187
DARWIN,2005,3,580,598,1178,73,74,147,653,672,1325
DARWIN,2005,4,622,640,1262,84,83,167,706,723,1429
DARWIN,2005,5,646,662,1308,86,86,172,732,748,1480
DARWIN,2005,6,670,686,1356,100,101,201,770,787,1557
DARWIN,2005,7,633,650,1283,110,110,220,743,760,1503
DARWIN,2005,8,648,666,1314,93,92,185,741,758,1499
DARWIN,2005,9,450,485,935,82,82,164,532,567,1099
DARWIN,2005,10,599,615,1214,83,83,166,682,698,1380
DARWIN,2005,11,560,577,1137,74,74,148,634,651,1285
DARWIN,2005,12,555,573,1128,83,83,166,638,656,1294
DARWIN,2006,1,546,563,1109,104,104,208,650,667,1317
DARWIN,2006,2,502,517,1019,96,96,192,598,613,1211
DARWIN,2006,3,561,571,1132,107,107,214,668,678,1346
DARWIN,2006,4,572,580,1152,108,108,216,680,688,1368
DARWIN,2006,5,669,687,1356,108,108,216,777,795,1572
DARWIN,2006,6,659,669,1328,107,107,214,766,776,1542
DARWIN,2006,7,675,675,1350,128,128,256,803,803,1606
DARWIN,2006,8,685,688,1373,122,123,245,807,811,1618
DARWIN,2006,9,645,633,1278,108,107,215,753,740,1493
DARWIN,2006,10,645,647,1292,114,114,228,759,761,1520
DARWIN,2006,11,628,622,1250,122,123,245,750,745,1495
DARWIN,2006,12,583,577,1160,131,131,262,714,708,1422
DARWIN,2007,1,590,585,1175,129,128,257,719,713,1432
DARWIN,2007,2,548,547,1095,113,113,226,661,660,1321
DARWIN,2007,3,621,614,1235,126,127,253,747,741,1488
DARWIN,2007,4,608,605,1213,125,124,249,733,729,1462
DARWIN,2007,5,657,640,1297,125,127,252,782,767,1549
DARWIN,2007,6,664,648,1312,132,131,263,796,779,1575
DARWIN,2007,7,676,678,1354,140,140,280,816,818,1634
DARWIN,2007,8,676,676,1352,139,138,277,815,814,1629
DARWIN,2007,9,623,625,1248,138,138,276,761,763,1524
DARWIN,2007,10,663,665,1328,143,142,285,806,807,1613
DARWIN,2007,11,638,633,1271,132,132,264,770,765,1535
DARWIN,2007,12,664,658,1322,142,144,286,806,802,1608
DARWIN,2008,1,671,662,1333,144,143,287,815,805,1620
DARWIN,2008,2,620,616,1236,112,112,224,732,728,1460
DARWIN,2008,3,651,653,1304,123,124,247,774,777,1551
DARWIN,2008,4,674,675,1349,149,148,297,823,823,1646
DARWIN,2008,5,699,688,1387,176,176,352,875,864,1739
DARWIN,2008,6,683,682,1365,173,173,346,856,855,1711
DARWIN,2008,7,708,707,1415,180,180,360,888,887,1775
DARWIN,2008,8,691,691,1382,176,176,352,867,867,1734
DARWIN,2008,9,663,657,1320,208,209,417,871,866,1737
DARWIN,2008,10,672,664,1336,217,217,434,889,881,1770
DARWIN,2008,11,681,675,1356,189,189,378,870,864,1734
DARWIN,2008,12,749,739,1488,256,256,512,1005,995,2000
DARWIN,2009,1,721,714,1435,252,252,504,973,966,1939
DARWIN,2009,2,656,654,1310,228,227,455,884,881,1765
DARWIN,2009,3,731,731,1462,245,245,490,976,976,1952
DARWIN,2009,4,769,766,1535,227,218,445,996,984,1980
DARWIN,2009,5,852,852,1704,228,220,448,1080,1072,2152
DARWIN,2009,6,882,877,1759,216,214,430,1098,1091,2189
DARWIN,2009,7,925,927,1852,212,212,424,1137,1139,2276
DARWIN,2009,8,919,917,1836,212,212,424,1131,1129,2260
DARWIN,2009,9,891,899,1790,207,207,414,1098,1106,2204
DARWIN,2009,10,884,910,1794,211,211,422,1095,1121,2216
DARWIN,2009,11,859,861,1720,210,206,416,1069,1067,2136
DARWIN,2009,12,866,866,1732,229,226,455,1095,1092,2187
DARWIN,2010,1,847,852,1699,226,227,453,1073,1079,2152
DARWIN,2010,2,811,813,1624,194,189,383,1005,1002,2007
DARWIN,2010,3,927,931,1858,214,210,424,1141,1141,2282
DARWIN,2010,4,898,899,1797,193,188,381,1091,1087,2178
DARWIN,2010,5,928,926,1854,199,191,390,1127,1117,2244
DARWIN,2010,6,905,902,1807,203,197,400,1108,1099,2207
DARWIN,2010,7,986,991,1977,222,221,443,1208,1212,2420
DARWIN,2010,8,998,997,1995,220,219,439,1218,1216,2434
DARWIN,2010,9,953,949,1902,211,211,422,1164,1160,2324
DARWIN,2010,10,970,970,1940,218,218,436,1188,1188,2376
DARWIN,2010,11,905,902,1807,213,214,427,1118,1116,2234
DARWIN,2010,12,929,927,1856,210,209,419,1139,1136,2275
DARWIN,2011,1,909,896,1805,209,206,415,1118,1102,2220
DARWIN,2011,2,763,761,1524,184,183,367,947,944,1891
DARWIN,2011,3,935,937,1872,224,222,446,1159,1159,2318
DARWIN,2011,4,924,920,1844,222,223,445,1146,1143,2289
DARWIN,2011,5,933,933,1866,227,227,454,1160,1160,2320
DARWIN,2011,6,929,926,1855,220,220,440,1149,1146,2295
DARWIN,2011,7,1079,1082,2161,170,170,340,1249,1252,2501
DARWIN,2011,8,1061,1072,2133,163,163,326,1224,1235,2459
DARWIN,2011,9,1003,1011,2014,163,163,326,1166,1174,2340
DARWIN,2011,10,1012,1000,2012,160,161,321,1172,1161,2333
DARWIN,2011,11,973,959,1932,141,143,284,1114,1102,2216
DARWIN,2011,12,973,950,1923,158,158,316,1131,1108,2239
DARWIN,2012,1,956,938,1894,157,157,314,1113,1095,2208
DARWIN,2012,2,912,890,1802,128,127,255,1040,1017,2057
DARWIN,2012,3,1022,1004,2026,144,140,284,1166,1144,2310
DARWIN,2012,4,978,974,1952,188,185,373,1166,1159,2325
DARWIN,2012,5,971,969,1940,164,161,325,1135,1130,2265
DARWIN,2012,6,952,941,1893,166,167,333,1118,1108,2226
DARWIN,2012,7,1035,1027,2062,181,182,363,1216,1209,2425
DARWIN,2012,8,1029,1038,2067,168,163,331,1197,1201,2398
DARWIN,2012,9,977,997,1974,154,152,306,1131,1149,2280
DARWIN,2012,10,1037,1060,2097,160,156,316,1197,1216,2413
DARWIN,2012,11,994,1024,2018,135,128,263,1129,1152,2281
DARWIN,2012,12,744,779,1523,146,144,290,890,923,1813
DARWIN,2013,1,894,932,1826,139,138,277,1033,1070,2103
DARWIN,2013,2,851,878,1729,117,115,232,968,993,1961
DARWIN,2013,3,966,982,1948,134,132,266,1100,1114,2214
DARWIN,2013,4,976,985,1961,135,129,264,1111,1114,2225
DARWIN,2013,5,1018,1021,2039,133,127,260,1151,1148,2299
DARWIN,2013,6,950,957,1907,191,186,377,1141,1143,2284
DARWIN,2013,7,1046,1074,2120,224,217,441,1270,1291,2561
DARWIN,2013,8,1029,1069,2098,213,208,421,1242,1277,2519
DARWIN,2013,9,972,992,1964,167,163,330,1139,1155,2294
DARWIN,2013,10,1006,1026,2032,172,170,342,1178,1196,2374
DARWIN,2013,11,934,955,1889,171,166,337,1105,1121,2226
DARWIN,2013,12,914,940,1854,192,186,378,1106,1126,2232
DARWIN,2014,1,936,954,1890,194,190,384,1130,1144,2274
DARWIN,2014,2,837,857,1694,157,151,308,994,1008,2002
DARWIN,2014,3,969,989,1958,171,166,337,1140,1155,2295
DARWIN,2014,4,1038,1047,2085,134,134,268,1172,1181,2353
DARWIN,2014,5,1078,1093,2171,134,134,268,1212,1227,2439
DARWIN,2014,6,1043,1030,2073,135,134,269,1178,1164,2342
DARWIN,2014,7,1076,1063,2139,149,148,297,1225,1211,2436
DARWIN,2014,8,1049,1041,2090,146,146,292,1195,1187,2382
DARWIN,2014,9,1034,1022,2056,139,139,278,1173,1161,2334
DARWIN,2014,10,1089,1083,2172,138,134,272,1227,1217,2444
DARWIN,2014,11,995,982,1977,110,111,221,1105,1093,2198
DARWIN,2014,12,998,989,1987,129,128,257,1127,1117,2244
DARWIN,2015,1,954,950,1904,130,131,261,1084,1081,2165
DARWIN,2015,2,889,879,1768,104,104,208,993,983,1976
DARWIN,2015,3,999,988,1987,112,112,224,1111,1100,2211
DARWIN,2015,4,1068,1056,2124,107,106,213,1175,1162,2337
DARWIN,2015,5,1040,1031,2071,109,107,216,1149,1138,2287
DARWIN,2015,6,1072,1064,2136,119,121,240,1191,1185,2376
DARWIN,2015,7,1125,1119,2244,130,127,257,1255,1246,2501
DARWIN,2015,8,1091,1072,2163,118,120,238,1209,1192,2401
DARWIN,2015,9,1092,1063,2155,111,111,222,1203,1174,2377
DARWIN,2015,10,1101,1078,2179,110,111,221,1211,1189,2400
DARWIN,2015,11,1027,1006,2033,108,104,212,1135,1110,2245
DARWIN,2015,12,1054,1032,2086,125,126,251,1179,1158,2337
DARWIN,2016,1,996,973,1969,131,131,262,1127,1104,2231
DARWIN,2016,2,961,941,1902,105,106,211,1066,1047,2113
DARWIN,2016,3,1035,1027,2062,115,114,229,1150,1141,2291
DARWIN,2016,4,1051,1029,2080,125,125,250,1176,1154,2330
DARWIN,2016,5,1042,1015,2057,126,127,253,1168,1142,2310
DARWIN,2016,6,1116,1082,2198,124,124,248,1240,1206,2446
DARWIN,2016,7,1154,1126,2280,139,140,279,1293,1266,2559
DARWIN,2016,8,1154,1131,2285,124,123,247,1278,1254,2532
DARWIN,2016,9,1109,1082,2191,120,121,241,1229,1203,2432
DARWIN,2016,10,1116,1093,2209,124,124,248,1240,1217,2457
DARWIN,2016,11,1064,1038,2102,115,113,228,1179,1151,2330
DARWIN,2016,12,1056,1030,2086,141,143,284,1197,1173,2370
DARWIN,2017,1,997,976,1973,144,144,288,1141,1120,2261
DARWIN,2017,2,921,901,1822,120,120,240,1041,1021,2062
DARWIN,2017,3,1050,1014,2064,127,124,251,1177,1138,2315
DARWIN,2017,4,997,973,1970,124,124,248,1121,1097,2218
DARWIN,2017,5,1062,1033,2095,116,116,232,1178,1149,2327
DARWIN,2017,6,1093,1069,2162,130,130,260,1223,1199,2422
DARWIN,2017,7,1126,1104,2230,123,124,247,1249,1228,2477
DARWIN,2017,8,1176,1151,2327,111,111,222,1287,1262,2549
DARWIN,2017,9,1050,1029,2079,103,101,204,1153,1130,2283
DARWIN,2017,10,1079,1058,2137,104,105,209,1183,1163,2346
DARWIN,2017,11,1036,1017,2053,106,105,211,1142,1122,2264
DARWIN,2017,12,961,941,1902,129,127,256,1090,1068,2158
DARWIN,2018,1,952,929,1881,131,130,261,1083,1059,2142
DARWIN,2018,2,867,846,1713,91,91,182,958,937,1895
DARWIN,2018,3,948,932,1880,88,88,176,1036,1020,2056
DARWIN,2018,4,1011,987,1998,63,64,127,1074,1051,2125
DARWIN,2018,5,1051,1022,2073,53,53,106,1104,1075,2179
DARWIN,2018,6,1063,1040,2103,79,78,157,1142,1118,2260
DARWIN,2018,7,1151,1126,2277,71,72,143,1222,1198,2420
DARWIN,2018,8,1113,1091,2204,81,81,162,1194,1172,2366
DARWIN,2018,9,1036,1012,2048,73,73,146,1109,1085,2194
DARWIN,2018,10,1049,1021,2070,70,70,140,1119,1091,2210
DARWIN,2018,11,964,953,1917,70,70,140,1034,1023,2057
DARWIN,2018,12,934,922,1856,87,87,174,1021,1009,2030
DARWIN,2019,1,912,898,1810,90,89,179,1002,987,1989
DARWIN,2019,2,844,827,1671,69,69,138,913,896,1809
DARWIN,2019,3,953,934,1887,68,69,137,1021,1003,2024
DARWIN,2019,4,969,960,1929,87,86,173,1056,1046,2102
DARWIN,2019,5,1025,1011,2036,94,96,190,1119,1107,2226
DARWIN,2019,6,1008,992,2000,94,94,188,1102,1086,2188
DARWIN,2019,7,1060,1042,2102,103,103,206,1163,1145,2308
DARWIN,2019,8,1038,1024,2062,95,94,189,1133,1118,2251
DARWIN,2019,9,997,983,1980,90,91,181,1087,1074,2161
DARWIN,2019,10,1053,1042,2095,89,87,176,1142,1129,2271
DARWIN,2019,11,929,916,1845,82,81,163,1011,997,2008
DARWIN,2019,12,918,904,1822,94,95,189,1012,999,2011
DARWIN,2020,1,904,889,1793,103,103,206,1007,992,1999
DARWIN,2020,2,842,831,1673,74,73,147,916,904,1820
DARWIN,2020,3,790,768,1558,49,50,99,839,818,1657
DARWIN,2020,4,240,230,470,0,0,0,240,230,470
DARWIN,2020,5,226,215,441,0,0,0,226,215,441
DARWIN,2020,6,381,367,748,1,1,2,382,368,750
DARWIN,2020,7,533,518,1051,0,0,0,533,518,1051
DARWIN,2020,8,602,587,1189,22,22,44,624,609,1233
DARWIN,2020,9,628,608,1236,28,28,56,656,636,1292
DARWIN,2020,10,699,681,1380,26,26,52,725,707,1432
DARWIN,2020,11,707,690,1397,31,31,62,738,721,1459
DARWIN,2020,12,710,696,1406,22,22,44,732,718,1450
DARWIN,2021,1,711,700,1411,25,25,50,736,725,1461
DARWIN,2021,2,668,656,1324,19,19,38,687,675,1362
DARWIN,2021,3,814,793,1607,29,29,58,843,822,1665
DARWIN,2021,4,883,863,1746,30,30,60,913,893,1806
DARWIN,2021,5,954,936,1890,26,31,57,980,967,1947
DARWIN,2021,6,952,929,1881,51,59,110,1003,988,1991
DARWIN,2021,7,921,904,1825,21,27,48,942,931,1873
DARWIN,2021,8,888,869,1757,70,75,145,958,944,1902
DARWIN,2021,9,949,934,1883,69,73,142,1018,1007,2025
DARWIN,2021,10,931,910,1841,64,68,132,995,978,1973
DARWIN,2021,11,791,770,1561,88,88,176,879,858,1737
DARWIN,2021,12,760,725,1485,152,152,304,912,877,1789
DARWIN,2022,1,652,633,1285,181,181,362,833,814,1647
DARWIN,2022,2,557,543,1100,158,158,316,715,701,1416
DARWIN,2022,3,782,764,1546,197,197,394,979,961,1940
DARWIN,2022,4,886,876,1762,214,214,428,1100,1090,2190
DARWIN,2022,5,941,927,1868,225,225,450,1166,1152,2318
DARWIN,2022,6,977,976,1953,141,140,281,1118,1116,2234
DARWIN,2022,7,1022,1003,2025,109,109,218,1131,1112,2243
DARWIN,2022,8,986,971,1957,100,100,200,1086,1071,2157
DARWIN,2022,9,956,949,1905,59,59,118,1015,1008,2023
DARWIN,2022,10,939,926,1865,48,48,96,987,974,1961
DARWIN,2022,11,921,903,1824,75,74,149,996,977,1973
DARWIN,2022,12,875,856,1731,69,70,139,944,926,1870
DARWIN,2023,1,858,841,1699,82,82,164,940,923,1863
DARWIN,2023,2,799,779,1578,63,62,125,862,841,1703
DARWIN,2023,3,934,905,1839,69,67,136,1003,972,1975
DARWIN,2023,4,932,918,1850,64,65,129,996,983,1979
DARWIN,2023,5,1039,1022,2061,66,66,132,1105,1088,2193
DARWIN,2023,6,1040,1019,2059,65,64,129,1105,1083,2188
DARWIN,2023,7,1116,1103,2219,75,75,150,1191,1178,2369
DARWIN,2023,8,1121,1104,2225,76,76,152,1197,1180,2377
DARWIN,2023,9,1109,1087,2196,73,73,146,1182,1160,2342
DARWIN,2023,10,1079,1065,2144,59,60,119,1138,1125,2263
DARWIN,2023,11,894,876,1770,74,73,147,968,949,1917
DARWIN,2023,12,889,865,1754,74,75,149,963,940,1903
DARWIN,2024,1,910,913,1823,76,75,151,986,988,1974
DARWIN,2024,2,865,866,1731,71,71,142,936,937,1873
DARWIN,2024,3,917,917,1834,74,75,149,991,992,1983
DARWIN,2024,4,982,984,1966,80,80,160,1062,1064,2126
DARWIN,2024,5,1011,1005,2016,83,82,165,1094,1087,2181
DARWIN,2024,6,1007,1004,2011,81,82,163,1088,1086,2174
DARWIN,2024,7,1099,1099,2198,82,82,164,1181,1181,2362
DARWIN,2024,8,1055,1057,2112,79,79,158,1134,1136,2270
DARWIN,2024,9,1025,1024,2049,80,80,160,1105,1104,2209
DARWIN,2024,10,1018,1023,2041,82,82,164,1100,1105,2205
DARWIN,2024,11,919,922,1841,72,73,145,991,995,1986
DARWIN,2024,12,929,926,1855,82,82,164,1011,1008,2019
DARWIN,2025,1,885,884,1769,82,82,164,967,966,1933
DARWIN,2025,2,817,818,1635,76,76,152,893,894,1787
DARWIN,2025,3,936,930,1866,80,82,162,1016,1012,2028
DARWIN,2025,4,1000,1002,2002,110,109,219,1110,1111,2221
DARWIN,2025,5,1073,1071,2144,119,112,231,1192,1183,2375
DARWIN,2025,6,1075,1066,2141,110,109,219,1185,1175,2360
GOLD COAST,1985,1,710,718,1428,0,0,0,710,718,1428
GOLD COAST,1985,2,547,545,1092,0,0,0,547,545,1092
GOLD COAST,1985,3,613,621,1234,0,0,0,613,621,1234
GOLD COAST,1985,4,607,609,1216,0,0,0,607,609,1216
GOLD COAST,1985,5,665,669,1334,0,0,0,665,669,1334
GOLD COAST,1985,6,455,449,904,0,0,0,455,449,904
GOLD COAST,1985,7,446,447,893,0,0,0,446,447,893
GOLD COAST,1985,8,581,577,1158,0,0,0,581,577,1158
GOLD COAST,1985,9,575,578,1153,0,0,0,575,578,1153
GOLD COAST,1985,10,546,549,1095,0,0,0,546,549,1095
GOLD COAST,1985,11,509,508,1017,0,0,0,509,508,1017
GOLD COAST,1985,12,564,563,1127,0,0,0,564,563,1127
GOLD COAST,1986,1,605,609,1214,0,0,0,605,609,1214
GOLD COAST,1986,2,466,471,937,0,0,0,466,471,937
GOLD COAST,1986,3,538,539,1077,0,0,0,538,539,1077
GOLD COAST,1986,4,519,519,1038,0,0,0,519,519,1038
GOLD COAST,1986,5,585,587,1172,0,0,0,585,587,1172
GOLD COAST,1986,6,523,522,1045,0,0,0,523,522,1045
GOLD COAST,1986,7,532,532,1064,0,0,0,532,532,1064
GOLD COAST,1986,8,656,649,1305,0,0,0,656,649,1305
GOLD COAST,1986,9,639,645,1284,0,0,0,639,645,1284
GOLD COAST,1986,10,750,745,1495,0,0,0,750,745,1495
GOLD COAST,1986,11,705,708,1413,0,0,0,705,708,1413
GOLD COAST,1986,12,771,768,1539,0,0,0,771,768,1539
GOLD COAST,1987,1,835,842,1677,0,0,0,835,842,1677
GOLD COAST,1987,2,627,630,1257,0,0,0,627,630,1257
GOLD COAST,1987,3,694,697,1391,0,0,0,694,697,1391
GOLD COAST,1987,4,747,742,1489,0,0,0,747,742,1489
GOLD COAST,1987,5,656,657,1313,0,0,0,656,657,1313
GOLD COAST,1987,6,743,745,1488,0,0,0,743,745,1488
GOLD COAST,1987,7,849,848,1697,0,0,0,849,848,1697
GOLD COAST,1987,8,813,814,1627,0,0,0,813,814,1627
GOLD COAST,1987,9,849,847,1696,0,0,0,849,847,1696
GOLD COAST,1987,10,883,880,1763,0,0,0,883,880,1763
GOLD COAST,1987,11,751,758,1509,0,0,0,751,758,1509
GOLD COAST,1987,12,886,882,1768,0,0,0,886,882,1768
GOLD COAST,1988,1,889,890,1779,0,0,0,889,890,1779
GOLD COAST,1988,2,713,718,1431,0,0,0,713,718,1431
GOLD COAST,1988,3,761,759,1520,0,0,0,761,759,1520
GOLD COAST,1988,4,819,821,1640,0,0,0,819,821,1640
GOLD COAST,1988,5,791,793,1584,0,0,0,791,793,1584
GOLD COAST,1988,6,821,818,1639,0,0,0,821,818,1639
GOLD COAST,1988,7,959,961,1920,0,0,0,959,961,1920
GOLD COAST,1988,8,927,925,1852,0,0,0,927,925,1852
GOLD COAST,1988,9,978,974,1952,0,0,0,978,974,1952
GOLD COAST,1988,10,1026,1032,2058,0,0,0,1026,1032,2058
GOLD COAST,1988,11,879,875,1754,0,0,0,879,875,1754
GOLD COAST,1988,12,972,969,1941,0,0,0,972,969,1941
GOLD COAST,1989,1,1000,1002,2002,0,0,0,1000,1002,2002
GOLD COAST,1989,2,784,783,1567,0,0,0,784,783,1567
GOLD COAST,1989,3,951,948,1899,0,0,0,951,948,1899
GOLD COAST,1989,4,875,878,1753,0,0,0,875,878,1753
GOLD COAST,1989,5,839,843,1682,0,0,0,839,843,1682
GOLD COAST,1989,6,920,924,1844,0,0,0,920,924,1844
GOLD COAST,1989,7,956,956,1912,0,0,0,956,956,1912
GOLD COAST,1989,8,606,606,1212,0,0,0,606,606,1212
GOLD COAST,1989,9,377,377,754,0,0,0,377,377,754
GOLD COAST,1989,10,466,466,932,0,0,0,466,466,932
GOLD COAST,1989,11,471,472,943,0,0,0,471,472,943
GOLD COAST,1989,12,630,630,1260,0,0,0,630,630,1260
GOLD COAST,1990,1,777,781,1558,0,0,0,777,781,1558
GOLD COAST,1990,2,656,654,1310,0,0,0,656,654,1310
GOLD COAST,1990,3,770,773,1543,0,0,0,770,773,1543
GOLD COAST,1990,4,892,892,1784,0,0,0,892,892,1784
GOLD COAST,1990,5,821,822,1643,0,0,0,821,822,1643
GOLD COAST,1990,6,842,847,1689,0,0,0,842,847,1689
GOLD COAST,1990,7,785,786,1571,0,0,0,785,786,1571
GOLD COAST,1990,8,717,720,1437,0,0,0,717,720,1437
GOLD COAST,1990,9,886,884,1770,0,0,0,886,884,1770
GOLD COAST,1990,10,898,897,1795,0,0,0,898,897,1795
GOLD COAST,1990,11,800,804,1604,0,0,0,800,804,1604
GOLD COAST,1990,12,902,901,1803,0,0,0,902,901,1803
GOLD COAST,1991,1,1141,1140,2281,0,0,0,1141,1140,2281
GOLD COAST,1991,2,908,910,1818,0,0,0,908,910,1818
GOLD COAST,1991,3,1093,1095,2188,0,0,0,1093,1095,2188
GOLD COAST,1991,4,1073,1074,2147,0,0,0,1073,1074,2147
GOLD COAST,1991,5,1035,1036,2071,0,0,0,1035,1036,2071
GOLD COAST,1991,6,1061,1063,2124,0,0,0,1061,1063,2124
GOLD COAST,1991,7,1155,1154,2309,0,0,0,1155,1154,2309
GOLD COAST,1991,8,1148,1150,2298,0,0,0,1148,1150,2298
GOLD COAST,1991,9,1208,1207,2415,0,0,0,1208,1207,2415
GOLD COAST,1991,10,1190,1186,2376,0,0,0,1190,1186,2376
GOLD COAST,1991,11,1159,1167,2326,0,0,0,1159,1167,2326
GOLD COAST,1991,12,1139,1156,2295,0,0,0,1139,1156,2295
GOLD COAST,1992,1,1183,1231,2414,0,0,0,1183,1231,2414
GOLD COAST,1992,2,888,896,1784,0,0,0,888,896,1784
GOLD COAST,1992,3,947,915,1862,0,0,0,947,915,1862
GOLD COAST,1992,4,985,982,1967,0,0,0,985,982,1967
GOLD COAST,1992,5,1068,1067,2135,0,0,0,1068,1067,2135
GOLD COAST,1992,6,1060,1058,2118,0,0,0,1060,1058,2118
GOLD COAST,1992,7,1119,1120,2239,0,0,0,1119,1120,2239
GOLD COAST,1992,8,1081,1084,2165,0,0,0,1081,1084,2165
GOLD COAST,1992,9,1054,1048,2102,0,0,0,1054,1048,2102
GOLD COAST,1992,10,1106,1108,2214,0,0,0,1106,1108,2214
GOLD COAST,1992,11,1064,1062,2126,0,0,0,1064,1062,2126
GOLD COAST,1992,12,1190,1189,2379,0,0,0,1190,1189,2379
GOLD COAST,1993,1,1296,1306,2602,0,0,0,1296,1306,2602
GOLD COAST,1993,2,984,983,1967,0,0,0,984,983,1967
GOLD COAST,1993,3,1064,1068,2132,0,0,0,1064,1068,2132
GOLD COAST,1993,4,1099,1100,2199,0,0,0,1099,1100,2199
GOLD COAST,1993,5,1082,1083,2165,0,0,0,1082,1083,2165
GOLD COAST,1993,6,1034,1034,2068,0,0,0,1034,1034,2068
GOLD COAST,1993,7,1073,1073,2146,0,0,0,1073,1073,2146
GOLD COAST,1993,8,1090,1092,2182,0,0,0,1090,1092,2182
GOLD COAST,1993,9,1115,1116,2231,0,0,0,1115,1116,2231
GOLD COAST,1993,10,1214,1214,2428,0,0,0,1214,1214,2428
GOLD COAST,1993,11,1202,1206,2408,0,0,0,1202,1206,2408
GOLD COAST,1993,12,1364,1365,2729,0,0,0,1364,1365,2729
GOLD COAST,1994,1,1234,1235,2469,0,0,0,1234,1235,2469
GOLD COAST,1994,2,991,992,1983,0,0,0,991,992,1983
GOLD COAST,1994,3,1096,1093,2189,0,0,0,1096,1093,2189
GOLD COAST,1994,4,1080,1086,2166,0,0,0,1080,1086,2166
GOLD COAST,1994,5,1066,1065,2131,0,0,0,1066,1065,2131
GOLD COAST,1994,6,1083,1083,2166,0,0,0,1083,1083,2166
GOLD COAST,1994,7,1178,1179,2357,0,0,0,1178,1179,2357
GOLD COAST,1994,8,1110,1110,2220,0,0,0,1110,1110,2220
GOLD COAST,1994,9,1107,1107,2214,0,0,0,1107,1107,2214
GOLD COAST,1994,10,1136,1139,2275,0,0,0,1136,1139,2275
GOLD COAST,1994,11,1084,1085,2169,0,0,0,1084,1085,2169
GOLD COAST,1994,12,1223,1221,2444,0,0,0,1223,1221,2444
GOLD COAST,1995,1,1265,1263,2528,0,0,0,1265,1263,2528
GOLD COAST,1995,2,1001,1000,2001,0,0,0,1001,1000,2001
GOLD COAST,1995,3,1111,1111,2222,0,0,0,1111,1111,2222
GOLD COAST,1995,4,1094,1098,2192,0,0,0,1094,1098,2192
GOLD COAST,1995,5,1041,1042,2083,0,0,0,1041,1042,2083
GOLD COAST,1995,6,1061,1062,2123,0,0,0,1061,1062,2123
GOLD COAST,1995,7,1148,1148,2296,0,0,0,1148,1148,2296
GOLD COAST,1995,8,1071,1070,2141,0,0,0,1071,1070,2141
GOLD COAST,1995,9,1103,1102,2205,0,0,0,1103,1102,2205
GOLD COAST,1995,10,1112,1116,2228,0,0,0,1112,1116,2228
GOLD COAST,1995,11,1041,1041,2082,0,0,0,1041,1041,2082
GOLD COAST,1995,12,1150,1151,2301,0,0,0,1150,1151,2301
GOLD COAST,1996,1,1230,1233,2463,0,0,0,1230,1233,2463
GOLD COAST,1996,2,1003,1002,2005,0,0,0,1003,1002,2005
GOLD COAST,1996,3,1098,1100,2198,0,0,0,1098,1100,2198
GOLD COAST,1996,4,1120,1121,2241,0,0,0,1120,1121,2241
GOLD COAST,1996,5,1036,1035,2071,0,0,0,1036,1035,2071
GOLD COAST,1996,6,1109,1106,2215,0,0,0,1109,1106,2215
GOLD COAST,1996,7,1163,1160,2323,0,0,0,1163,1160,2323
GOLD COAST,1996,8,1084,1082,2166,0,0,0,1084,1082,2166
GOLD COAST,1996,9,1091,1091,2182,0,0,0,1091,1091,2182
GOLD COAST,1996,10,1125,1126,2251,0,0,0,1125,1126,2251
GOLD COAST,1996,11,1011,1012,2023,0,0,0,1011,1012,2023
GOLD COAST,1996,12,1106,1105,2211,3,3,6,1109,1108,2217
GOLD COAST,1997,1,1091,1093,2184,4,4,8,1095,1097,2192
GOLD COAST,1997,2,866,866,1732,0,0,0,866,866,1732
GOLD COAST,1997,3,933,930,1863,2,2,4,935,932,1867
GOLD COAST,1997,4,898,899,1797,4,4,8,902,903,1805
GOLD COAST,1997,5,851,852,1703,5,5,10,856,857,1713
GOLD COAST,1997,6,862,860,1722,5,5,10,867,865,1732
GOLD COAST,1997,7,949,949,1898,8,8,16,957,957,1914
GOLD COAST,1997,8,926,923,1849,9,9,18,935,932,1867
GOLD COAST,1997,9,956,953,1909,9,9,18,965,962,1927
GOLD COAST,1997,10,976,976,1952,8,8,16,984,984,1968
GOLD COAST,1997,11,894,894,1788,9,9,18,903,903,1806
GOLD COAST,1997,12,995,994,1989,9,9,18,1004,1003,2007
GOLD COAST,1998,1,1056,1057,2113,9,9,18,1065,1066,2131
GOLD COAST,1998,2,843,842,1685,6,6,12,849,848,1697
GOLD COAST,1998,3,926,926,1852,8,8,16,934,934,1868
GOLD COAST,1998,4,906,903,1809,8,8,16,914,911,1825
GOLD COAST,1998,5,890,886,1776,5,5,10,895,891,1786
GOLD COAST,1998,6,888,889,1777,4,4,8,892,893,1785
GOLD COAST,1998,7,925,926,1851,6,6,12,931,932,1863
GOLD COAST,1998,8,901,900,1801,10,10,20,911,910,1821
GOLD COAST,1998,9,883,882,1765,9,9,18,892,891,1783
GOLD COAST,1998,10,956,956,1912,8,8,16,964,964,1928
GOLD COAST,1998,11,911,913,1824,4,4,8,915,917,1832
GOLD COAST,1998,12,989,990,1979,4,4,8,993,994,1987
GOLD COAST,1999,1,1093,1091,2184,5,5,10,1098,1096,2194
GOLD COAST,1999,2,839,841,1680,4,4,8,843,845,1688
GOLD COAST,1999,3,936,936,1872,5,5,10,941,941,1882
GOLD COAST,1999,4,912,911,1823,8,8,16,920,919,1839
GOLD COAST,1999,5,862,861,1723,5,5,10,867,866,1733
GOLD COAST,1999,6,849,849,1698,6,6,12,855,855,1710
GOLD COAST,1999,7,914,912,1826,9,9,18,923,921,1844
GOLD COAST,1999,8,879,878,1757,8,8,16,887,886,1773
GOLD COAST,1999,9,895,892,1787,9,9,18,904,901,1805
GOLD COAST,1999,10,952,954,1906,9,9,18,961,963,1924
GOLD COAST,1999,11,833,833,1666,4,4,8,837,837,1674
GOLD COAST,1999,12,907,906,1813,6,6,12,913,912,1825
GOLD COAST,2000,1,962,963,1925,8,8,16,970,971,1941
GOLD COAST,2000,2,795,795,1590,9,9,18,804,804,1608
GOLD COAST,2000,3,851,849,1700,9,9,18,860,858,1718
GOLD COAST,2000,4,877,874,1751,13,13,26,890,887,1777
GOLD COAST,2000,5,827,828,1655,12,12,24,839,840,1679
GOLD COAST,2000,6,861,863,1724,14,14,28,875,877,1752
GOLD COAST,2000,7,857,857,1714,13,13,26,870,870,1740
GOLD COAST,2000,8,846,846,1692,14,14,28,860,860,1720
GOLD COAST,2000,9,844,843,1687,18,18,36,862,861,1723
GOLD COAST,2000,10,876,874,1750,16,16,32,892,890,1782
GOLD COAST,2000,11,811,814,1625,8,8,16,819,822,1641
GOLD COAST,2000,12,890,888,1778,13,13,26,903,901,1804
GOLD COAST,2001,1,924,924,1848,16,16,32,940,940,1880
GOLD COAST,2001,2,727,726,1453,12,12,24,739,738,1477
GOLD COAST,2001,3,826,825,1651,16,16,32,842,841,1683
GOLD COAST,2001,4,794,797,1591,17,17,34,811,814,1625
GOLD COAST,2001,5,773,775,1548,18,18,36,791,793,1584
GOLD COAST,2001,6,860,864,1724,17,17,34,877,881,1758
GOLD COAST,2001,7,881,888,1769,17,17,34,898,905,1803
GOLD COAST,2001,8,827,825,1652,18,18,36,845,843,1688
GOLD COAST,2001,9,692,692,1384,18,18,36,710,710,1420
GOLD COAST,2001,10,629,629,1258,17,17,34,646,646,1292
GOLD COAST,2001,11,482,481,963,24,24,48,506,505,1011
GOLD COAST,2001,12,531,531,1062,34,33,67,565,564,1129
GOLD COAST,2002,1,578,580,1158,36,36,72,614,616,1230
GOLD COAST,2002,2,515,512,1027,28,28,56,543,540,1083
GOLD COAST,2002,3,591,586,1177,36,36,72,627,622,1249
GOLD COAST,2002,4,605,601,1206,35,35,70,640,636,1276
GOLD COAST,2002,5,622,620,1242,39,39,78,661,659,1320
GOLD COAST,2002,6,790,788,1578,37,37,74,827,825,1652
GOLD COAST,2002,7,928,928,1856,40,40,80,968,968,1936
GOLD COAST,2002,8,910,908,1818,39,39,78,949,947,1896
GOLD COAST,2002,9,906,905,1811,44,43,87,950,948,1898
GOLD COAST,2002,10,914,915,1829,56,56,112,970,971,1941
GOLD COAST,2002,11,786,787,1573,98,96,194,884,883,1767
GOLD COAST,2002,12,891,888,1779,87,87,174,978,975,1953
GOLD COAST,2003,1,834,833,1667,83,83,166,917,916,1833
GOLD COAST,2003,2,690,691,1381,70,70,140,760,761,1521
GOLD COAST,2003,3,741,740,1481,75,75,150,816,815,1631
GOLD COAST,2003,4,760,761,1521,86,86,172,846,847,1693
GOLD COAST,2003,5,724,727,1451,88,88,176,812,815,1627
GOLD COAST,2003,6,673,675,1348,90,91,181,763,766,1529
GOLD COAST,2003,7,683,684,1367,92,92,184,775,776,1551
GOLD COAST,2003,8,628,628,1256,91,81,172,719,709,1428
GOLD COAST,2003,9,669,671,1340,88,77,165,757,748,1505
GOLD COAST,2003,10,759,758,1517,88,78,166,847,836,1683
GOLD COAST,2003,11,764,764,1528,73,73,146,837,837,1674
GOLD COAST,2003,12,817,817,1634,73,73,146,890,890,1780
GOLD COAST,2004,1,847,848,1695,72,71,143,919,919,1838
GOLD COAST,2004,2,729,727,1456,74,74,148,803,801,1604
GOLD COAST,2004,3,790,793,1583,83,83,166,873,876,1749
GOLD COAST,2004,4,845,844,1689,78,77,155,923,921,1844
GOLD COAST,2004,5,914,914,1828,83,83,166,997,997,1994
GOLD COAST,2004,6,1012,1013,2025,81,81,162,1093,1094,2187
GOLD COAST,2004,7,1079,1079,2158,82,80,162,1161,1159,2320
GOLD COAST,2004,8,1055,1058,2113,86,85,171,1141,1143,2284
GOLD COAST,2004,9,1029,1032,2061,79,79,158,1108,1111,2219
GOLD COAST,2004,10,1061,1065,2126,83,83,166,1144,1148,2292
GOLD COAST,2004,11,1007,1009,2016,76,77,153,1083,1086,2169
GOLD COAST,2004,12,1126,1131,2257,85,85,170,1211,1216,2427
GOLD COAST,2005,1,1177,1172,2349,93,92,185,1270,1264,2534
GOLD COAST,2005,2,989,988,1977,98,96,194,1087,1084,2171
GOLD COAST,2005,3,1086,1083,2169,110,109,219,1196,1192,2388
GOLD COAST,2005,4,1077,1075,2152,105,105,210,1182,1180,2362
GOLD COAST,2005,5,1070,1067,2137,117,116,233,1187,1183,2370
GOLD COAST,2005,6,987,983,1970,112,110,222,1099,1093,2192
GOLD COAST,2005,7,1059,1054,2113,120,120,240,1179,1174,2353
GOLD COAST,2005,8,1038,1036,2074,119,119,238,1157,1155,2312
GOLD COAST,2005,9,1044,1045,2089,117,117,234,1161,1162,2323
GOLD COAST,2005,10,1066,1065,2131,119,119,238,1185,1184,2369
GOLD COAST,2005,11,999,1000,1999,84,84,168,1083,1084,2167
GOLD COAST,2005,12,1110,1114,2224,111,110,221,1221,1224,2445
GOLD COAST,2006,1,1108,1112,2220,115,113,228,1223,1225,2448
GOLD COAST,2006,2,929,928,1857,99,98,197,1028,1026,2054
GOLD COAST,2006,3,1033,1033,2066,106,107,213,1139,1140,2279
GOLD COAST,2006,4,1037,1034,2071,91,93,184,1128,1127,2255
GOLD COAST,2006,5,1040,1036,2076,83,83,166,1123,1119,2242
GOLD COAST,2006,6,1034,1028,2062,81,81,162,1115,1109,2224
GOLD COAST,2006,7,1060,1058,2118,91,89,180,1151,1147,2298
GOLD COAST,2006,8,1033,1028,2061,86,86,172,1119,1114,2233
GOLD COAST,2006,9,1044,1043,2087,85,85,170,1129,1128,2257
GOLD COAST,2006,10,1095,1096,2191,67,67,134,1162,1163,2325
GOLD COAST,2006,11,1044,1043,2087,71,71,142,1115,1114,2229
GOLD COAST,2006,12,1105,1103,2208,77,76,153,1182,1179,2361
GOLD COAST,2007,1,1116,1113,2229,76,76,152,1192,1189,2381
GOLD COAST,2007,2,982,979,1961,56,55,111,1038,1034,2072
GOLD COAST,2007,3,1091,1092,2183,66,66,132,1157,1158,2315
GOLD COAST,2007,4,1065,1064,2129,65,65,130,1130,1129,2259
GOLD COAST,2007,5,1097,1096,2193,67,67,134,1164,1163,2327
GOLD COAST,2007,6,1056,1032,2088,67,67,134,1123,1099,2222
GOLD COAST,2007,7,1076,1057,2133,72,72,144,1148,1129,2277
GOLD COAST,2007,8,1107,1102,2209,72,72,144,1179,1174,2353
GOLD COAST,2007,9,1147,1143,2290,75,74,149,1222,1217,2439
GOLD COAST,2007,10,1188,1180,2368,64,64,128,1252,1244,2496
GOLD COAST,2007,11,1166,1162,2328,74,72,146,1240,1234,2474
GOLD COAST,2007,12,1278,1257,2535,91,91,182,1369,1348,2717
GOLD COAST,2008,1,1345,1335,2680,93,94,187,1438,1429,2867
GOLD COAST,2008,2,1274,1248,2522,77,75,152,1351,1323,2674
GOLD COAST,2008,3,1385,1377,2762,83,82,165,1468,1459,2927
GOLD COAST,2008,4,1278,1274,2552,86,86,172,1364,1360,2724
GOLD COAST,2008,5,1379,1372,2751,85,86,171,1464,1458,2922
GOLD COAST,2008,6,1326,1321,2647,88,86,174,1414,1407,2821
GOLD COAST,2008,7,1379,1375,2754,107,109,216,1486,1484,2970
GOLD COAST,2008,8,1240,1234,2474,101,101,202,1341,1335,2676
GOLD COAST,2008,9,1151,1145,2296,101,101,202,1252,1246,2498
GOLD COAST,2008,10,1155,1152,2307,151,149,300,1306,1301,2607
GOLD COAST,2008,11,1155,1152,2307,149,150,299,1304,1302,2606
GOLD COAST,2008,12,1188,1183,2371,169,169,338,1357,1352,2709
GOLD COAST,2009,1,1261,1265,2526,185,185,370,1446,1450,2896
GOLD COAST,2009,2,1016,1016,2032,138,137,275,1154,1153,2307
GOLD COAST,2009,3,1170,1167,2337,158,159,317,1328,1326,2654
GOLD COAST,2009,4,1232,1236,2468,159,160,319,1391,1396,2787
GOLD COAST,2009,5,1198,1197,2395,187,186,373,1385,1383,2768
GOLD COAST,2009,6,1161,1165,2326,142,137,279,1303,1302,2605
GOLD COAST,2009,7,1280,1275,2555,150,150,300,1430,1425,2855
GOLD COAST,2009,8,1225,1217,2442,181,185,366,1406,1402,2808
GOLD COAST,2009,9,1229,1222,2451,188,187,375,1417,1409,2826
GOLD COAST,2009,10,1270,1268,2538,195,194,389,1465,1462,2927
GOLD COAST,2009,11,1206,1203,2409,192,191,383,1398,1394,2792
GOLD COAST,2009,12,1239,1237,2476,200,201,401,1439,1438,2877
GOLD COAST,2010,1,1361,1362,2723,208,208,416,1569,1570,3139
GOLD COAST,2010,2,1230,1225,2455,189,187,376,1419,1412,2831
GOLD COAST,2010,3,1393,1389,2782,213,213,426,1606,1602,3208
GOLD COAST,2010,4,1374,1371,2745,176,176,352,1550,1547,3097
GOLD COAST,2010,5,1325,1325,2650,166,167,333,1491,1492,2983
GOLD COAST,2010,6,1318,1319,2637,158,159,317,1476,1478,2954
GOLD COAST,2010,7,1490,1491,2981,191,191,382,1681,1682,3363
GOLD COAST,2010,8,1339,1338,2677,197,197,394,1536,1535,3071
GOLD COAST,2010,9,1396,1399,2795,184,180,364,1580,1579,3159
GOLD COAST,2010,10,1420,1415,2835,186,182,368,1606,1597,3203
GOLD COAST,2010,11,1404,1401,2805,178,180,358,1582,1581,3163
GOLD COAST,2010,12,1563,1549,3112,197,197,394,1760,1746,3506
GOLD COAST,2011,1,1718,1714,3432,204,204,408,1922,1918,3840
GOLD COAST,2011,2,1192,1192,2384,174,174,348,1366,1366,2732
GOLD COAST,2011,3,1364,1366,2730,178,178,356,1542,1544,3086
GOLD COAST,2011,4,1331,1326,2657,161,159,320,1492,1485,2977
GOLD COAST,2011,5,1323,1320,2643,161,161,322,1484,1481,2965
GOLD COAST,2011,6,1213,1208,2421,125,126,251,1338,1334,2672
GOLD COAST,2011,7,1320,1319,2639,158,157,315,1478,1476,2954
GOLD COAST,2011,8,1244,1235,2479,177,178,355,1421,1413,2834
GOLD COAST,2011,9,1268,1268,2536,157,157,314,1425,1425,2850
GOLD COAST,2011,10,1331,1328,2659,172,173,345,1503,1501,3004
GOLD COAST,2011,11,1292,1290,2582,167,166,333,1459,1456,2915
GOLD COAST,2011,12,1416,1407,2823,184,188,372,1600,1595,3195
GOLD COAST,2012,1,1480,1473,2953,197,197,394,1677,1670,3347
GOLD COAST,2012,2,1265,1261,2526,167,168,335,1432,1429,2861
GOLD COAST,2012,3,1369,1366,2735,179,178,357,1548,1544,3092
GOLD COAST,2012,4,1375,1369,2744,170,169,339,1545,1538,3083
GOLD COAST,2012,5,1239,1239,2478,142,144,286,1381,1383,2764
GOLD COAST,2012,6,1229,1229,2458,171,170,341,1400,1399,2799
GOLD COAST,2012,7,1464,1460,2924,208,206,414,1672,1666,3338
GOLD COAST,2012,8,1402,1402,2804,202,202,404,1604,1604,3208
GOLD COAST,2012,9,1503,1502,3005,192,192,384,1695,1694,3389
GOLD COAST,2012,10,1555,1555,3110,201,201,402,1756,1756,3512
GOLD COAST,2012,11,1461,1459,2920,185,186,371,1646,1645,3291
GOLD COAST,2012,12,1585,1589,3174,216,217,433,1801,1806,3607
GOLD COAST,2013,1,1590,1583,3173,213,213,426,1803,1796,3599
GOLD COAST,2013,2,1251,1243,2494,184,181,365,1435,1424,2859
GOLD COAST,2013,3,1412,1407,2819,202,203,405,1614,1610,3224
GOLD COAST,2013,4,1511,1506,3017,179,183,362,1690,1689,3379
GOLD COAST,2013,5,1207,1208,2415,163,161,324,1370,1369,2739
GOLD COAST,2013,6,1286,1286,2572,159,160,319,1445,1446,2891
GOLD COAST,2013,7,1473,1471,2944,190,193,383,1663,1664,3327
GOLD COAST,2013,8,1389,1386,2775,187,187,374,1576,1573,3149
GOLD COAST,2013,9,1511,1512,3023,191,191,382,1702,1703,3405
GOLD COAST,2013,10,1551,1551,3102,200,204,404,1751,1755,3506
GOLD COAST,2013,11,1348,1347,2695,192,191,383,1540,1538,3078
GOLD COAST,2013,12,1540,1539,3079,227,228,455,1767,1767,3534
GOLD COAST,2014,1,1602,1603,3205,230,231,461,1832,1834,3666
GOLD COAST,2014,2,1213,1215,2428,188,186,374,1401,1401,2802
GOLD COAST,2014,3,1427,1423,2850,202,203,405,1629,1626,3255
GOLD COAST,2014,4,1462,1459,2921,188,187,375,1650,1646,3296
GOLD COAST,2014,5,1276,1274,2550,177,176,353,1453,1450,2903
GOLD COAST,2014,6,1275,1275,2550,179,179,358,1454,1454,2908
GOLD COAST,2014,7,1498,1490,2988,201,202,403,1699,1692,3391
GOLD COAST,2014,8,1399,1400,2799,187,187,374,1586,1587,3173
GOLD COAST,2014,9,1465,1464,2929,183,183,366,1648,1647,3295
GOLD COAST,2014,10,1538,1539,3077,191,192,383,1729,1731,3460
GOLD COAST,2014,11,1357,1358,2715,178,180,358,1535,1538,3073
GOLD COAST,2014,12,1562,1552,3114,218,219,437,1780,1771,3551
GOLD COAST,2015,1,1582,1578,3160,230,227,457,1812,1805,3617
GOLD COAST,2015,2,1180,1183,2363,176,176,352,1356,1359,2715
GOLD COAST,2015,3,1383,1376,2759,193,195,388,1576,1571,3147
GOLD COAST,2015,4,1450,1450,2900,212,210,422,1662,1660,3322
GOLD COAST,2015,5,1294,1296,2590,202,201,403,1496,1497,2993
GOLD COAST,2015,6,1337,1333,2670,199,200,399,1536,1533,3069
GOLD COAST,2015,7,1513,1512,3025,249,248,497,1762,1760,3522
GOLD COAST,2015,8,1433,1430,2863,213,214,427,1646,1644,3290
GOLD COAST,2015,9,1544,1540,3084,217,218,435,1761,1758,3519
GOLD COAST,2015,10,1563,1560,3123,231,230,461,1794,1790,3584
GOLD COAST,2015,11,1442,1441,2883,203,205,408,1645,1646,3291
GOLD COAST,2015,12,1638,1636,3274,248,247,495,1886,1883,3769
GOLD COAST,2016,1,1711,1707,3418,258,258,516,1969,1965,3934
GOLD COAST,2016,2,1333,1331,2664,214,214,428,1547,1545,3092
GOLD COAST,2016,3,1481,1479,2960,239,239,478,1720,1718,3438
GOLD COAST,2016,4,1514,1512,3026,266,265,531,1780,1777,3557
GOLD COAST,2016,5,1338,1338,2676,260,259,519,1598,1597,3195
GOLD COAST,2016,6,1331,1331,2662,258,259,517,1589,1590,3179
GOLD COAST,2016,7,1580,1578,3158,315,311,626,1895,1889,3784
GOLD COAST,2016,8,1450,1450,2900,297,299,596,1747,1749,3496
GOLD COAST,2016,9,1560,1557,3117,289,291,580,1849,1848,3697
GOLD COAST,2016,10,1598,1599,3197,290,292,582,1888,1891,3779
GOLD COAST,2016,11,1444,1442,2886,265,265,530,1709,1707,3416
GOLD COAST,2016,12,1656,1655,3311,299,299,598,1955,1954,3909
GOLD COAST,2017,1,1691,1688,3379,304,303,607,1995,1991,3986
GOLD COAST,2017,2,1297,1294,2591,254,254,508,1551,1548,3099
GOLD COAST,2017,3,1422,1417,2839,279,281,560,1701,1698,3399
GOLD COAST,2017,4,1563,1560,3123,272,272,544,1835,1832,3667
GOLD COAST,2017,5,1308,1308,2616,259,261,520,1567,1569,3136
GOLD COAST,2017,6,1346,1346,2692,258,254,512,1604,1600,3204
GOLD COAST,2017,7,1574,1571,3145,300,299,599,1874,1870,3744
GOLD COAST,2017,8,1421,1420,2841,284,283,567,1705,1703,3408
GOLD COAST,2017,9,1509,1506,3015,274,276,550,1783,1782,3565
GOLD COAST,2017,10,1581,1580,3161,289,288,577,1870,1868,3738
GOLD COAST,2017,11,1456,1455,2911,261,260,521,1717,1715,3432
GOLD COAST,2017,12,1655,1651,3306,298,298,596,1953,1949,3902
GOLD COAST,2018,1,1740,1743,3483,297,298,595,2037,2041,4078
GOLD COAST,2018,2,1291,1291,2582,239,240,479,1530,1531,3061
GOLD COAST,2018,3,1505,1499,3004,259,261,520,1764,1760,3524
GOLD COAST,2018,4,1637,1633,3270,274,272,546,1911,1905,3816
GOLD COAST,2018,5,1306,1306,2612,236,236,472,1542,1542,3084
GOLD COAST,2018,6,1302,1299,2601,245,247,492,1547,1546,3093
GOLD COAST,2018,7,1494,1491,2985,276,278,554,1770,1769,3539
GOLD COAST,2018,8,1414,1411,2825,261,261,522,1675,1672,3347
GOLD COAST,2018,9,1463,1465,2928,248,245,493,1711,1710,3421
GOLD COAST,2018,10,1542,1542,3084,261,262,523,1803,1804,3607
GOLD COAST,2018,11,1382,1378,2760,229,229,458,1611,1607,3218
GOLD COAST,2018,12,1570,1567,3137,264,262,526,1834,1829,3663
GOLD COAST,2019,1,1681,1679,3360,264,264,528,1945,1943,3888
GOLD COAST,2019,2,1223,1226,2449,199,199,398,1422,1425,2847
GOLD COAST,2019,3,1367,1361,2728,208,209,417,1575,1570,3145
GOLD COAST,2019,4,1592,1588,3180,209,209,418,1801,1797,3598
GOLD COAST,2019,5,1416,1415,2831,178,178,356,1594,1593,3187
GOLD COAST,2019,6,1381,1378,2759,193,194,387,1574,1572,3146
GOLD COAST,2019,7,1596,1593,3189,232,231,463,1828,1824,3652
GOLD COAST,2019,8,1427,1427,2854,201,201,402,1628,1628,3256
GOLD COAST,2019,9,1495,1493,2988,191,192,383,1686,1685,3371
GOLD COAST,2019,10,1580,1584,3164,203,204,407,1783,1788,3571
GOLD COAST,2019,11,1397,1395,2792,189,190,379,1586,1585,3171
GOLD COAST,2019,12,1590,1580,3170,256,255,511,1846,1835,3681
GOLD COAST,2020,1,1634,1634,3268,260,258,518,1894,1892,3786
GOLD COAST,2020,2,1248,1250,2498,205,207,412,1453,1457,2910
GOLD COAST,2020,3,1041,1044,2085,140,141,281,1181,1185,2366
GOLD COAST,2020,4,22,22,44,0,0,0,22,22,44
GOLD COAST,2020,5,13,13,26,0,0,0,13,13,26
GOLD COAST,2020,6,22,22,44,0,0,0,22,22,44
GOLD COAST,2020,7,157,157,314,0,0,0,157,157,314
GOLD COAST,2020,8,65,65,130,0,0,0,65,65,130
GOLD COAST,2020,9,100,100,200,1,1,2,101,101,202
GOLD COAST,2020,10,156,155,311,0,0,0,156,155,311
GOLD COAST,2020,11,169,169,338,0,0,0,169,169,338
GOLD COAST,2020,12,728,726,1454,0,0,0,728,726,1454
GOLD COAST,2021,1,748,748,1496,0,0,0,748,748,1496
GOLD COAST,2021,2,638,639,1277,0,0,0,638,639,1277
GOLD COAST,2021,3,988,987,1975,0,0,0,988,987,1975
GOLD COAST,2021,4,1520,1517,3037,27,27,54,1547,1544,3091
GOLD COAST,2021,5,1398,1400,2798,79,79,158,1477,1479,2956
GOLD COAST,2021,6,1053,1053,2106,65,64,129,1118,1117,2235
GOLD COAST,2021,7,571,571,1142,55,55,110,626,626,1252
GOLD COAST,2021,8,169,171,340,0,0,0,169,171,340
GOLD COAST,2021,9,186,184,370,0,0,0,186,184,370
GOLD COAST,2021,10,193,193,386,0,0,0,193,193,386
GOLD COAST,2021,11,200,201,401,0,0,0,200,201,401
GOLD COAST,2021,12,1040,1034,2074,0,0,0,1040,1034,2074
GOLD COAST,2022,1,1535,1539,3074,0,0,0,1535,1539,3074
GOLD COAST,2022,2,1039,1037,2076,6,6,12,1045,1043,2088
GOLD COAST,2022,3,1421,1420,2841,27,26,53,1448,1446,2894
GOLD COAST,2022,4,1868,1862,3730,46,46,92,1914,1908,3822
GOLD COAST,2022,5,1675,1674,3349,51,51,102,1726,1725,3451
GOLD COAST,2022,6,1571,1567,3138,85,85,170,1656,1652,3308
GOLD COAST,2022,7,1559,1558,3117,137,136,273,1696,1694,3390
GOLD COAST,2022,8,1428,1428,2856,147,145,292,1575,1573,3148
GOLD COAST,2022,9,1432,1425,2857,145,145,290,1577,1570,3147
GOLD COAST,2022,10,1499,1499,2998,147,148,295,1646,1647,3293
GOLD COAST,2022,11,1472,1471,2943,156,155,311,1628,1626,3254
GOLD COAST,2022,12,1577,1577,3154,147,147,294,1724,1724,3448
GOLD COAST,2023,1,1672,1670,3342,162,160,322,1834,1830,3664
GOLD COAST,2023,2,1270,1275,2545,142,145,287,1412,1420,2832
GOLD COAST,2023,3,1386,1379,2765,164,163,327,1550,1542,3092
GOLD COAST,2023,4,1467,1466,2933,210,210,420,1677,1676,3353
GOLD COAST,2023,5,1355,1351,2706,198,197,395,1553,1548,3101
GOLD COAST,2023,6,1351,1348,2699,205,206,411,1556,1554,3110
GOLD COAST,2023,7,1517,1516,3033,220,222,442,1737,1738,3475
GOLD COAST,2023,8,1430,1424,2854,194,194,388,1624,1618,3242
GOLD COAST,2023,9,1493,1492,2985,209,209,418,1702,1701,3403
GOLD COAST,2023,10,1504,1503,3007,189,189,378,1693,1692,3385
GOLD COAST,2023,11,1424,1426,2850,149,149,298,1573,1575,3148
GOLD COAST,2023,12,1635,1626,3261,171,175,346,1806,1801,3607
GOLD COAST,2024,1,1793,1792,3585,184,184,368,1977,1976,3953
GOLD COAST,2024,2,1346,1348,2694,139,138,277,1485,1486,2971
GOLD COAST,2024,3,1560,1558,3118,148,150,298,1708,1708,3416
GOLD COAST,2024,4,1629,1630,3259,185,183,368,1814,1813,3627
GOLD COAST,2024,5,1336,1336,2672,146,147,293,1482,1483,2965
GOLD COAST,2024,6,1337,1337,2674,157,157,314,1494,1494,2988
GOLD COAST,2024,7,1534,1531,3065,180,179,359,1714,1710,3424
GOLD COAST,2024,8,1275,1273,2548,153,152,305,1428,1425,2853
GOLD COAST,2024,9,1377,1376,2753,170,171,341,1547,1547,3094
GOLD COAST,2024,10,1460,1460,2920,162,160,322,1622,1620,3242
GOLD COAST,2024,11,1305,1305,2610,124,124,248,1429,1429,2858
GOLD COAST,2024,12,1614,1615,3229,183,184,367,1797,1799,3596
GOLD COAST,2025,1,1691,1692,3383,205,204,409,1896,1896,3792
GOLD COAST,2025,2,1179,1179,2358,115,117,232,1294,1296,2590
GOLD COAST,2025,3,1166,1169,2335,117,117,234,1283,1286,2569
GOLD COAST,2025,4,1570,1562,3132,189,189,378,1759,1751,3510
GOLD COAST,2025,5,1330,1325,2655,140,139,279,1470,1464,2934
GOLD COAST,2025,6,1332,1335,2667,158,159,317,1490,1494,2984
HAMILTON ISLAND,1985,1,53,53,106,0,0,0,53,53,106
HAMILTON ISLAND,1985,2,49,50,99,0,0,0,49,50,99
HAMILTON ISLAND,1985,3,58,58,116,0,0,0,58,58,116
HAMILTON ISLAND,1985,4,61,61,122,0,0,0,61,61,122
HAMILTON ISLAND,1985,5,68,68,136,0,0,0,68,68,136
HAMILTON ISLAND,1985,6,54,53,107,0,0,0,54,53,107
HAMILTON ISLAND,1985,7,61,58,119,0,0,0,61,58,119
HAMILTON ISLAND,1985,8,68,68,136,0,0,0,68,68,136
HAMILTON ISLAND,1985,9,66,65,131,0,0,0,66,65,131
HAMILTON ISLAND,1985,10,62,60,122,0,0,0,62,60,122
HAMILTON ISLAND,1985,11,63,63,126,0,0,0,63,63,126
HAMILTON ISLAND,1985,12,55,55,110,0,0,0,55,55,110
HAMILTON ISLAND,1986,1,63,63,126,0,0,0,63,63,126
HAMILTON ISLAND,1986,2,58,57,115,0,0,0,58,57,115
HAMILTON ISLAND,1986,3,72,72,144,0,0,0,72,72,144
HAMILTON ISLAND,1986,4,69,69,138,0,0,0,69,69,138
HAMILTON ISLAND,1986,5,64,64,128,0,0,0,64,64,128
HAMILTON ISLAND,1986,6,55,55,110,0,0,0,55,55,110
HAMILTON ISLAND,1986,7,74,72,146,0,0,0,74,72,146
HAMILTON ISLAND,1986,8,112,112,224,0,0,0,112,112,224
HAMILTON ISLAND,1986,9,103,103,206,0,0,0,103,103,206
HAMILTON ISLAND,1986,10,114,114,228,0,0,0,114,114,228
HAMILTON ISLAND,1986,11,115,114,229,0,0,0,115,114,229
HAMILTON ISLAND,1986,12,122,119,241,0,0,0,122,119,241
HAMILTON ISLAND,1987,1,129,129,258,0,0,0,129,129,258
HAMILTON ISLAND,1987,2,104,102,206,0,0,0,104,102,206
HAMILTON ISLAND,1987,3,102,102,204,0,0,0,102,102,204
HAMILTON ISLAND,1987,4,113,113,226,0,0,0,113,113,226
HAMILTON ISLAND,1987,5,109,112,221,0,0,0,109,112,221
HAMILTON ISLAND,1987,6,106,106,212,0,0,0,106,106,212
HAMILTON ISLAND,1987,7,120,122,242,0,0,0,120,122,242
HAMILTON ISLAND,1987,8,120,125,245,0,0,0,120,125,245
HAMILTON ISLAND,1987,9,125,126,251,0,0,0,125,126,251
HAMILTON ISLAND,1987,10,143,145,288,0,0,0,143,145,288
HAMILTON ISLAND,1987,11,151,135,286,0,0,0,151,135,286
HAMILTON ISLAND,1987,12,128,126,254,0,0,0,128,126,254
HAMILTON ISLAND,1988,1,133,132,265,0,0,0,133,132,265
HAMILTON ISLAND,1988,2,115,113,228,0,0,0,115,113,228
HAMILTON ISLAND,1988,3,134,135,269,0,0,0,134,135,269
HAMILTON ISLAND,1988,4,131,132,263,0,0,0,131,132,263
HAMILTON ISLAND,1988,5,121,121,242,0,0,0,121,121,242
HAMILTON ISLAND,1988,6,126,125,251,0,0,0,126,125,251
HAMILTON ISLAND,1988,7,142,141,283,0,0,0,142,141,283
HAMILTON ISLAND,1988,8,133,133,266,0,0,0,133,133,266
HAMILTON ISLAND,1988,9,142,142,284,0,0,0,142,142,284
HAMILTON ISLAND,1988,10,161,164,325,0,0,0,161,164,325
HAMILTON ISLAND,1988,11,152,154,306,0,0,0,152,154,306
HAMILTON ISLAND,1988,12,147,146,293,0,0,0,147,146,293
HAMILTON ISLAND,1989,1,145,148,293,0,0,0,145,148,293
HAMILTON ISLAND,1989,2,123,122,245,0,0,0,123,122,245
HAMILTON ISLAND,1989,3,140,140,280,0,0,0,140,140,280
HAMILTON ISLAND,1989,4,140,141,281,0,0,0,140,141,281
HAMILTON ISLAND,1989,5,124,122,246,0,0,0,124,122,246
HAMILTON ISLAND,1989,6,119,119,238,0,0,0,119,119,238
HAMILTON ISLAND,1989,7,128,128,256,0,0,0,128,128,256
HAMILTON ISLAND,1989,8,70,71,141,0,0,0,70,71,141
HAMILTON ISLAND,1989,9,37,34,71,0,0,0,37,34,71
HAMILTON ISLAND,1989,10,51,51,102,0,0,0,51,51,102
HAMILTON ISLAND,1989,11,43,43,86,0,0,0,43,43,86
HAMILTON ISLAND,1989,12,49,49,98,0,0,0,49,49,98
HAMILTON ISLAND,1990,1,96,96,192,0,0,0,96,96,192
HAMILTON ISLAND,1990,2,71,71,142,0,0,0,71,71,142
HAMILTON ISLAND,1990,3,89,89,178,0,0,0,89,89,178
HAMILTON ISLAND,1990,4,100,100,200,0,0,0,100,100,200
HAMILTON ISLAND,1990,5,116,117,233,0,0,0,116,117,233
HAMILTON ISLAND,1990,6,111,111,222,0,0,0,111,111,222
HAMILTON ISLAND,1990,7,125,127,252,0,0,0,125,127,252
HAMILTON ISLAND,1990,8,118,118,236,0,0,0,118,118,236
HAMILTON ISLAND,1990,9,126,127,253,0,0,0,126,127,253
HAMILTON ISLAND,1990,10,117,116,233,0,0,0,117,116,233
HAMILTON ISLAND,1990,11,154,154,308,0,0,0,154,154,308
HAMILTON ISLAND,1990,12,141,139,280,0,0,0,141,139,280
HAMILTON ISLAND,1991,1,136,137,273,0,0,0,136,137,273
HAMILTON ISLAND,1991,2,109,108,217,0,0,0,109,108,217
HAMILTON ISLAND,1991,3,119,118,237,0,0,0,119,118,237
HAMILTON ISLAND,1991,4,119,118,237,0,0,0,119,118,237
HAMILTON ISLAND,1991,5,116,114,230,0,0,0,116,114,230
HAMILTON ISLAND,1991,6,129,129,258,0,0,0,129,129,258
HAMILTON ISLAND,1991,7,154,154,308,0,0,0,154,154,308
HAMILTON ISLAND,1991,8,125,125,250,0,0,0,125,125,250
HAMILTON ISLAND,1991,9,147,145,292,0,0,0,147,145,292
HAMILTON ISLAND,1991,10,161,161,322,0,0,0,161,161,322
HAMILTON ISLAND,1991,11,148,148,296,0,0,0,148,148,296
HAMILTON ISLAND,1991,12,155,155,310,0,0,0,155,155,310
HAMILTON ISLAND,1992,1,148,147,295,0,0,0,148,147,295
HAMILTON ISLAND,1992,2,108,110,218,0,0,0,108,110,218
HAMILTON ISLAND,1992,3,125,123,248,0,0,0,125,123,248
HAMILTON ISLAND,1992,4,115,115,230,0,0,0,115,115,230
HAMILTON ISLAND,1992,5,106,106,212,0,0,0,106,106,212
HAMILTON ISLAND,1992,6,104,104,208,0,0,0,104,104,208
HAMILTON ISLAND,1992,7,101,101,202,0,0,0,101,101,202
HAMILTON ISLAND,1992,8,107,106,213,0,0,0,107,106,213
HAMILTON ISLAND,1992,9,110,111,221,0,0,0,110,111,221
HAMILTON ISLAND,1992,10,130,130,260,0,0,0,130,130,260
HAMILTON ISLAND,1992,11,160,156,316,0,0,0,160,156,316
HAMILTON ISLAND,1992,12,161,159,320,0,0,0,161,159,320
HAMILTON ISLAND,1993,1,149,152,301,0,0,0,149,152,301
HAMILTON ISLAND,1993,2,124,124,248,0,0,0,124,124,248
HAMILTON ISLAND,1993,3,143,142,285,0,0,0,143,142,285
HAMILTON ISLAND,1993,4,150,150,300,0,0,0,150,150,300
HAMILTON ISLAND,1993,5,125,126,251,0,0,0,125,126,251
HAMILTON ISLAND,1993,6,118,118,236,0,0,0,118,118,236
HAMILTON ISLAND,1993,7,143,142,285,0,0,0,143,142,285
HAMILTON ISLAND,1993,8,155,155,310,0,0,0,155,155,310
HAMILTON ISLAND,1993,9,145,146,291,0,0,0,145,146,291
HAMILTON ISLAND,1993,10,184,186,370,0,0,0,184,186,370
HAMILTON ISLAND,1993,11,168,169,337,0,0,0,168,169,337
HAMILTON ISLAND,1993,12,178,178,356,0,0,0,178,178,356
HAMILTON ISLAND,1994,1,176,176,352,0,0,0,176,176,352
HAMILTON ISLAND,1994,2,152,151,303,0,0,0,152,151,303
HAMILTON ISLAND,1994,3,176,176,352,0,0,0,176,176,352
HAMILTON ISLAND,1994,4,171,171,342,0,0,0,171,171,342
HAMILTON ISLAND,1994,5,166,166,332,0,0,0,166,166,332
HAMILTON ISLAND,1994,6,157,157,314,0,0,0,157,157,314
HAMILTON ISLAND,1994,7,172,172,344,0,0,0,172,172,344
HAMILTON ISLAND,1994,8,172,171,343,0,0,0,172,171,343
HAMILTON ISLAND,1994,9,179,179,358,0,0,0,179,179,358
HAMILTON ISLAND,1994,10,211,210,421,0,0,0,211,210,421
HAMILTON ISLAND,1994,11,203,197,400,0,0,0,203,197,400
HAMILTON ISLAND,1994,12,213,212,425,0,0,0,213,212,425
HAMILTON ISLAND,1995,1,195,195,390,0,0,0,195,195,390
HAMILTON ISLAND,1995,2,154,153,307,0,0,0,154,153,307
HAMILTON ISLAND,1995,3,173,173,346,0,0,0,173,173,346
HAMILTON ISLAND,1995,4,185,184,369,0,0,0,185,184,369
HAMILTON ISLAND,1995,5,168,168,336,0,0,0,168,168,336
HAMILTON ISLAND,1995,6,152,152,304,0,0,0,152,152,304
HAMILTON ISLAND,1995,7,174,174,348,0,0,0,174,174,348
HAMILTON ISLAND,1995,8,180,177,357,0,0,0,180,177,357
HAMILTON ISLAND,1995,9,178,178,356,0,0,0,178,178,356
HAMILTON ISLAND,1995,10,212,212,424,0,0,0,212,212,424
HAMILTON ISLAND,1995,11,206,205,411,0,0,0,206,205,411
HAMILTON ISLAND,1995,12,207,207,414,0,0,0,207,207,414
HAMILTON ISLAND,1996,1,195,195,390,0,0,0,195,195,390
HAMILTON ISLAND,1996,2,159,158,317,0,0,0,159,158,317
HAMILTON ISLAND,1996,3,162,162,324,0,0,0,162,162,324
HAMILTON ISLAND,1996,4,173,173,346,0,0,0,173,173,346
HAMILTON ISLAND,1996,5,152,151,303,0,0,0,152,151,303
HAMILTON ISLAND,1996,6,150,150,300,0,0,0,150,150,300
HAMILTON ISLAND,1996,7,163,161,324,0,0,0,163,161,324
HAMILTON ISLAND,1996,8,150,150,300,0,0,0,150,150,300
HAMILTON ISLAND,1996,9,163,163,326,0,0,0,163,163,326
HAMILTON ISLAND,1996,10,187,187,374,0,0,0,187,187,374
HAMILTON ISLAND,1996,11,172,172,344,0,0,0,172,172,344
HAMILTON ISLAND,1996,12,183,183,366,0,0,0,183,183,366
HAMILTON ISLAND,1997,1,179,179,358,0,0,0,179,179,358
HAMILTON ISLAND,1997,2,144,142,286,0,0,0,144,142,286
HAMILTON ISLAND,1997,3,161,161,322,0,0,0,161,161,322
HAMILTON ISLAND,1997,4,154,155,309,0,0,0,154,155,309
HAMILTON ISLAND,1997,5,139,139,278,0,0,0,139,139,278
HAMILTON ISLAND,1997,6,145,144,289,0,0,0,145,144,289
HAMILTON ISLAND,1997,7,149,148,297,0,0,0,149,148,297
HAMILTON ISLAND,1997,8,150,150,300,0,0,0,150,150,300
HAMILTON ISLAND,1997,9,160,159,319,0,0,0,160,159,319
HAMILTON ISLAND,1997,10,174,174,348,0,0,0,174,174,348
HAMILTON ISLAND,1997,11,165,165,330,0,0,0,165,165,330
HAMILTON ISLAND,1997,12,173,172,345,0,0,0,173,172,345
HAMILTON ISLAND,1998,1,188,187,375,0,0,0,188,187,375
HAMILTON ISLAND,1998,2,128,128,256,0,0,0,128,128,256
HAMILTON ISLAND,1998,3,158,157,315,0,0,0,158,157,315
HAMILTON ISLAND,1998,4,167,167,334,0,0,0,167,167,334
HAMILTON ISLAND,1998,5,166,166,332,0,0,0,166,166,332
HAMILTON ISLAND,1998,6,138,138,276,0,0,0,138,138,276
HAMILTON ISLAND,1998,7,145,145,290,0,0,0,145,145,290
HAMILTON ISLAND,1998,8,144,144,288,0,0,0,144,144,288
HAMILTON ISLAND,1998,9,149,150,299,0,0,0,149,150,299
HAMILTON ISLAND,1998,10,161,161,322,0,0,0,161,161,322
HAMILTON ISLAND,1998,11,167,166,333,0,0,0,167,166,333
HAMILTON ISLAND,1998,12,174,173,347,0,0,0,174,173,347
HAMILTON ISLAND,1999,1,182,182,364,0,0,0,182,182,364
HAMILTON ISLAND,1999,2,143,144,287,0,0,0,143,144,287
HAMILTON ISLAND,1999,3,152,151,303,0,0,0,152,151,303
HAMILTON ISLAND,1999,4,147,148,295,0,0,0,147,148,295
HAMILTON ISLAND,1999,5,141,141,282,0,0,0,141,141,282
HAMILTON ISLAND,1999,6,136,136,272,0,0,0,136,136,272
HAMILTON ISLAND,1999,7,156,157,313,0,0,0,156,157,313
HAMILTON ISLAND,1999,8,159,159,318,0,0,0,159,159,318
HAMILTON ISLAND,1999,9,153,153,306,0,0,0,153,153,306
HAMILTON ISLAND,1999,10,167,167,334,0,0,0,167,167,334
HAMILTON ISLAND,1999,11,170,169,339,0,0,0,170,169,339
HAMILTON ISLAND,1999,12,178,178,356,0,0,0,178,178,356
HAMILTON ISLAND,2000,1,194,194,388,0,0,0,194,194,388
HAMILTON ISLAND,2000,2,177,177,354,0,0,0,177,177,354
HAMILTON ISLAND,2000,3,192,192,384,0,0,0,192,192,384
HAMILTON ISLAND,2000,4,207,207,414,0,0,0,207,207,414
HAMILTON ISLAND,2000,5,191,190,381,0,0,0,191,190,381
HAMILTON ISLAND,2000,6,197,197,394,0,0,0,197,197,394
HAMILTON ISLAND,2000,7,187,187,374,0,0,0,187,187,374
HAMILTON ISLAND,2000,8,197,195,392,0,0,0,197,195,392
HAMILTON ISLAND,2000,9,200,201,401,0,0,0,200,201,401
HAMILTON ISLAND,2000,10,210,210,420,0,0,0,210,210,420
HAMILTON ISLAND,2000,11,214,214,428,0,0,0,214,214,428
HAMILTON ISLAND,2000,12,228,228,456,0,0,0,228,228,456
HAMILTON ISLAND,2001,1,229,229,458,0,0,0,229,229,458
HAMILTON ISLAND,2001,2,191,191,382,0,0,0,191,191,382
HAMILTON ISLAND,2001,3,215,214,429,0,0,0,215,214,429
HAMILTON ISLAND,2001,4,205,204,409,0,0,0,205,204,409
HAMILTON ISLAND,2001,5,205,205,410,0,0,0,205,205,410
HAMILTON ISLAND,2001,6,203,203,406,0,0,0,203,203,406
HAMILTON ISLAND,2001,7,213,212,425,0,0,0,213,212,425
HAMILTON ISLAND,2001,8,211,210,421,0,0,0,211,210,421
HAMILTON ISLAND,2001,9,182,181,363,0,0,0,182,181,363
HAMILTON ISLAND,2001,10,157,159,316,0,0,0,157,159,316
HAMILTON ISLAND,2001,11,150,150,300,0,0,0,150,150,300
HAMILTON ISLAND,2001,12,164,162,326,0,0,0,164,162,326
HAMILTON ISLAND,2002,1,158,156,314,0,0,0,158,156,314
HAMILTON ISLAND,2002,2,133,133,266,0,0,0,133,133,266
HAMILTON ISLAND,2002,3,156,156,312,0,0,0,156,156,312
HAMILTON ISLAND,2002,4,150,150,300,0,0,0,150,150,300
HAMILTON ISLAND,2002,5,149,149,298,0,0,0,149,149,298
HAMILTON ISLAND,2002,6,129,129,258,0,0,0,129,129,258
HAMILTON ISLAND,2002,7,176,176,352,0,0,0,176,176,352
HAMILTON ISLAND,2002,8,181,181,362,0,0,0,181,181,362
HAMILTON ISLAND,2002,9,176,176,352,0,0,0,176,176,352
HAMILTON ISLAND,2002,10,180,179,359,0,0,0,180,179,359
HAMILTON ISLAND,2002,11,173,173,346,0,0,0,173,173,346
HAMILTON ISLAND,2002,12,188,188,376,0,0,0,188,188,376
HAMILTON ISLAND,2003,1,190,190,380,0,0,0,190,190,380
HAMILTON ISLAND,2003,2,167,168,335,0,0,0,167,168,335
HAMILTON ISLAND,2003,3,188,189,377,0,0,0,188,189,377
HAMILTON ISLAND,2003,4,166,166,332,0,0,0,166,166,332
HAMILTON ISLAND,2003,5,154,154,308,0,0,0,154,154,308
HAMILTON ISLAND,2003,6,148,146,294,0,0,0,148,146,294
HAMILTON ISLAND,2003,7,160,160,320,0,0,0,160,160,320
HAMILTON ISLAND,2003,8,203,202,405,0,0,0,203,202,405
HAMILTON ISLAND,2003,9,203,203,406,0,0,0,203,203,406
HAMILTON ISLAND,2003,10,228,228,456,0,0,0,228,228,456
HAMILTON ISLAND,2003,11,209,209,418,0,0,0,209,209,418
HAMILTON ISLAND,2003,12,227,227,454,0,0,0,227,227,454
HAMILTON ISLAND,2004,1,234,234,468,0,0,0,234,234,468
HAMILTON ISLAND,2004,2,194,194,388,0,0,0,194,194,388
HAMILTON ISLAND,2004,3,193,192,385,0,0,0,193,192,385
HAMILTON ISLAND,2004,4,196,195,391,0,0,0,196,195,391
HAMILTON ISLAND,2004,5,188,188,376,0,0,0,188,188,376
HAMILTON ISLAND,2004,6,165,166,331,0,0,0,165,166,331
HAMILTON ISLAND,2004,7,167,168,335,0,0,0,167,168,335
HAMILTON ISLAND,2004,8,180,180,360,0,0,0,180,180,360
HAMILTON ISLAND,2004,9,177,177,354,0,0,0,177,177,354
HAMILTON ISLAND,2004,10,191,191,382,0,0,0,191,191,382
HAMILTON ISLAND,2004,11,166,165,331,0,0,0,166,165,331
HAMILTON ISLAND,2004,12,185,186,371,0,0,0,185,186,371
HAMILTON ISLAND,2005,1,173,174,347,0,0,0,173,174,347
HAMILTON ISLAND,2005,2,146,146,292,0,0,0,146,146,292
HAMILTON ISLAND,2005,3,154,155,309,0,0,0,154,155,309
HAMILTON ISLAND,2005,4,152,151,303,0,0,0,152,151,303
HAMILTON ISLAND,2005,5,148,148,296,0,0,0,148,148,296
HAMILTON ISLAND,2005,6,151,151,302,0,0,0,151,151,302
HAMILTON ISLAND,2005,7,197,197,394,0,0,0,197,197,394
HAMILTON ISLAND,2005,8,199,199,398,0,0,0,199,199,398
HAMILTON ISLAND,2005,9,194,194,388,0,0,0,194,194,388
HAMILTON ISLAND,2005,10,206,206,412,0,0,0,206,206,412
HAMILTON ISLAND,2005,11,217,218,435,0,0,0,217,218,435
HAMILTON ISLAND,2005,12,225,225,450,0,0,0,225,225,450
HAMILTON ISLAND,2006,1,217,218,435,0,0,0,217,218,435
HAMILTON ISLAND,2006,2,167,168,335,0,0,0,167,168,335
HAMILTON ISLAND,2006,3,186,186,372,0,0,0,186,186,372
HAMILTON ISLAND,2006,4,189,189,378,0,0,0,189,189,378
HAMILTON ISLAND,2006,5,185,185,370,0,0,0,185,185,370
HAMILTON ISLAND,2006,6,177,179,356,0,0,0,177,179,356
HAMILTON ISLAND,2006,7,191,193,384,0,0,0,191,193,384
HAMILTON ISLAND,2006,8,181,183,364,0,0,0,181,183,364
HAMILTON ISLAND,2006,9,181,181,362,0,0,0,181,181,362
HAMILTON ISLAND,2006,10,196,197,393,0,0,0,196,197,393
HAMILTON ISLAND,2006,11,213,213,426,0,0,0,213,213,426
HAMILTON ISLAND,2006,12,215,215,430,0,0,0,215,215,430
HAMILTON ISLAND,2007,1,210,208,418,0,0,0,210,208,418
HAMILTON ISLAND,2007,2,162,164,326,0,0,0,162,164,326
HAMILTON ISLAND,2007,3,195,195,390,0,0,0,195,195,390
HAMILTON ISLAND,2007,4,186,186,372,0,0,0,186,186,372
HAMILTON ISLAND,2007,5,185,183,368,0,0,0,185,183,368
HAMILTON ISLAND,2007,6,187,185,372,0,0,0,187,185,372
HAMILTON ISLAND,2007,7,192,192,384,0,0,0,192,192,384
HAMILTON ISLAND,2007,8,187,187,374,0,0,0,187,187,374
HAMILTON ISLAND,2007,9,182,182,364,0,0,0,182,182,364
HAMILTON ISLAND,2007,10,189,190,379,0,0,0,189,190,379
HAMILTON ISLAND,2007,11,193,193,386,0,0,0,193,193,386
HAMILTON ISLAND,2007,12,195,195,390,0,0,0,195,195,390
HAMILTON ISLAND,2008,1,192,194,386,0,0,0,192,194,386
HAMILTON ISLAND,2008,2,153,152,305,0,0,0,153,152,305
HAMILTON ISLAND,2008,3,183,183,366,0,0,0,183,183,366
HAMILTON ISLAND,2008,4,180,180,360,0,0,0,180,180,360
HAMILTON ISLAND,2008,5,170,170,340,0,0,0,170,170,340
HAMILTON ISLAND,2008,6,169,169,338,0,0,0,169,169,338
HAMILTON ISLAND,2008,7,180,180,360,0,0,0,180,180,360
HAMILTON ISLAND,2008,8,162,162,324,0,0,0,162,162,324
HAMILTON ISLAND,2008,9,170,170,340,0,0,0,170,170,340
HAMILTON ISLAND,2008,10,183,183,366,0,0,0,183,183,366
HAMILTON ISLAND,2008,11,155,155,310,0,0,0,155,155,310
HAMILTON ISLAND,2008,12,158,158,316,0,0,0,158,158,316
HAMILTON ISLAND,2009,1,161,161,322,0,0,0,161,161,322
HAMILTON ISLAND,2009,2,133,136,269,0,0,0,133,136,269
HAMILTON ISLAND,2009,3,151,151,302,0,0,0,151,151,302
HAMILTON ISLAND,2009,4,150,150,300,0,0,0,150,150,300
HAMILTON ISLAND,2009,5,148,150,298,0,0,0,148,150,298
HAMILTON ISLAND,2009,6,147,148,295,0,0,0,147,148,295
HAMILTON ISLAND,2009,7,178,180,358,0,0,0,178,180,358
HAMILTON ISLAND,2009,8,186,187,373,0,0,0,186,187,373
HAMILTON ISLAND,2009,9,180,180,360,0,0,0,180,180,360
HAMILTON ISLAND,2009,10,186,186,372,0,0,0,186,186,372
HAMILTON ISLAND,2009,11,180,180,360,0,0,0,180,180,360
HAMILTON ISLAND,2009,12,186,186,372,0,0,0,186,186,372
HAMILTON ISLAND,2010,1,185,185,370,0,0,0,185,185,370
HAMILTON ISLAND,2010,2,166,166,332,0,0,0,166,166,332
HAMILTON ISLAND,2010,3,175,175,350,0,0,0,175,175,350
HAMILTON ISLAND,2010,4,180,179,359,0,0,0,180,179,359
HAMILTON ISLAND,2010,5,170,170,340,0,0,0,170,170,340
HAMILTON ISLAND,2010,6,164,164,328,0,0,0,164,164,328
HAMILTON ISLAND,2010,7,183,183,366,0,0,0,183,183,366
HAMILTON ISLAND,2010,8,184,185,369,0,0,0,184,185,369
HAMILTON ISLAND,2010,9,176,176,352,0,0,0,176,176,352
HAMILTON ISLAND,2010,10,186,186,372,0,0,0,186,186,372
HAMILTON ISLAND,2010,11,181,180,361,0,0,0,181,180,361
HAMILTON ISLAND,2010,12,184,183,367,0,0,0,184,183,367
HAMILTON ISLAND,2011,1,185,185,370,0,0,0,185,185,370
HAMILTON ISLAND,2011,2,142,144,286,0,0,0,142,144,286
HAMILTON ISLAND,2011,3,167,167,334,0,0,0,167,167,334
HAMILTON ISLAND,2011,4,178,178,356,0,0,0,178,178,356
HAMILTON ISLAND,2011,5,161,161,322,0,0,0,161,161,322
HAMILTON ISLAND,2011,6,145,145,290,0,0,0,145,145,290
HAMILTON ISLAND,2011,7,184,183,367,0,0,0,184,183,367
HAMILTON ISLAND,2011,8,184,184,368,0,0,0,184,184,368
HAMILTON ISLAND,2011,9,177,177,354,0,0,0,177,177,354
HAMILTON ISLAND,2011,10,186,185,371,0,0,0,186,185,371
HAMILTON ISLAND,2011,11,179,180,359,0,0,0,179,180,359
HAMILTON ISLAND,2011,12,182,182,364,0,0,0,182,182,364
HAMILTON ISLAND,2012,1,173,173,346,0,0,0,173,173,346
HAMILTON ISLAND,2012,2,149,148,297,0,0,0,149,148,297
HAMILTON ISLAND,2012,3,159,159,318,0,0,0,159,159,318
HAMILTON ISLAND,2012,4,159,159,318,0,0,0,159,159,318
HAMILTON ISLAND,2012,5,154,154,308,0,0,0,154,154,308
HAMILTON ISLAND,2012,6,153,152,305,0,0,0,153,152,305
HAMILTON ISLAND,2012,7,152,148,300,0,0,0,152,148,300
HAMILTON ISLAND,2012,8,163,161,324,0,0,0,163,161,324
HAMILTON ISLAND,2012,9,160,160,320,0,0,0,160,160,320
HAMILTON ISLAND,2012,10,161,161,322,0,0,0,161,161,322
HAMILTON ISLAND,2012,11,160,160,320,0,0,0,160,160,320
HAMILTON ISLAND,2012,12,166,166,332,0,0,0,166,166,332
HAMILTON ISLAND,2013,1,161,159,320,0,0,0,161,159,320
HAMILTON ISLAND,2013,2,136,136,272,0,0,0,136,136,272
HAMILTON ISLAND,2013,3,157,157,314,0,0,0,157,157,314
HAMILTON ISLAND,2013,4,157,157,314,0,0,0,157,157,314
HAMILTON ISLAND,2013,5,149,148,297,0,0,0,149,148,297
HAMILTON ISLAND,2013,6,155,155,310,0,0,0,155,155,310
HAMILTON ISLAND,2013,7,162,162,324,0,0,0,162,162,324
HAMILTON ISLAND,2013,8,174,174,348,0,0,0,174,174,348
HAMILTON ISLAND,2013,9,177,177,354,0,0,0,177,177,354
HAMILTON ISLAND,2013,10,182,182,364,0,0,0,182,182,364
HAMILTON ISLAND,2013,11,182,182,364,0,0,0,182,182,364
HAMILTON ISLAND,2013,12,186,187,373,0,0,0,186,187,373
HAMILTON ISLAND,2014,1,172,172,344,0,0,0,172,172,344
HAMILTON ISLAND,2014,2,145,145,290,0,0,0,145,145,290
HAMILTON ISLAND,2014,3,161,158,319,0,0,0,161,158,319
HAMILTON ISLAND,2014,4,164,164,328,0,0,0,164,164,328
HAMILTON ISLAND,2014,5,165,164,329,0,0,0,165,164,329
HAMILTON ISLAND,2014,6,163,164,327,0,0,0,163,164,327
HAMILTON ISLAND,2014,7,195,196,391,0,0,0,195,196,391
HAMILTON ISLAND,2014,8,196,194,390,0,0,0,196,194,390
HAMILTON ISLAND,2014,9,192,192,384,0,0,0,192,192,384
HAMILTON ISLAND,2014,10,188,188,376,0,0,0,188,188,376
HAMILTON ISLAND,2014,11,175,175,350,0,0,0,175,175,350
HAMILTON ISLAND,2014,12,192,192,384,0,0,0,192,192,384
HAMILTON ISLAND,2015,1,197,197,394,0,0,0,197,197,394
HAMILTON ISLAND,2015,2,150,150,300,0,0,0,150,150,300
HAMILTON ISLAND,2015,3,173,172,345,0,0,0,173,172,345
HAMILTON ISLAND,2015,4,173,173,346,0,0,0,173,173,346
HAMILTON ISLAND,2015,5,165,164,329,0,0,0,165,164,329
HAMILTON ISLAND,2015,6,169,169,338,0,0,0,169,169,338
HAMILTON ISLAND,2015,7,172,169,341,0,0,0,172,169,341
HAMILTON ISLAND,2015,8,185,185,370,0,0,0,185,185,370
HAMILTON ISLAND,2015,9,190,189,379,0,0,0,190,189,379
HAMILTON ISLAND,2015,10,199,199,398,0,0,0,199,199,398
HAMILTON ISLAND,2015,11,194,194,388,0,0,0,194,194,388
HAMILTON ISLAND,2015,12,202,202,404,0,0,0,202,202,404
HAMILTON ISLAND,2016,1,211,211,422,0,0,0,211,211,422
HAMILTON ISLAND,2016,2,179,179,358,0,0,0,179,179,358
HAMILTON ISLAND,2016,3,201,202,403,0,0,0,201,202,403
HAMILTON ISLAND,2016,4,205,205,410,0,0,0,205,205,410
HAMILTON ISLAND,2016,5,201,200,401,0,0,0,201,200,401
HAMILTON ISLAND,2016,6,190,190,380,0,0,0,190,190,380
HAMILTON ISLAND,2016,7,220,220,440,0,0,0,220,220,440
HAMILTON ISLAND,2016,8,219,219,438,0,0,0,219,219,438
HAMILTON ISLAND,2016,9,217,217,434,0,0,0,217,217,434
HAMILTON ISLAND,2016,10,224,224,448,0,0,0,224,224,448
HAMILTON ISLAND,2016,11,226,226,452,0,0,0,226,226,452
HAMILTON ISLAND,2016,12,244,243,487,0,0,0,244,243,487
HAMILTON ISLAND,2017,1,244,244,488,0,0,0,244,244,488
HAMILTON ISLAND,2017,2,187,187,374,0,0,0,187,187,374
HAMILTON ISLAND,2017,3,174,189,363,0,0,0,174,189,363
HAMILTON ISLAND,2017,4,141,142,283,0,0,0,141,142,283
HAMILTON ISLAND,2017,5,174,174,348,0,0,0,174,174,348
HAMILTON ISLAND,2017,6,172,171,343,0,0,0,172,171,343
HAMILTON ISLAND,2017,7,205,204,409,0,0,0,205,204,409
HAMILTON ISLAND,2017,8,211,211,422,0,0,0,211,211,422
HAMILTON ISLAND,2017,9,214,214,428,0,0,0,214,214,428
HAMILTON ISLAND,2017,10,210,208,418,0,0,0,210,208,418
HAMILTON ISLAND,2017,11,207,207,414,0,0,0,207,207,414
HAMILTON ISLAND,2017,12,204,203,407,0,0,0,204,203,407
HAMILTON ISLAND,2018,1,217,217,434,0,0,0,217,217,434
HAMILTON ISLAND,2018,2,160,160,320,0,0,0,160,160,320
HAMILTON ISLAND,2018,3,180,179,359,0,0,0,180,179,359
HAMILTON ISLAND,2018,4,193,193,386,0,0,0,193,193,386
HAMILTON ISLAND,2018,5,172,172,344,0,0,0,172,172,344
HAMILTON ISLAND,2018,6,167,167,334,0,0,0,167,167,334
HAMILTON ISLAND,2018,7,205,205,410,0,0,0,205,205,410
HAMILTON ISLAND,2018,8,199,199,398,0,0,0,199,199,398
HAMILTON ISLAND,2018,9,203,202,405,0,0,0,203,202,405
HAMILTON ISLAND,2018,10,212,212,424,0,0,0,212,212,424
HAMILTON ISLAND,2018,11,184,184,368,0,0,0,184,184,368
HAMILTON ISLAND,2018,12,212,211,423,0,0,0,212,211,423
HAMILTON ISLAND,2019,1,217,216,433,0,0,0,217,216,433
HAMILTON ISLAND,2019,2,168,167,335,0,0,0,168,167,335
HAMILTON ISLAND,2019,3,189,189,378,0,0,0,189,189,378
HAMILTON ISLAND,2019,4,198,197,395,0,0,0,198,197,395
HAMILTON ISLAND,2019,5,178,178,356,0,0,0,178,178,356
HAMILTON ISLAND,2019,6,181,181,362,0,0,0,181,181,362
HAMILTON ISLAND,2019,7,203,203,406,0,0,0,203,203,406
HAMILTON ISLAND,2019,8,192,192,384,0,0,0,192,192,384
HAMILTON ISLAND,2019,9,210,209,419,0,0,0,210,209,419
HAMILTON ISLAND,2019,10,212,212,424,0,0,0,212,212,424
HAMILTON ISLAND,2019,11,203,203,406,0,0,0,203,203,406
HAMILTON ISLAND,2019,12,217,216,433,0,0,0,217,216,433
HAMILTON ISLAND,2020,1,223,222,445,0,0,0,223,222,445
HAMILTON ISLAND,2020,2,163,160,323,0,0,0,163,160,323
HAMILTON ISLAND,2020,3,134,139,273,0,0,0,134,139,273
HAMILTON ISLAND,2020,4,0,0,0,0,0,0,0,0,0
HAMILTON ISLAND,2020,5,0,0,0,0,0,0,0,0,0
HAMILTON ISLAND,2020,6,0,0,0,0,0,0,0,0,0
HAMILTON ISLAND,2020,7,6,6,12,0,0,0,6,6,12
HAMILTON ISLAND,2020,8,66,69,135,0,0,0,66,69,135
HAMILTON ISLAND,2020,9,77,76,153,0,0,0,77,76,153
HAMILTON ISLAND,2020,10,80,80,160,0,0,0,80,80,160
HAMILTON ISLAND,2020,11,72,72,144,0,0,0,72,72,144
HAMILTON ISLAND,2020,12,150,151,301,0,0,0,150,151,301
HAMILTON ISLAND,2021,1,137,137,274,0,0,0,137,137,274
HAMILTON ISLAND,2021,2,103,104,207,0,0,0,103,104,207
HAMILTON ISLAND,2021,3,163,163,326,0,0,0,163,163,326
HAMILTON ISLAND,2021,4,202,199,401,0,0,0,202,199,401
HAMILTON ISLAND,2021,5,161,164,325,0,0,0,161,164,325
HAMILTON ISLAND,2021,6,172,176,348,0,0,0,172,176,348
HAMILTON ISLAND,2021,7,127,132,259,0,0,0,127,132,259
HAMILTON ISLAND,2021,8,63,69,132,0,0,0,63,69,132
HAMILTON ISLAND,2021,9,74,83,157,0,0,0,74,83,157
HAMILTON ISLAND,2021,10,93,102,195,0,0,0,93,102,195
HAMILTON ISLAND,2021,11,94,99,193,0,0,0,94,99,193
HAMILTON ISLAND,2021,12,168,169,337,0,0,0,168,169,337
HAMILTON ISLAND,2022,1,181,181,362,0,0,0,181,181,362
HAMILTON ISLAND,2022,2,138,138,276,0,0,0,138,138,276
HAMILTON ISLAND,2022,3,171,171,342,0,0,0,171,171,342
HAMILTON ISLAND,2022,4,244,243,487,0,0,0,244,243,487
HAMILTON ISLAND,2022,5,189,188,377,0,0,0,189,188,377
HAMILTON ISLAND,2022,6,178,176,354,0,0,0,178,176,354
HAMILTON ISLAND,2022,7,187,186,373,0,0,0,187,186,373
HAMILTON ISLAND,2022,8,162,160,322,0,0,0,162,160,322
HAMILTON ISLAND,2022,9,166,165,331,0,0,0,166,165,331
HAMILTON ISLAND,2022,10,183,184,367,0,0,0,183,184,367
HAMILTON ISLAND,2022,11,162,161,323,0,0,0,162,161,323
HAMILTON ISLAND,2022,12,178,178,356,0,0,0,178,178,356
HAMILTON ISLAND,2023,1,188,188,376,0,0,0,188,188,376
HAMILTON ISLAND,2023,2,133,133,266,0,0,0,133,133,266
HAMILTON ISLAND,2023,3,158,158,316,0,0,0,158,158,316
HAMILTON ISLAND,2023,4,178,177,355,0,0,0,178,177,355
HAMILTON ISLAND,2023,5,139,139,278,0,0,0,139,139,278
HAMILTON ISLAND,2023,6,154,154,308,0,0,0,154,154,308
HAMILTON ISLAND,2023,7,174,175,349,0,0,0,174,175,349
HAMILTON ISLAND,2023,8,165,164,329,0,0,0,165,164,329
HAMILTON ISLAND,2023,9,176,176,352,0,0,0,176,176,352
HAMILTON ISLAND,2023,10,172,172,344,0,0,0,172,172,344
HAMILTON ISLAND,2023,11,164,162,326,0,0,0,164,162,326
HAMILTON ISLAND,2023,12,194,194,388,0,0,0,194,194,388
HAMILTON ISLAND,2024,1,193,193,386,0,0,0,193,193,386
HAMILTON ISLAND,2024,2,146,146,292,0,0,0,146,146,292
HAMILTON ISLAND,2024,3,170,170,340,0,0,0,170,170,340
HAMILTON ISLAND,2024,4,160,160,320,0,0,0,160,160,320
HAMILTON ISLAND,2024,5,141,141,282,0,0,0,141,141,282
HAMILTON ISLAND,2024,6,143,143,286,0,0,0,143,143,286
HAMILTON ISLAND,2024,7,161,161,322,0,0,0,161,161,322
HAMILTON ISLAND,2024,8,158,157,315,0,0,0,158,157,315
HAMILTON ISLAND,2024,9,164,164,328,0,0,0,164,164,328
HAMILTON ISLAND,2024,10,163,163,326,0,0,0,163,163,326
HAMILTON ISLAND,2024,11,154,154,308,0,0,0,154,154,308
HAMILTON ISLAND,2024,12,186,184,370,0,0,0,186,184,370
HAMILTON ISLAND,2025,1,174,174,348,0,0,0,174,174,348
HAMILTON ISLAND,2025,2,135,136,271,0,0,0,135,136,271
HAMILTON ISLAND,2025,3,150,150,300,0,0,0,150,150,300
HAMILTON ISLAND,2025,4,169,168,337,0,0,0,169,168,337
HAMILTON ISLAND,2025,5,144,144,288,0,0,0,144,144,288
HAMILTON ISLAND,2025,6,145,145,290,0,0,0,145,145,290
HOBART,1985,1,467,473,940,8,8,16,475,481,956
HOBART,1985,2,385,391,776,8,8,16,393,399,792
HOBART,1985,3,419,422,841,9,9,18,428,431,859
HOBART,1985,4,415,422,837,8,8,16,423,430,853
HOBART,1985,5,434,444,878,8,8,16,442,452,894
HOBART,1985,6,401,419,820,8,8,16,409,427,836
HOBART,1985,7,386,402,788,6,6,12,392,408,800
HOBART,1985,8,502,530,1032,7,7,14,509,537,1046
HOBART,1985,9,536,569,1105,8,8,16,544,577,1121
HOBART,1985,10,517,523,1040,7,7,14,524,530,1054
HOBART,1985,11,506,502,1008,8,8,16,514,510,1024
HOBART,1985,12,528,535,1063,12,12,24,540,547,1087
HOBART,1986,1,562,578,1140,12,12,24,574,590,1164
HOBART,1986,2,440,443,883,11,11,22,451,454,905
HOBART,1986,3,501,504,1005,14,14,28,515,518,1033
HOBART,1986,4,472,484,956,12,12,24,484,496,980
HOBART,1986,5,501,506,1007,14,14,28,515,520,1035
HOBART,1986,6,459,470,929,11,11,22,470,481,951
HOBART,1986,7,431,442,873,11,9,20,442,451,893
HOBART,1986,8,451,470,921,9,11,20,460,481,941
HOBART,1986,9,480,484,964,12,12,24,492,496,988
HOBART,1986,10,484,488,972,12,12,24,496,500,996
HOBART,1986,11,454,463,917,13,13,26,467,476,943
HOBART,1986,12,493,503,996,12,12,24,505,515,1020
HOBART,1987,1,559,567,1126,14,14,28,573,581,1154
HOBART,1987,2,461,469,930,12,12,24,473,481,954
HOBART,1987,3,505,513,1018,12,12,24,517,525,1042
HOBART,1987,4,458,459,917,8,8,16,466,467,933
HOBART,1987,5,450,452,902,9,9,18,459,461,920
HOBART,1987,6,459,467,926,9,9,18,468,476,944
HOBART,1987,7,478,478,956,8,8,16,486,486,972
HOBART,1987,8,475,489,964,10,10,20,485,499,984
HOBART,1987,9,491,495,986,8,8,16,499,503,1002
HOBART,1987,10,516,523,1039,9,9,18,525,532,1057
HOBART,1987,11,488,491,979,9,9,18,497,500,997
HOBART,1987,12,531,532,1063,12,12,24,543,544,1087
HOBART,1988,1,552,557,1109,14,14,28,566,571,1137
HOBART,1988,2,475,469,944,13,13,26,488,482,970
HOBART,1988,3,453,455,908,11,11,22,464,466,930
HOBART,1988,4,410,411,821,9,9,18,419,420,839
HOBART,1988,5,387,397,784,9,9,18,396,406,802
HOBART,1988,6,380,383,763,8,8,16,388,391,779
HOBART,1988,7,389,396,785,9,9,18,398,405,803
HOBART,1988,8,408,422,830,9,9,18,417,431,848
HOBART,1988,9,418,432,850,8,8,16,426,440,866
HOBART,1988,10,408,415,823,10,10,20,418,425,843
HOBART,1988,11,387,395,782,12,12,24,399,407,806
HOBART,1988,12,423,432,855,12,12,24,435,444,879
HOBART,1989,1,448,456,904,14,14,28,462,470,932
HOBART,1989,2,376,375,751,15,15,30,391,390,781
HOBART,1989,3,429,419,848,16,16,32,445,435,880
HOBART,1989,4,399,401,800,13,13,26,412,414,826
HOBART,1989,5,405,404,809,14,13,27,419,417,836
HOBART,1989,6,391,386,777,9,9,18,400,395,795
HOBART,1989,7,399,402,801,14,14,28,413,416,829
HOBART,1989,8,333,333,666,13,13,26,346,346,692
HOBART,1989,9,256,252,508,16,16,32,272,268,540
HOBART,1989,10,248,250,498,21,21,42,269,271,540
HOBART,1989,11,312,308,620,16,16,32,328,324,652
HOBART,1989,12,306,303,609,18,18,36,324,321,645
HOBART,1990,1,353,355,708,18,18,36,371,373,744
HOBART,1990,2,332,329,661,16,16,32,348,345,693
HOBART,1990,3,384,393,777,15,15,30,399,408,807
HOBART,1990,4,385,384,769,13,13,26,398,397,795
HOBART,1990,5,371,368,739,13,13,26,384,381,765
HOBART,1990,6,360,357,717,13,13,26,373,370,743
HOBART,1990,7,363,350,713,13,13,26,376,363,739
HOBART,1990,8,385,354,739,13,13,26,398,367,765
HOBART,1990,9,397,369,766,13,13,26,410,382,792
HOBART,1990,10,401,351,752,15,13,28,416,364,780
HOBART,1990,11,401,381,782,13,13,26,414,394,808
HOBART,1990,12,441,411,852,13,13,26,454,424,878
HOBART,1991,1,490,455,945,13,13,26,503,468,971
HOBART,1991,2,428,401,829,12,12,24,440,413,853
HOBART,1991,3,448,425,873,13,13,26,461,438,899
HOBART,1991,4,438,415,853,4,4,8,442,419,861
HOBART,1991,5,460,430,890,4,4,8,464,434,898
HOBART,1991,6,461,425,886,5,5,10,466,430,896
HOBART,1991,7,429,435,864,4,4,8,433,439,872
HOBART,1991,8,432,435,867,5,5,10,437,440,877
HOBART,1991,9,429,431,860,4,5,9,433,436,869
HOBART,1991,10,447,446,893,4,4,8,451,450,901
HOBART,1991,11,426,428,854,5,5,10,431,433,864
HOBART,1991,12,470,468,938,6,6,12,476,474,950
HOBART,1992,1,535,520,1055,6,6,12,541,526,1067
HOBART,1992,2,408,413,821,5,5,10,413,418,831
HOBART,1992,3,435,436,871,4,4,8,439,440,879
HOBART,1992,4,440,442,882,4,4,8,444,446,890
HOBART,1992,5,430,430,860,5,5,10,435,435,870
HOBART,1992,6,401,402,803,4,4,8,405,406,811
HOBART,1992,7,401,402,803,4,4,8,405,406,811
HOBART,1992,8,387,390,777,6,6,12,393,396,789
HOBART,1992,9,390,390,780,5,5,10,395,395,790
HOBART,1992,10,402,402,804,5,5,10,407,407,814
HOBART,1992,11,413,413,826,4,4,8,417,417,834
HOBART,1992,12,455,451,906,4,4,8,459,455,914
HOBART,1993,1,505,516,1021,6,6,12,511,522,1033
HOBART,1993,2,466,478,944,8,8,16,474,486,960
HOBART,1993,3,462,462,924,5,5,10,467,467,934
HOBART,1993,4,549,545,1094,4,4,8,553,549,1102
HOBART,1993,5,527,533,1060,5,5,10,532,538,1070
HOBART,1993,6,434,436,870,4,4,8,438,440,878
HOBART,1993,7,527,528,1055,5,5,10,532,533,1065
HOBART,1993,8,442,446,888,4,4,8,446,450,896
HOBART,1993,9,434,438,872,4,4,8,438,442,880
HOBART,1993,10,450,451,901,5,5,10,455,456,911
HOBART,1993,11,442,441,883,4,4,8,446,445,891
HOBART,1993,12,470,472,942,4,4,8,474,476,950
HOBART,1994,1,489,493,982,5,5,10,494,498,992
HOBART,1994,2,419,414,833,4,4,8,423,418,841
HOBART,1994,3,484,482,966,4,4,8,488,486,974
HOBART,1994,4,455,452,907,5,5,10,460,457,917
HOBART,1994,5,501,500,1001,4,4,8,505,504,1009
HOBART,1994,6,494,497,991,4,4,8,498,501,999
HOBART,1994,7,511,518,1029,4,4,8,515,522,1037
HOBART,1994,8,516,515,1031,4,4,8,520,519,1039
HOBART,1994,9,501,493,994,4,4,8,505,497,1002
HOBART,1994,10,510,517,1027,5,5,10,515,522,1037
HOBART,1994,11,493,495,988,4,4,8,497,499,996
HOBART,1994,12,543,546,1089,5,5,10,548,551,1099
HOBART,1995,1,645,651,1296,4,4,8,649,655,1304
HOBART,1995,2,485,479,964,3,3,6,488,482,970
HOBART,1995,3,518,514,1032,4,4,8,522,518,1040
HOBART,1995,4,480,478,958,5,5,10,485,483,968
HOBART,1995,5,492,490,982,4,4,8,496,494,990
HOBART,1995,6,447,444,891,4,4,8,451,448,899
HOBART,1995,7,442,442,884,5,5,10,447,447,894
HOBART,1995,8,434,431,865,4,4,8,438,435,873
HOBART,1995,9,436,432,868,5,5,10,441,437,878
HOBART,1995,10,469,467,936,4,4,8,473,471,944
HOBART,1995,11,473,470,943,4,4,8,477,474,951
HOBART,1995,12,498,501,999,5,5,10,503,506,1009
HOBART,1996,1,575,581,1156,4,4,8,579,585,1164
HOBART,1996,2,457,457,914,4,4,8,461,461,922
HOBART,1996,3,481,484,965,5,5,10,486,489,975
HOBART,1996,4,447,447,894,4,4,8,451,451,902
HOBART,1996,5,438,443,881,4,4,8,442,447,889
HOBART,1996,6,413,412,825,2,2,4,415,414,829
HOBART,1996,7,426,424,850,0,0,0,426,424,850
HOBART,1996,8,422,422,844,0,0,0,422,422,844
HOBART,1996,9,445,448,893,0,0,0,445,448,893
HOBART,1996,10,419,416,835,2,2,4,421,418,839
HOBART,1996,11,392,390,782,5,5,10,397,395,792
HOBART,1996,12,432,436,868,4,4,8,436,440,876
HOBART,1997,1,471,473,944,4,4,8,475,477,952
HOBART,1997,2,364,362,726,4,4,8,368,366,734
HOBART,1997,3,359,361,720,5,5,10,364,366,730
HOBART,1997,4,328,329,657,4,4,8,332,333,665
HOBART,1997,5,326,326,652,0,0,0,326,326,652
HOBART,1997,6,320,321,641,0,0,0,320,321,641
HOBART,1997,7,329,330,659,0,0,0,329,330,659
HOBART,1997,8,326,326,652,0,0,0,326,326,652
HOBART,1997,9,334,333,667,0,0,0,334,333,667
HOBART,1997,10,342,344,686,0,0,0,342,344,686
HOBART,1997,11,355,355,710,5,5,10,360,360,720
HOBART,1997,12,391,392,783,4,4,8,395,396,791
HOBART,1998,1,433,431,864,5,5,10,438,436,874
HOBART,1998,2,327,327,654,4,4,8,331,331,662
HOBART,1998,3,393,391,784,4,4,8,397,395,792
HOBART,1998,4,412,413,825,4,4,8,416,417,833
HOBART,1998,5,412,411,823,0,0,0,412,411,823
HOBART,1998,6,403,403,806,0,0,0,403,403,806
HOBART,1998,7,406,404,810,0,0,0,406,404,810
HOBART,1998,8,404,404,808,0,0,0,404,404,808
HOBART,1998,9,416,417,833,0,0,0,416,417,833
HOBART,1998,10,425,423,848,0,0,0,425,423,848
HOBART,1998,11,379,378,757,0,0,0,379,378,757
HOBART,1998,12,433,433,866,0,0,0,433,433,866
HOBART,1999,1,477,476,953,0,0,0,477,476,953
HOBART,1999,2,372,372,744,0,0,0,372,372,744
HOBART,1999,3,404,404,808,0,0,0,404,404,808
HOBART,1999,4,386,385,771,0,0,0,386,385,771
HOBART,1999,5,378,379,757,0,0,0,378,379,757
HOBART,1999,6,371,371,742,0,0,0,371,371,742
HOBART,1999,7,378,379,757,0,0,0,378,379,757
HOBART,1999,8,396,396,792,0,0,0,396,396,792
HOBART,1999,9,414,413,827,0,0,0,414,413,827
HOBART,1999,10,419,419,838,0,0,0,419,419,838
HOBART,1999,11,399,398,797,0,0,0,399,398,797
HOBART,1999,12,446,446,892,0,0,0,446,446,892
HOBART,2000,1,459,457,916,0,0,0,459,457,916
HOBART,2000,2,420,420,840,0,0,0,420,420,840
HOBART,2000,3,414,414,828,0,0,0,414,414,828
HOBART,2000,4,515,514,1029,0,0,0,515,514,1029
HOBART,2000,5,551,551,1102,0,0,0,551,551,1102
HOBART,2000,6,580,578,1158,0,0,0,580,578,1158
HOBART,2000,7,597,599,1196,0,0,0,597,599,1196
HOBART,2000,8,590,586,1176,0,0,0,590,586,1176
HOBART,2000,9,581,583,1164,0,0,0,581,583,1164
HOBART,2000,10,629,627,1256,0,0,0,629,627,1256
HOBART,2000,11,587,586,1173,0,0,0,587,586,1173
HOBART,2000,12,643,645,1288,0,0,0,643,645,1288
HOBART,2001,1,713,714,1427,0,0,0,713,714,1427
HOBART,2001,2,562,563,1125,0,0,0,562,563,1125
HOBART,2001,3,597,597,1194,0,0,0,597,597,1194
HOBART,2001,4,670,669,1339,0,0,0,670,669,1339
HOBART,2001,5,709,703,1412,0,0,0,709,703,1412
HOBART,2001,6,726,729,1455,0,0,0,726,729,1455
HOBART,2001,7,765,760,1525,0,0,0,765,760,1525
HOBART,2001,8,750,750,1500,0,0,0,750,750,1500
HOBART,2001,9,532,530,1062,0,0,0,532,530,1062
HOBART,2001,10,394,395,789,0,0,0,394,395,789
HOBART,2001,11,462,463,925,0,0,0,462,463,925
HOBART,2001,12,480,479,959,0,0,0,480,479,959
HOBART,2002,1,496,495,991,0,0,0,496,495,991
HOBART,2002,2,486,486,972,0,0,0,486,486,972
HOBART,2002,3,474,475,949,0,0,0,474,475,949
HOBART,2002,4,431,432,863,0,0,0,431,432,863
HOBART,2002,5,428,429,857,0,0,0,428,429,857
HOBART,2002,6,437,437,874,0,0,0,437,437,874
HOBART,2002,7,451,452,903,0,0,0,451,452,903
HOBART,2002,8,448,448,896,0,0,0,448,448,896
HOBART,2002,9,467,467,934,0,0,0,467,467,934
HOBART,2002,10,482,483,965,0,0,0,482,483,965
HOBART,2002,11,454,453,907,0,0,0,454,453,907
HOBART,2002,12,493,493,986,0,0,0,493,493,986
HOBART,2003,1,535,535,1070,0,0,0,535,535,1070
HOBART,2003,2,485,485,970,0,0,0,485,485,970
HOBART,2003,3,507,505,1012,0,0,0,507,505,1012
HOBART,2003,4,488,488,976,0,0,0,488,488,976
HOBART,2003,5,476,477,953,0,0,0,476,477,953
HOBART,2003,6,436,436,872,0,0,0,436,436,872
HOBART,2003,7,456,456,912,0,0,0,456,456,912
HOBART,2003,8,443,443,886,0,0,0,443,443,886
HOBART,2003,9,464,464,928,0,0,0,464,464,928
HOBART,2003,10,503,505,1008,0,0,0,503,505,1008
HOBART,2003,11,516,518,1034,0,0,0,516,518,1034
HOBART,2003,12,537,537,1074,0,0,0,537,537,1074
HOBART,2004,1,582,587,1169,0,0,0,582,587,1169
HOBART,2004,2,536,537,1073,0,0,0,536,537,1073
HOBART,2004,3,577,578,1155,0,0,0,577,578,1155
HOBART,2004,4,556,554,1110,0,0,0,556,554,1110
HOBART,2004,5,586,583,1169,0,0,0,586,583,1169
HOBART,2004,6,608,603,1211,0,0,0,608,603,1211
HOBART,2004,7,607,606,1213,0,0,0,607,606,1213
HOBART,2004,8,632,628,1260,0,0,0,632,628,1260
HOBART,2004,9,651,646,1297,0,0,0,651,646,1297
HOBART,2004,10,655,646,1301,0,0,0,655,646,1301
HOBART,2004,11,655,656,1311,0,0,0,655,656,1311
HOBART,2004,12,748,744,1492,0,0,0,748,744,1492
HOBART,2005,1,739,735,1474,0,0,0,739,735,1474
HOBART,2005,2,630,626,1256,0,0,0,630,626,1256
HOBART,2005,3,707,704,1411,0,0,0,707,704,1411
HOBART,2005,4,661,660,1321,0,0,0,661,660,1321
HOBART,2005,5,665,659,1324,0,0,0,665,659,1324
HOBART,2005,6,614,615,1229,0,0,0,614,615,1229
HOBART,2005,7,638,637,1275,0,0,0,638,637,1275
HOBART,2005,8,604,603,1207,0,0,0,604,603,1207
HOBART,2005,9,584,582,1166,0,0,0,584,582,1166
HOBART,2005,10,601,594,1195,0,0,0,601,594,1195
HOBART,2005,11,614,611,1225,0,0,0,614,611,1225
HOBART,2005,12,646,639,1285,0,0,0,646,639,1285
HOBART,2006,1,647,640,1287,0,0,0,647,640,1287
HOBART,2006,2,567,565,1132,0,0,0,567,565,1132
HOBART,2006,3,620,622,1242,0,0,0,620,622,1242
HOBART,2006,4,551,549,1100,0,0,0,551,549,1100
HOBART,2006,5,566,565,1131,0,0,0,566,565,1131
HOBART,2006,6,544,546,1090,0,0,0,544,546,1090
HOBART,2006,7,549,546,1095,0,0,0,549,546,1095
HOBART,2006,8,554,556,1110,0,0,0,554,556,1110
HOBART,2006,9,537,539,1076,0,0,0,537,539,1076
HOBART,2006,10,572,563,1135,0,0,0,572,563,1135
HOBART,2006,11,568,562,1130,0,0,0,568,562,1130
HOBART,2006,12,597,595,1192,0,0,0,597,595,1192
HOBART,2007,1,583,584,1167,0,0,0,583,584,1167
HOBART,2007,2,525,524,1049,0,0,0,525,524,1049
HOBART,2007,3,578,578,1156,0,0,0,578,578,1156
HOBART,2007,4,566,557,1123,0,0,0,566,557,1123
HOBART,2007,5,581,578,1159,0,0,0,581,578,1159
HOBART,2007,6,554,551,1105,0,0,0,554,551,1105
HOBART,2007,7,560,560,1120,0,0,0,560,560,1120
HOBART,2007,8,584,575,1159,0,0,0,584,575,1159
HOBART,2007,9,560,557,1117,0,0,0,560,557,1117
HOBART,2007,10,580,578,1158,0,0,0,580,578,1158
HOBART,2007,11,589,586,1175,0,0,0,589,586,1175
HOBART,2007,12,634,631,1265,0,0,0,634,631,1265
HOBART,2008,1,667,660,1327,0,0,0,667,660,1327
HOBART,2008,2,583,582,1165,0,0,0,583,582,1165
HOBART,2008,3,626,624,1250,0,0,0,626,624,1250
HOBART,2008,4,615,612,1227,0,0,0,615,612,1227
HOBART,2008,5,646,646,1292,0,0,0,646,646,1292
HOBART,2008,6,618,615,1233,0,0,0,618,615,1233
HOBART,2008,7,628,621,1249,0,0,0,628,621,1249
HOBART,2008,8,618,622,1240,0,0,0,618,622,1240
HOBART,2008,9,643,642,1285,0,0,0,643,642,1285
HOBART,2008,10,658,659,1317,0,0,0,658,659,1317
HOBART,2008,11,642,642,1284,0,0,0,642,642,1284
HOBART,2008,12,672,673,1345,0,0,0,672,673,1345
HOBART,2009,1,651,650,1301,0,0,0,651,650,1301
HOBART,2009,2,565,564,1129,0,0,0,565,564,1129
HOBART,2009,3,630,629,1259,0,0,0,630,629,1259
HOBART,2009,4,633,636,1269,0,0,0,633,636,1269
HOBART,2009,5,585,587,1172,0,0,0,585,587,1172
HOBART,2009,6,588,589,1177,0,0,0,588,589,1177
HOBART,2009,7,631,630,1261,0,0,0,631,630,1261
HOBART,2009,8,602,600,1202,0,0,0,602,600,1202
HOBART,2009,9,599,600,1199,0,0,0,599,600,1199
HOBART,2009,10,618,617,1235,0,0,0,618,617,1235
HOBART,2009,11,587,586,1173,0,0,0,587,586,1173
HOBART,2009,12,619,618,1237,0,0,0,619,618,1237
HOBART,2010,1,655,640,1295,0,0,0,655,640,1295
HOBART,2010,2,602,588,1190,0,0,0,602,588,1190
HOBART,2010,3,697,687,1384,0,0,0,697,687,1384
HOBART,2010,4,682,671,1353,0,0,0,682,671,1353
HOBART,2010,5,668,664,1332,0,0,0,668,664,1332
HOBART,2010,6,660,645,1305,0,0,0,660,645,1305
HOBART,2010,7,694,680,1374,0,0,0,694,680,1374
HOBART,2010,8,645,634,1279,0,0,0,645,634,1279
HOBART,2010,9,643,626,1269,0,0,0,643,626,1269
HOBART,2010,10,674,655,1329,0,0,0,674,655,1329
HOBART,2010,11,660,645,1305,0,0,0,660,645,1305
HOBART,2010,12,773,758,1531,0,0,0,773,758,1531
HOBART,2011,1,837,824,1661,0,0,0,837,824,1661
HOBART,2011,2,702,689,1391,0,0,0,702,689,1391
HOBART,2011,3,736,723,1459,0,0,0,736,723,1459
HOBART,2011,4,614,600,1214,0,0,0,614,600,1214
HOBART,2011,5,610,601,1211,0,0,0,610,601,1211
HOBART,2011,6,526,515,1041,0,0,0,526,515,1041
HOBART,2011,7,613,595,1208,0,0,0,613,595,1208
HOBART,2011,8,591,574,1165,0,0,0,591,574,1165
HOBART,2011,9,592,576,1168,0,0,0,592,576,1168
HOBART,2011,10,608,581,1189,0,0,0,608,581,1189
HOBART,2011,11,604,575,1179,0,0,0,604,575,1179
HOBART,2011,12,658,632,1290,0,0,0,658,632,1290
HOBART,2012,1,714,687,1401,0,0,0,714,687,1401
HOBART,2012,2,613,585,1198,0,0,0,613,585,1198
HOBART,2012,3,644,628,1272,0,0,0,644,628,1272
HOBART,2012,4,588,575,1163,0,0,0,588,575,1163
HOBART,2012,5,590,578,1168,0,0,0,590,578,1168
HOBART,2012,6,571,557,1128,0,0,0,571,557,1128
HOBART,2012,7,610,594,1204,0,0,0,610,594,1204
HOBART,2012,8,606,592,1198,0,0,0,606,592,1198
HOBART,2012,9,630,614,1244,0,0,0,630,614,1244
HOBART,2012,10,670,657,1327,0,0,0,670,657,1327
HOBART,2012,11,745,736,1481,0,0,0,745,736,1481
HOBART,2012,12,831,817,1648,0,0,0,831,817,1648
HOBART,2013,1,834,821,1655,0,0,0,834,821,1655
HOBART,2013,2,679,664,1343,0,0,0,679,664,1343
HOBART,2013,3,780,764,1544,0,0,0,780,764,1544
HOBART,2013,4,687,673,1360,0,0,0,687,673,1360
HOBART,2013,5,616,601,1217,0,0,0,616,601,1217
HOBART,2013,6,602,587,1189,0,0,0,602,587,1189
HOBART,2013,7,676,663,1339,0,0,0,676,663,1339
HOBART,2013,8,650,636,1286,0,0,0,650,636,1286
HOBART,2013,9,676,661,1337,0,0,0,676,661,1337
HOBART,2013,10,702,687,1389,0,0,0,702,687,1389
HOBART,2013,11,689,672,1361,0,0,0,689,672,1361
HOBART,2013,12,779,765,1544,0,0,0,779,765,1544
HOBART,2014,1,790,774,1564,0,0,0,790,774,1564
HOBART,2014,2,618,605,1223,0,0,0,618,605,1223
HOBART,2014,3,735,719,1454,0,0,0,735,719,1454
HOBART,2014,4,683,669,1352,0,0,0,683,669,1352
HOBART,2014,5,624,610,1234,0,0,0,624,610,1234
HOBART,2014,6,646,634,1280,0,0,0,646,634,1280
HOBART,2014,7,722,707,1429,0,0,0,722,707,1429
HOBART,2014,8,700,683,1383,0,0,0,700,683,1383
HOBART,2014,9,703,689,1392,0,0,0,703,689,1392
HOBART,2014,10,743,729,1472,0,0,0,743,729,1472
HOBART,2014,11,716,700,1416,0,0,0,716,700,1416
HOBART,2014,12,838,824,1662,0,0,0,838,824,1662
HOBART,2015,1,868,852,1720,0,0,0,868,852,1720
HOBART,2015,2,667,652,1319,0,0,0,667,652,1319
HOBART,2015,3,743,730,1473,0,0,0,743,730,1473
HOBART,2015,4,710,694,1404,0,0,0,710,694,1404
HOBART,2015,5,691,668,1359,0,0,0,691,668,1359
HOBART,2015,6,679,660,1339,0,0,0,679,660,1339
HOBART,2015,7,724,708,1432,0,0,0,724,708,1432
HOBART,2015,8,705,691,1396,0,0,0,705,691,1396
HOBART,2015,9,707,692,1399,0,0,0,707,692,1399
HOBART,2015,10,758,741,1499,0,0,0,758,741,1499
HOBART,2015,11,750,737,1487,0,0,0,750,737,1487
HOBART,2015,12,873,856,1729,0,0,0,873,856,1729
HOBART,2016,1,889,873,1762,0,0,0,889,873,1762
HOBART,2016,2,713,700,1413,0,0,0,713,700,1413
HOBART,2016,3,809,792,1601,0,0,0,809,792,1601
HOBART,2016,4,771,755,1526,0,0,0,771,755,1526
HOBART,2016,5,736,722,1458,0,0,0,736,722,1458
HOBART,2016,6,733,716,1449,0,0,0,733,716,1449
HOBART,2016,7,792,765,1557,0,0,0,792,765,1557
HOBART,2016,8,751,727,1478,0,0,0,751,727,1478
HOBART,2016,9,767,738,1505,0,0,0,767,738,1505
HOBART,2016,10,815,790,1605,0,0,0,815,790,1605
HOBART,2016,11,795,779,1574,0,0,0,795,779,1574
HOBART,2016,12,925,908,1833,0,0,0,925,908,1833
HOBART,2017,1,945,930,1875,0,0,0,945,930,1875
HOBART,2017,2,755,741,1496,0,0,0,755,741,1496
HOBART,2017,3,835,821,1656,0,0,0,835,821,1656
HOBART,2017,4,791,777,1568,0,0,0,791,777,1568
HOBART,2017,5,723,709,1432,0,0,0,723,709,1432
HOBART,2017,6,730,714,1444,0,0,0,730,714,1444
HOBART,2017,7,778,768,1546,0,0,0,778,768,1546
HOBART,2017,8,722,707,1429,0,0,0,722,707,1429
HOBART,2017,9,740,727,1467,0,0,0,740,727,1467
HOBART,2017,10,797,779,1576,0,0,0,797,779,1576
HOBART,2017,11,787,770,1557,0,0,0,787,770,1557
HOBART,2017,12,961,940,1901,0,0,0,961,940,1901
HOBART,2018,1,1004,989,1993,0,0,0,1004,989,1993
HOBART,2018,2,799,784,1583,0,0,0,799,784,1583
HOBART,2018,3,873,859,1732,0,0,0,873,859,1732
HOBART,2018,4,816,798,1614,0,0,0,816,798,1614
HOBART,2018,5,705,690,1395,0,0,0,705,690,1395
HOBART,2018,6,704,689,1393,0,0,0,704,689,1393
HOBART,2018,7,780,773,1553,0,0,0,780,773,1553
HOBART,2018,8,725,715,1440,0,0,0,725,715,1440
HOBART,2018,9,755,750,1505,0,0,0,755,750,1505
HOBART,2018,10,845,839,1684,0,0,0,845,839,1684
HOBART,2018,11,838,832,1670,0,0,0,838,832,1670
HOBART,2018,12,959,956,1915,0,0,0,959,956,1915
HOBART,2019,1,996,996,1992,0,0,0,996,996,1992
HOBART,2019,2,814,810,1624,0,0,0,814,810,1624
HOBART,2019,3,879,877,1756,0,0,0,879,877,1756
HOBART,2019,4,839,838,1677,0,0,0,839,838,1677
HOBART,2019,5,762,757,1519,0,0,0,762,757,1519
HOBART,2019,6,767,765,1532,0,0,0,767,765,1532
HOBART,2019,7,830,830,1660,0,0,0,830,830,1660
HOBART,2019,8,764,758,1522,0,0,0,764,758,1522
HOBART,2019,9,787,786,1573,0,0,0,787,786,1573
HOBART,2019,10,857,853,1710,0,0,0,857,853,1710
HOBART,2019,11,861,858,1719,0,0,0,861,858,1719
HOBART,2019,12,1000,984,1984,0,0,0,1000,984,1984
HOBART,2020,1,977,972,1949,0,0,0,977,972,1949
HOBART,2020,2,842,838,1680,0,0,0,842,838,1680
HOBART,2020,3,678,680,1358,0,0,0,678,680,1358
HOBART,2020,4,68,68,136,1,1,2,69,69,138
HOBART,2020,5,68,64,132,0,0,0,68,64,132
HOBART,2020,6,66,63,129,0,0,0,66,63,129
HOBART,2020,7,84,80,164,0,0,0,84,80,164
HOBART,2020,8,107,107,214,0,0,0,107,107,214
HOBART,2020,9,109,109,218,0,0,0,109,109,218
HOBART,2020,10,121,120,241,0,0,0,121,120,241
HOBART,2020,11,272,273,545,0,0,0,272,273,545
HOBART,2020,12,674,671,1345,4,4,8,678,675,1353
HOBART,2021,1,658,657,1315,13,13,26,671,670,1341
HOBART,2021,2,515,515,1030,4,4,8,519,519,1038
HOBART,2021,3,746,741,1487,0,0,0,746,741,1487
HOBART,2021,4,856,854,1710,3,3,6,859,857,1716
HOBART,2021,5,734,737,1471,9,9,18,743,746,1489
HOBART,2021,6,557,556,1113,7,7,14,564,563,1127
HOBART,2021,7,519,522,1041,8,8,16,527,530,1057
HOBART,2021,8,296,296,592,0,0,0,296,296,592
HOBART,2021,9,328,327,655,0,0,0,328,327,655
HOBART,2021,10,399,395,794,0,0,0,399,395,794
HOBART,2021,11,451,451,902,1,1,2,452,452,904
HOBART,2021,12,829,824,1653,4,4,8,833,828,1661
HOBART,2022,1,878,876,1754,0,0,0,878,876,1754
HOBART,2022,2,599,597,1196,0,0,0,599,597,1196
HOBART,2022,3,822,819,1641,0,0,0,822,819,1641
HOBART,2022,4,989,987,1976,0,0,0,989,987,1976
HOBART,2022,5,883,881,1764,0,0,0,883,881,1764
HOBART,2022,6,872,867,1739,0,0,0,872,867,1739
HOBART,2022,7,838,837,1675,7,6,13,845,843,1688
HOBART,2022,8,731,732,1463,7,7,14,738,739,1477
HOBART,2022,9,744,742,1486,8,8,16,752,750,1502
HOBART,2022,10,809,804,1613,9,9,18,818,813,1631
HOBART,2022,11,871,862,1733,13,13,26,884,875,1759
HOBART,2022,12,1008,1005,2013,15,15,30,1023,1020,2043
HOBART,2023,1,1012,1007,2019,13,13,26,1025,1020,2045
HOBART,2023,2,853,848,1701,10,10,20,863,858,1721
HOBART,2023,3,923,916,1839,12,12,24,935,928,1863
HOBART,2023,4,863,859,1722,13,13,26,876,872,1748
HOBART,2023,5,791,791,1582,8,8,16,799,799,1598
HOBART,2023,6,783,779,1562,9,9,18,792,788,1580
HOBART,2023,7,778,779,1557,9,9,18,787,788,1575
HOBART,2023,8,750,747,1497,8,8,16,758,755,1513
HOBART,2023,9,795,794,1589,7,7,14,802,801,1603
HOBART,2023,10,886,882,1768,9,9,18,895,891,1786
HOBART,2023,11,847,844,1691,13,13,26,860,857,1717
HOBART,2023,12,1021,1021,2042,11,11,22,1032,1032,2064
HOBART,2024,1,1096,1090,2186,11,11,22,1107,1101,2208
HOBART,2024,2,873,873,1746,13,13,26,886,886,1772
HOBART,2024,3,931,932,1863,13,13,26,944,945,1889
HOBART,2024,4,901,902,1803,2,2,4,903,904,1807
HOBART,2024,5,778,780,1558,0,0,0,778,780,1558
HOBART,2024,6,759,761,1520,0,0,0,759,761,1520
HOBART,2024,7,842,841,1683,0,0,0,842,841,1683
HOBART,2024,8,755,754,1509,0,0,0,755,754,1509
HOBART,2024,9,775,776,1551,0,0,0,775,776,1551
HOBART,2024,10,820,822,1642,3,3,6,823,825,1648
HOBART,2024,11,805,805,1610,12,12,24,817,817,1634
HOBART,2024,12,954,954,1908,13,13,26,967,967,1934
HOBART,2025,1,1007,1002,2009,11,11,22,1018,1013,2031
HOBART,2025,2,777,775,1552,11,11,22,788,786,1574
HOBART,2025,3,862,861,1723,12,12,24,874,873,1747
HOBART,2025,4,835,835,1670,0,0,0,835,835,1670
HOBART,2025,5,760,760,1520,0,0,0,760,760,1520
HOBART,2025,6,738,738,1476,0,0,0,738,738,1476
KARRATHA,1985,1,258,286,544,0,0,0,258,286,544
KARRATHA,1985,2,233,249,482,0,0,0,233,249,482
KARRATHA,1985,3,243,261,504,0,0,0,243,261,504
KARRATHA,1985,4,252,262,514,0,0,0,252,262,514
KARRATHA,1985,5,274,283,557,0,0,0,274,283,557
KARRATHA,1985,6,253,262,515,0,0,0,253,262,515
KARRATHA,1985,7,264,268,532,0,0,0,264,268,532
KARRATHA,1985,8,271,269,540,0,0,0,271,269,540
KARRATHA,1985,9,256,260,516,0,0,0,256,260,516
KARRATHA,1985,10,256,262,518,0,0,0,256,262,518
KARRATHA,1985,11,262,269,531,0,0,0,262,269,531
KARRATHA,1985,12,266,284,550,0,0,0,266,284,550
KARRATHA,1986,1,231,230,461,0,0,0,231,230,461
KARRATHA,1986,2,208,204,412,0,0,0,208,204,412
KARRATHA,1986,3,223,222,445,0,0,0,223,222,445
KARRATHA,1986,4,218,215,433,0,0,0,218,215,433
KARRATHA,1986,5,239,243,482,0,0,0,239,243,482
KARRATHA,1986,6,229,231,460,0,0,0,229,231,460
KARRATHA,1986,7,240,242,482,0,0,0,240,242,482
KARRATHA,1986,8,241,246,487,0,0,0,241,246,487
KARRATHA,1986,9,228,227,455,0,0,0,228,227,455
KARRATHA,1986,10,240,245,485,0,0,0,240,245,485
KARRATHA,1986,11,216,221,437,0,0,0,216,221,437
KARRATHA,1986,12,249,258,507,0,0,0,249,258,507
KARRATHA,1987,1,222,220,442,0,0,0,222,220,442
KARRATHA,1987,2,201,204,405,0,0,0,201,204,405
KARRATHA,1987,3,222,226,448,0,0,0,222,226,448
KARRATHA,1987,4,212,216,428,0,0,0,212,216,428
KARRATHA,1987,5,214,224,438,0,0,0,214,224,438
KARRATHA,1987,6,208,214,422,0,0,0,208,214,422
KARRATHA,1987,7,235,239,474,0,0,0,235,239,474
KARRATHA,1987,8,226,228,454,0,0,0,226,228,454
KARRATHA,1987,9,224,219,443,0,0,0,224,219,443
KARRATHA,1987,10,223,233,456,0,0,0,223,233,456
KARRATHA,1987,11,213,225,438,0,0,0,213,225,438
KARRATHA,1987,12,198,223,421,0,0,0,198,223,421
KARRATHA,1988,1,204,192,396,0,0,0,204,192,396
KARRATHA,1988,2,183,186,369,0,0,0,183,186,369
KARRATHA,1988,3,195,202,397,0,0,0,195,202,397
KARRATHA,1988,4,185,190,375,0,0,0,185,190,375
KARRATHA,1988,5,185,189,374,0,0,0,185,189,374
KARRATHA,1988,6,186,191,377,0,0,0,186,191,377
KARRATHA,1988,7,208,214,422,0,0,0,208,214,422
KARRATHA,1988,8,200,208,408,0,0,0,200,208,408
KARRATHA,1988,9,192,201,393,0,0,0,192,201,393
KARRATHA,1988,10,187,192,379,0,0,0,187,192,379
KARRATHA,1988,11,163,166,329,0,0,0,163,166,329
KARRATHA,1988,12,161,174,335,0,0,0,161,174,335
KARRATHA,1989,1,171,166,337,0,0,0,171,166,337
KARRATHA,1989,2,144,146,290,0,0,0,144,146,290
KARRATHA,1989,3,168,173,341,0,0,0,168,173,341
KARRATHA,1989,4,163,165,328,0,0,0,163,165,328
KARRATHA,1989,5,177,180,357,0,0,0,177,180,357
KARRATHA,1989,6,157,159,316,0,0,0,157,159,316
KARRATHA,1989,7,181,183,364,0,0,0,181,183,364
KARRATHA,1989,8,115,117,232,0,0,0,115,117,232
KARRATHA,1989,9,31,31,62,0,0,0,31,31,62
KARRATHA,1989,10,91,91,182,0,0,0,91,91,182
KARRATHA,1989,11,97,101,198,0,0,0,97,101,198
KARRATHA,1989,12,110,121,231,0,0,0,110,121,231
KARRATHA,1990,1,121,127,248,0,0,0,121,127,248
KARRATHA,1990,2,107,114,221,0,0,0,107,114,221
KARRATHA,1990,3,137,141,278,0,0,0,137,141,278
KARRATHA,1990,4,135,138,273,0,0,0,135,138,273
KARRATHA,1990,5,139,146,285,0,0,0,139,146,285
KARRATHA,1990,6,122,128,250,0,0,0,122,128,250
KARRATHA,1990,7,157,161,318,0,0,0,157,161,318
KARRATHA,1990,8,150,152,302,0,0,0,150,152,302
KARRATHA,1990,9,138,139,277,0,0,0,138,139,277
KARRATHA,1990,10,163,170,333,0,0,0,163,170,333
KARRATHA,1990,11,151,155,306,0,0,0,151,155,306
KARRATHA,1990,12,136,143,279,0,0,0,136,143,279
KARRATHA,1991,1,152,152,304,0,0,0,152,152,304
KARRATHA,1991,2,131,127,258,0,0,0,131,127,258
KARRATHA,1991,3,141,138,279,0,0,0,141,138,279
KARRATHA,1991,4,150,140,290,0,0,0,150,140,290
KARRATHA,1991,5,154,152,306,0,0,0,154,152,306
KARRATHA,1991,6,142,137,279,0,0,0,142,137,279
KARRATHA,1991,7,156,152,308,0,0,0,156,152,308
KARRATHA,1991,8,137,138,275,0,0,0,137,138,275
KARRATHA,1991,9,153,153,306,0,0,0,153,153,306
KARRATHA,1991,10,164,162,326,0,0,0,164,162,326
KARRATHA,1991,11,151,151,302,0,0,0,151,151,302
KARRATHA,1991,12,141,143,284,0,0,0,141,143,284
KARRATHA,1992,1,158,154,312,0,0,0,158,154,312
KARRATHA,1992,2,142,141,283,0,0,0,142,141,283
KARRATHA,1992,3,156,152,308,0,0,0,156,152,308
KARRATHA,1992,4,159,155,314,0,0,0,159,155,314
KARRATHA,1992,5,157,157,314,0,0,0,157,157,314
KARRATHA,1992,6,160,160,320,0,0,0,160,160,320
KARRATHA,1992,7,164,165,329,0,0,0,164,165,329
KARRATHA,1992,8,152,151,303,0,0,0,152,151,303
KARRATHA,1992,9,157,159,316,0,0,0,157,159,316
KARRATHA,1992,10,155,159,314,0,0,0,155,159,314
KARRATHA,1992,11,151,155,306,0,0,0,151,155,306
KARRATHA,1992,12,149,156,305,0,0,0,149,156,305
KARRATHA,1993,1,142,146,288,0,0,0,142,146,288
KARRATHA,1993,2,132,134,266,0,0,0,132,134,266
KARRATHA,1993,3,152,153,305,0,0,0,152,153,305
KARRATHA,1993,4,151,154,305,0,0,0,151,154,305
KARRATHA,1993,5,151,154,305,0,0,0,151,154,305
KARRATHA,1993,6,150,153,303,0,0,0,150,153,303
KARRATHA,1993,7,175,176,351,0,0,0,175,176,351
KARRATHA,1993,8,168,170,338,0,0,0,168,170,338
KARRATHA,1993,9,180,182,362,0,0,0,180,182,362
KARRATHA,1993,10,168,176,344,0,0,0,168,176,344
KARRATHA,1993,11,176,178,354,0,0,0,176,178,354
KARRATHA,1993,12,164,169,333,0,0,0,164,169,333
KARRATHA,1994,1,156,159,315,0,0,0,156,159,315
KARRATHA,1994,2,159,160,319,0,0,0,159,160,319
KARRATHA,1994,3,165,169,334,0,0,0,165,169,334
KARRATHA,1994,4,161,164,325,0,0,0,161,164,325
KARRATHA,1994,5,173,176,349,0,0,0,173,176,349
KARRATHA,1994,6,178,180,358,0,0,0,178,180,358
KARRATHA,1994,7,184,187,371,0,0,0,184,187,371
KARRATHA,1994,8,195,198,393,0,0,0,195,198,393
KARRATHA,1994,9,184,189,373,0,0,0,184,189,373
KARRATHA,1994,10,190,193,383,0,0,0,190,193,383
KARRATHA,1994,11,210,216,426,0,0,0,210,216,426
KARRATHA,1994,12,223,229,452,0,0,0,223,229,452
KARRATHA,1995,1,209,212,421,0,0,0,209,212,421
KARRATHA,1995,2,183,185,368,0,0,0,183,185,368
KARRATHA,1995,3,215,218,433,0,0,0,215,218,433
KARRATHA,1995,4,199,204,403,0,0,0,199,204,403
KARRATHA,1995,5,208,210,418,0,0,0,208,210,418
KARRATHA,1995,6,203,208,411,0,0,0,203,208,411
KARRATHA,1995,7,201,205,406,0,0,0,201,205,406
KARRATHA,1995,8,218,223,441,0,0,0,218,223,441
KARRATHA,1995,9,207,209,416,0,0,0,207,209,416
KARRATHA,1995,10,197,201,398,0,0,0,197,201,398
KARRATHA,1995,11,187,186,373,0,0,0,187,186,373
KARRATHA,1995,12,177,178,355,0,0,0,177,178,355
KARRATHA,1996,1,191,192,383,0,0,0,191,192,383
KARRATHA,1996,2,196,197,393,0,0,0,196,197,393
KARRATHA,1996,3,202,201,403,0,0,0,202,201,403
KARRATHA,1996,4,219,219,438,0,0,0,219,219,438
KARRATHA,1996,5,230,228,458,0,0,0,230,228,458
KARRATHA,1996,6,217,217,434,0,0,0,217,217,434
KARRATHA,1996,7,243,238,481,0,0,0,243,238,481
KARRATHA,1996,8,237,238,475,0,0,0,237,238,475
KARRATHA,1996,9,227,226,453,0,0,0,227,226,453
KARRATHA,1996,10,245,246,491,0,0,0,245,246,491
KARRATHA,1996,11,212,212,424,0,0,0,212,212,424
KARRATHA,1996,12,202,202,404,0,0,0,202,202,404
KARRATHA,1997,1,211,210,421,0,0,0,211,210,421
KARRATHA,1997,2,203,201,404,0,0,0,203,201,404
KARRATHA,1997,3,199,199,398,0,0,0,199,199,398
KARRATHA,1997,4,201,198,399,0,0,0,201,198,399
KARRATHA,1997,5,216,217,433,0,0,0,216,217,433
KARRATHA,1997,6,202,200,402,0,0,0,202,200,402
KARRATHA,1997,7,218,216,434,0,0,0,218,216,434
KARRATHA,1997,8,207,207,414,0,0,0,207,207,414
KARRATHA,1997,9,201,202,403,0,0,0,201,202,403
KARRATHA,1997,10,210,211,421,0,0,0,210,211,421
KARRATHA,1997,11,197,197,394,0,0,0,197,197,394
KARRATHA,1997,12,187,189,376,0,0,0,187,189,376
KARRATHA,1998,1,202,202,404,0,0,0,202,202,404
KARRATHA,1998,2,179,179,358,0,0,0,179,179,358
KARRATHA,1998,3,205,205,410,0,0,0,205,205,410
KARRATHA,1998,4,187,187,374,0,0,0,187,187,374
KARRATHA,1998,5,200,202,402,0,0,0,200,202,402
KARRATHA,1998,6,200,199,399,0,0,0,200,199,399
KARRATHA,1998,7,207,205,412,0,0,0,207,205,412
KARRATHA,1998,8,203,202,405,0,0,0,203,202,405
KARRATHA,1998,9,191,190,381,0,0,0,191,190,381
KARRATHA,1998,10,199,202,401,0,0,0,199,202,401
KARRATHA,1998,11,198,195,393,0,0,0,198,195,393
KARRATHA,1998,12,198,198,396,0,0,0,198,198,396
KARRATHA,1999,1,199,197,396,0,0,0,199,197,396
KARRATHA,1999,2,177,177,354,0,0,0,177,177,354
KARRATHA,1999,3,189,188,377,0,0,0,189,188,377
KARRATHA,1999,4,187,187,374,0,0,0,187,187,374
KARRATHA,1999,5,190,191,381,0,0,0,190,191,381
KARRATHA,1999,6,193,192,385,0,0,0,193,192,385
KARRATHA,1999,7,152,153,305,0,0,0,152,153,305
KARRATHA,1999,8,144,143,287,0,0,0,144,143,287
KARRATHA,1999,9,142,142,284,0,0,0,142,142,284
KARRATHA,1999,10,144,144,288,0,0,0,144,144,288
KARRATHA,1999,11,140,141,281,0,0,0,140,141,281
KARRATHA,1999,12,140,141,281,0,0,0,140,141,281
KARRATHA,2000,1,141,141,282,0,0,0,141,141,282
KARRATHA,2000,2,147,145,292,0,0,0,147,145,292
KARRATHA,2000,3,151,149,300,0,0,0,151,149,300
KARRATHA,2000,4,193,192,385,0,0,0,193,192,385
KARRATHA,2000,5,209,208,417,0,0,0,209,208,417
KARRATHA,2000,6,195,194,389,0,0,0,195,194,389
KARRATHA,2000,7,199,199,398,0,0,0,199,199,398
KARRATHA,2000,8,203,202,405,0,0,0,203,202,405
KARRATHA,2000,9,190,190,380,0,0,0,190,190,380
KARRATHA,2000,10,201,202,403,0,0,0,201,202,403
KARRATHA,2000,11,200,200,400,0,0,0,200,200,400
KARRATHA,2000,12,193,191,384,0,0,0,193,191,384
KARRATHA,2001,1,206,204,410,0,0,0,206,204,410
KARRATHA,2001,2,187,187,374,0,0,0,187,187,374
KARRATHA,2001,3,203,202,405,0,0,0,203,202,405
KARRATHA,2001,4,197,196,393,0,0,0,197,196,393
KARRATHA,2001,5,189,187,376,0,0,0,189,187,376
KARRATHA,2001,6,177,177,354,0,0,0,177,177,354
KARRATHA,2001,7,187,186,373,0,0,0,187,186,373
KARRATHA,2001,8,188,189,377,0,0,0,188,189,377
KARRATHA,2001,9,140,139,279,0,0,0,140,139,279
KARRATHA,2001,10,112,112,224,0,0,0,112,112,224
KARRATHA,2001,11,144,143,287,0,0,0,144,143,287
KARRATHA,2001,12,145,144,289,0,0,0,145,144,289
KARRATHA,2002,1,129,127,256,0,0,0,129,127,256
KARRATHA,2002,2,116,116,232,0,0,0,116,116,232
KARRATHA,2002,3,132,132,264,0,0,0,132,132,264
KARRATHA,2002,4,141,142,283,0,0,0,141,142,283
KARRATHA,2002,5,138,138,276,0,0,0,138,138,276
KARRATHA,2002,6,131,132,263,0,0,0,131,132,263
KARRATHA,2002,7,140,140,280,0,0,0,140,140,280
KARRATHA,2002,8,135,135,270,0,0,0,135,135,270
KARRATHA,2002,9,126,126,252,0,0,0,126,126,252
KARRATHA,2002,10,131,131,262,0,0,0,131,131,262
KARRATHA,2002,11,115,115,230,0,0,0,115,115,230
KARRATHA,2002,12,123,123,246,0,0,0,123,123,246
KARRATHA,2003,1,121,121,242,0,0,0,121,121,242
KARRATHA,2003,2,110,110,220,0,0,0,110,110,220
KARRATHA,2003,3,119,117,236,0,0,0,119,117,236
KARRATHA,2003,4,112,111,223,0,0,0,112,111,223
KARRATHA,2003,5,109,109,218,0,0,0,109,109,218
KARRATHA,2003,6,103,103,206,0,0,0,103,103,206
KARRATHA,2003,7,118,118,236,0,0,0,118,118,236
KARRATHA,2003,8,121,121,242,0,0,0,121,121,242
KARRATHA,2003,9,118,118,236,0,0,0,118,118,236
KARRATHA,2003,10,117,117,234,0,0,0,117,117,234
KARRATHA,2003,11,116,116,232,0,0,0,116,116,232
KARRATHA,2003,12,118,118,236,0,0,0,118,118,236
KARRATHA,2004,1,105,104,209,0,0,0,105,104,209
KARRATHA,2004,2,111,111,222,0,0,0,111,111,222
KARRATHA,2004,3,117,117,234,0,0,0,117,117,234
KARRATHA,2004,4,116,116,232,0,0,0,116,116,232
KARRATHA,2004,5,145,145,290,0,0,0,145,145,290
KARRATHA,2004,6,152,152,304,0,0,0,152,152,304
KARRATHA,2004,7,150,150,300,0,0,0,150,150,300
KARRATHA,2004,8,140,140,280,0,0,0,140,140,280
KARRATHA,2004,9,142,142,284,0,0,0,142,142,284
KARRATHA,2004,10,148,148,296,0,0,0,148,148,296
KARRATHA,2004,11,146,146,292,0,0,0,146,146,292
KARRATHA,2004,12,149,149,298,0,0,0,149,149,298
KARRATHA,2005,1,151,151,302,0,0,0,151,151,302
KARRATHA,2005,2,136,135,271,0,0,0,136,135,271
KARRATHA,2005,3,145,145,290,0,0,0,145,145,290
KARRATHA,2005,4,140,140,280,0,0,0,140,140,280
KARRATHA,2005,5,147,147,294,0,0,0,147,147,294
KARRATHA,2005,6,144,144,288,0,0,0,144,144,288
KARRATHA,2005,7,152,151,303,0,0,0,152,151,303
KARRATHA,2005,8,154,154,308,0,0,0,154,154,308
KARRATHA,2005,9,145,144,289,0,0,0,145,144,289
KARRATHA,2005,10,147,146,293,0,0,0,147,146,293
KARRATHA,2005,11,146,144,290,0,0,0,146,144,290
KARRATHA,2005,12,145,144,289,0,0,0,145,144,289
KARRATHA,2006,1,140,135,275,0,0,0,140,135,275
KARRATHA,2006,2,127,127,254,0,0,0,127,127,254
KARRATHA,2006,3,147,145,292,0,0,0,147,145,292
KARRATHA,2006,4,133,132,265,0,0,0,133,132,265
KARRATHA,2006,5,147,147,294,0,0,0,147,147,294
KARRATHA,2006,6,138,138,276,0,0,0,138,138,276
KARRATHA,2006,7,153,152,305,0,0,0,153,152,305
KARRATHA,2006,8,132,131,263,0,0,0,132,131,263
KARRATHA,2006,9,123,123,246,0,0,0,123,123,246
KARRATHA,2006,10,119,119,238,0,0,0,119,119,238
KARRATHA,2006,11,123,123,246,0,0,0,123,123,246
KARRATHA,2006,12,117,117,234,0,0,0,117,117,234
KARRATHA,2007,1,125,125,250,0,0,0,125,125,250
KARRATHA,2007,2,129,129,258,0,0,0,129,129,258
KARRATHA,2007,3,122,122,244,0,0,0,122,122,244
KARRATHA,2007,4,121,121,242,0,0,0,121,121,242
KARRATHA,2007,5,126,126,252,0,0,0,126,126,252
KARRATHA,2007,6,119,119,238,0,0,0,119,119,238
KARRATHA,2007,7,124,124,248,0,0,0,124,124,248
KARRATHA,2007,8,131,130,261,0,0,0,131,130,261
KARRATHA,2007,9,131,131,262,0,0,0,131,131,262
KARRATHA,2007,10,142,142,284,0,0,0,142,142,284
KARRATHA,2007,11,156,156,312,0,0,0,156,156,312
KARRATHA,2007,12,157,159,316,0,0,0,157,159,316
KARRATHA,2008,1,167,166,333,0,0,0,167,166,333
KARRATHA,2008,2,159,159,318,0,0,0,159,159,318
KARRATHA,2008,3,176,176,352,0,0,0,176,176,352
KARRATHA,2008,4,179,179,358,0,0,0,179,179,358
KARRATHA,2008,5,180,181,361,0,0,0,180,181,361
KARRATHA,2008,6,180,180,360,0,0,0,180,180,360
KARRATHA,2008,7,202,200,402,0,0,0,202,200,402
KARRATHA,2008,8,193,193,386,0,0,0,193,193,386
KARRATHA,2008,9,188,186,374,0,0,0,188,186,374
KARRATHA,2008,10,222,220,442,0,0,0,222,220,442
KARRATHA,2008,11,238,232,470,0,0,0,238,232,470
KARRATHA,2008,12,246,250,496,0,0,0,246,250,496
KARRATHA,2009,1,261,261,522,0,0,0,261,261,522
KARRATHA,2009,2,238,235,473,0,0,0,238,235,473
KARRATHA,2009,3,252,250,502,0,0,0,252,250,502
KARRATHA,2009,4,257,257,514,0,0,0,257,257,514
KARRATHA,2009,5,267,267,534,0,0,0,267,267,534
KARRATHA,2009,6,270,269,539,0,0,0,270,269,539
KARRATHA,2009,7,280,280,560,0,0,0,280,280,560
KARRATHA,2009,8,267,269,536,0,0,0,267,269,536
KARRATHA,2009,9,269,270,539,0,0,0,269,270,539
KARRATHA,2009,10,271,270,541,0,0,0,271,270,541
KARRATHA,2009,11,274,271,545,0,0,0,274,271,545
KARRATHA,2009,12,269,273,542,0,0,0,269,273,542
KARRATHA,2010,1,270,269,539,0,0,0,270,269,539
KARRATHA,2010,2,250,248,498,0,0,0,250,248,498
KARRATHA,2010,3,292,289,581,0,0,0,292,289,581
KARRATHA,2010,4,299,299,598,0,0,0,299,299,598
KARRATHA,2010,5,308,310,618,0,0,0,308,310,618
KARRATHA,2010,6,304,310,614,0,0,0,304,310,614
KARRATHA,2010,7,313,313,626,0,0,0,313,313,626
KARRATHA,2010,8,319,321,640,0,0,0,319,321,640
KARRATHA,2010,9,309,308,617,0,0,0,309,308,617
KARRATHA,2010,10,310,308,618,0,0,0,310,308,618
KARRATHA,2010,11,313,316,629,0,0,0,313,316,629
KARRATHA,2010,12,302,317,619,0,0,0,302,317,619
KARRATHA,2011,1,317,304,621,0,0,0,317,304,621
KARRATHA,2011,2,277,272,549,0,0,0,277,272,549
KARRATHA,2011,3,328,326,654,0,0,0,328,326,654
KARRATHA,2011,4,309,305,614,0,0,0,309,305,614
KARRATHA,2011,5,332,331,663,0,0,0,332,331,663
KARRATHA,2011,6,324,323,647,0,0,0,324,323,647
KARRATHA,2011,7,346,345,691,0,0,0,346,345,691
KARRATHA,2011,8,368,369,737,0,0,0,368,369,737
KARRATHA,2011,9,364,363,727,0,0,0,364,363,727
KARRATHA,2011,10,346,345,691,0,0,0,346,345,691
KARRATHA,2011,11,363,363,726,0,0,0,363,363,726
KARRATHA,2011,12,359,360,719,0,0,0,359,360,719
KARRATHA,2012,1,394,395,789,0,0,0,394,395,789
KARRATHA,2012,2,363,361,724,0,0,0,363,361,724
KARRATHA,2012,3,380,380,760,0,0,0,380,380,760
KARRATHA,2012,4,356,357,713,0,0,0,356,357,713
KARRATHA,2012,5,382,382,764,0,0,0,382,382,764
KARRATHA,2012,6,354,352,706,0,0,0,354,352,706
KARRATHA,2012,7,368,365,733,0,0,0,368,365,733
KARRATHA,2012,8,382,380,762,0,0,0,382,380,762
KARRATHA,2012,9,361,359,720,0,0,0,361,359,720
KARRATHA,2012,10,395,394,789,0,0,0,395,394,789
KARRATHA,2012,11,375,375,750,0,0,0,375,375,750
KARRATHA,2012,12,353,351,704,0,0,0,353,351,704
KARRATHA,2013,1,369,366,735,0,0,0,369,366,735
KARRATHA,2013,2,300,296,596,0,0,0,300,296,596
KARRATHA,2013,3,359,359,718,0,0,0,359,359,718
KARRATHA,2013,4,366,366,732,0,0,0,366,366,732
KARRATHA,2013,5,382,380,762,0,0,0,382,380,762
KARRATHA,2013,6,343,341,684,0,0,0,343,341,684
KARRATHA,2013,7,400,398,798,0,0,0,400,398,798
KARRATHA,2013,8,386,381,767,0,0,0,386,381,767
KARRATHA,2013,9,380,379,759,0,0,0,380,379,759
KARRATHA,2013,10,409,409,818,0,0,0,409,409,818
KARRATHA,2013,11,392,391,783,0,0,0,392,391,783
KARRATHA,2013,12,362,361,723,0,0,0,362,361,723
KARRATHA,2014,1,401,400,801,0,0,0,401,400,801
KARRATHA,2014,2,361,359,720,0,0,0,361,359,720
KARRATHA,2014,3,376,376,752,0,0,0,376,376,752
KARRATHA,2014,4,375,375,750,0,0,0,375,375,750
KARRATHA,2014,5,380,379,759,0,0,0,380,379,759
KARRATHA,2014,6,344,343,687,0,0,0,344,343,687
KARRATHA,2014,7,338,337,675,0,0,0,338,337,675
KARRATHA,2014,8,328,332,660,0,0,0,328,332,660
KARRATHA,2014,9,340,340,680,0,0,0,340,340,680
KARRATHA,2014,10,365,366,731,0,0,0,365,366,731
KARRATHA,2014,11,317,320,637,0,0,0,317,320,637
KARRATHA,2014,12,328,329,657,0,0,0,328,329,657
KARRATHA,2015,1,325,327,652,0,0,0,325,327,652
KARRATHA,2015,2,311,313,624,0,0,0,311,313,624
KARRATHA,2015,3,342,336,678,0,0,0,342,336,678
KARRATHA,2015,4,341,342,683,0,0,0,341,342,683
KARRATHA,2015,5,331,332,663,0,0,0,331,332,663
KARRATHA,2015,6,334,340,674,0,0,0,334,340,674
KARRATHA,2015,7,363,352,715,0,0,0,363,352,715
KARRATHA,2015,8,328,324,652,0,0,0,328,324,652
KARRATHA,2015,9,334,336,670,0,0,0,334,336,670
KARRATHA,2015,10,340,332,672,0,0,0,340,332,672
KARRATHA,2015,11,328,324,652,0,0,0,328,324,652
KARRATHA,2015,12,333,323,656,0,0,0,333,323,656
KARRATHA,2016,1,310,307,617,0,0,0,310,307,617
KARRATHA,2016,2,308,303,611,0,0,0,308,303,611
KARRATHA,2016,3,327,329,656,0,0,0,327,329,656
KARRATHA,2016,4,293,293,586,0,0,0,293,293,586
KARRATHA,2016,5,322,315,637,0,0,0,322,315,637
KARRATHA,2016,6,275,276,551,0,0,0,275,276,551
KARRATHA,2016,7,289,286,575,0,0,0,289,286,575
KARRATHA,2016,8,309,301,610,0,0,0,309,301,610
KARRATHA,2016,9,302,288,590,0,0,0,302,288,590
KARRATHA,2016,10,293,285,578,0,0,0,293,285,578
KARRATHA,2016,11,296,288,584,0,0,0,296,288,584
KARRATHA,2016,12,276,273,549,0,0,0,276,273,549
KARRATHA,2017,1,280,273,553,0,0,0,280,273,553
KARRATHA,2017,2,250,247,497,0,0,0,250,247,497
KARRATHA,2017,3,281,281,562,0,0,0,281,281,562
KARRATHA,2017,4,251,252,503,0,0,0,251,252,503
KARRATHA,2017,5,280,270,550,0,0,0,280,270,550
KARRATHA,2017,6,265,263,528,0,0,0,265,263,528
KARRATHA,2017,7,255,254,509,0,0,0,255,254,509
KARRATHA,2017,8,266,264,530,0,0,0,266,264,530
KARRATHA,2017,9,245,242,487,0,0,0,245,242,487
KARRATHA,2017,10,257,254,511,0,0,0,257,254,511
KARRATHA,2017,11,255,251,506,0,0,0,255,251,506
KARRATHA,2017,12,243,242,485,0,0,0,243,242,485
KARRATHA,2018,1,260,259,519,0,0,0,260,259,519
KARRATHA,2018,2,235,234,469,0,0,0,235,234,469
KARRATHA,2018,3,259,259,518,0,0,0,259,259,518
KARRATHA,2018,4,239,239,478,0,0,0,239,239,478
KARRATHA,2018,5,259,258,517,0,0,0,259,258,517
KARRATHA,2018,6,241,241,482,0,0,0,241,241,482
KARRATHA,2018,7,249,248,497,0,0,0,249,248,497
KARRATHA,2018,8,259,257,516,0,0,0,259,257,516
KARRATHA,2018,9,240,237,477,0,0,0,240,237,477
KARRATHA,2018,10,260,259,519,0,0,0,260,259,519
KARRATHA,2018,11,259,255,514,0,0,0,259,255,514
KARRATHA,2018,12,235,234,469,0,0,0,235,234,469
KARRATHA,2019,1,266,265,531,0,0,0,266,265,531
KARRATHA,2019,2,238,233,471,0,0,0,238,233,471
KARRATHA,2019,3,247,246,493,0,0,0,247,246,493
KARRATHA,2019,4,250,247,497,0,0,0,250,247,497
KARRATHA,2019,5,262,262,524,0,0,0,262,262,524
KARRATHA,2019,6,237,234,471,0,0,0,237,234,471
KARRATHA,2019,7,257,256,513,0,0,0,257,256,513
KARRATHA,2019,8,251,250,501,0,0,0,251,250,501
KARRATHA,2019,9,245,245,490,0,0,0,245,245,490
KARRATHA,2019,10,260,260,520,0,0,0,260,260,520
KARRATHA,2019,11,246,244,490,0,0,0,246,244,490
KARRATHA,2019,12,237,238,475,0,0,0,237,238,475
KARRATHA,2020,1,256,255,511,0,0,0,256,255,511
KARRATHA,2020,2,220,220,440,0,0,0,220,220,440
KARRATHA,2020,3,205,205,410,0,0,0,205,205,410
KARRATHA,2020,4,47,47,94,0,0,0,47,47,94
KARRATHA,2020,5,29,25,54,0,0,0,29,25,54
KARRATHA,2020,6,49,49,98,0,0,0,49,49,98
KARRATHA,2020,7,81,81,162,0,0,0,81,81,162
KARRATHA,2020,8,110,110,220,0,0,0,110,110,220
KARRATHA,2020,9,174,174,348,0,0,0,174,174,348
KARRATHA,2020,10,189,187,376,0,0,0,189,187,376
KARRATHA,2020,11,183,181,364,0,0,0,183,181,364
KARRATHA,2020,12,193,193,386,0,0,0,193,193,386
KARRATHA,2021,1,186,184,370,0,0,0,186,184,370
KARRATHA,2021,2,168,165,333,0,0,0,168,165,333
KARRATHA,2021,3,195,194,389,0,0,0,195,194,389
KARRATHA,2021,4,185,184,369,0,0,0,185,184,369
KARRATHA,2021,5,189,188,377,0,0,0,189,188,377
KARRATHA,2021,6,194,194,388,0,0,0,194,194,388
KARRATHA,2021,7,193,193,386,0,0,0,193,193,386
KARRATHA,2021,8,195,194,389,0,0,0,195,194,389
KARRATHA,2021,9,193,193,386,0,0,0,193,193,386
KARRATHA,2021,10,189,188,377,0,0,0,189,188,377
KARRATHA,2021,11,196,194,390,0,0,0,196,194,390
KARRATHA,2021,12,191,191,382,0,0,0,191,191,382
KARRATHA,2022,1,201,199,400,0,0,0,201,199,400
KARRATHA,2022,2,186,186,372,0,0,0,186,186,372
KARRATHA,2022,3,206,204,410,0,0,0,206,204,410
KARRATHA,2022,4,187,183,370,0,0,0,187,183,370
KARRATHA,2022,5,192,190,382,0,0,0,192,190,382
KARRATHA,2022,6,196,195,391,0,0,0,196,195,391
KARRATHA,2022,7,189,187,376,0,0,0,189,187,376
KARRATHA,2022,8,199,198,397,0,0,0,199,198,397
KARRATHA,2022,9,194,195,389,0,0,0,194,195,389
KARRATHA,2022,10,191,191,382,0,0,0,191,191,382
KARRATHA,2022,11,193,193,386,0,0,0,193,193,386
KARRATHA,2022,12,180,180,360,0,0,0,180,180,360
KARRATHA,2023,1,195,193,388,0,0,0,195,193,388
KARRATHA,2023,2,178,178,356,0,0,0,178,178,356
KARRATHA,2023,3,199,198,397,0,0,0,199,198,397
KARRATHA,2023,4,182,182,364,0,0,0,182,182,364
KARRATHA,2023,5,204,202,406,0,0,0,204,202,406
KARRATHA,2023,6,195,195,390,0,0,0,195,195,390
KARRATHA,2023,7,207,207,414,0,0,0,207,207,414
KARRATHA,2023,8,235,234,469,0,0,0,235,234,469
KARRATHA,2023,9,218,217,435,0,0,0,218,217,435
KARRATHA,2023,10,234,234,468,0,0,0,234,234,468
KARRATHA,2023,11,243,243,486,0,0,0,243,243,486
KARRATHA,2023,12,217,217,434,0,0,0,217,217,434
KARRATHA,2024,1,242,242,484,0,0,0,242,242,484
KARRATHA,2024,2,222,223,445,0,0,0,222,223,445
KARRATHA,2024,3,239,236,475,0,0,0,239,236,475
KARRATHA,2024,4,249,249,498,0,0,0,249,249,498
KARRATHA,2024,5,263,262,525,0,0,0,263,262,525
KARRATHA,2024,6,239,239,478,0,0,0,239,239,478
KARRATHA,2024,7,269,265,534,0,0,0,269,265,534
KARRATHA,2024,8,262,260,522,0,0,0,262,260,522
KARRATHA,2024,9,253,254,507,0,0,0,253,254,507
KARRATHA,2024,10,268,268,536,0,0,0,268,268,536
KARRATHA,2024,11,251,248,499,0,0,0,251,248,499
KARRATHA,2024,12,233,232,465,0,0,0,233,232,465
KARRATHA,2025,1,258,256,514,0,0,0,258,256,514
KARRATHA,2025,2,243,243,486,0,0,0,243,243,486
KARRATHA,2025,3,263,262,525,0,0,0,263,262,525
KARRATHA,2025,4,272,272,544,0,0,0,272,272,544
KARRATHA,2025,5,274,271,545,0,0,0,274,271,545
KARRATHA,2025,6,266,267,533,0,0,0,266,267,533
LAUNCESTON,1985,1,653,647,1300,0,0,0,653,647,1300
LAUNCESTON,1985,2,570,587,1157,0,0,0,570,587,1157
LAUNCESTON,1985,3,680,668,1348,0,0,0,680,668,1348
LAUNCESTON,1985,4,620,612,1232,0,0,0,620,612,1232
LAUNCESTON,1985,5,639,627,1266,0,0,0,639,627,1266
LAUNCESTON,1985,6,599,584,1183,0,0,0,599,584,1183
LAUNCESTON,1985,7,587,575,1162,0,0,0,587,575,1162
LAUNCESTON,1985,8,609,604,1213,0,0,0,609,604,1213
LAUNCESTON,1985,9,648,624,1272,0,0,0,648,624,1272
LAUNCESTON,1985,10,678,675,1353,0,0,0,678,675,1353
LAUNCESTON,1985,11,579,584,1163,0,0,0,579,584,1163
LAUNCESTON,1985,12,652,649,1301,0,0,0,652,649,1301
LAUNCESTON,1986,1,688,676,1364,0,0,0,688,676,1364
LAUNCESTON,1986,2,589,586,1175,0,0,0,589,586,1175
LAUNCESTON,1986,3,641,636,1277,0,0,0,641,636,1277
LAUNCESTON,1986,4,641,631,1272,0,0,0,641,631,1272
LAUNCESTON,1986,5,661,650,1311,0,0,0,661,650,1311
LAUNCESTON,1986,6,599,590,1189,0,0,0,599,590,1189
LAUNCESTON,1986,7,578,565,1143,0,0,0,578,565,1143
LAUNCESTON,1986,8,626,610,1236,0,0,0,626,610,1236
LAUNCESTON,1986,9,642,641,1283,0,0,0,642,641,1283
LAUNCESTON,1986,10,659,647,1306,0,0,0,659,647,1306
LAUNCESTON,1986,11,620,609,1229,0,0,0,620,609,1229
LAUNCESTON,1986,12,687,675,1362,0,0,0,687,675,1362
LAUNCESTON,1987,1,712,702,1414,0,0,0,712,702,1414
LAUNCESTON,1987,2,617,602,1219,0,0,0,617,602,1219
LAUNCESTON,1987,3,689,669,1358,0,0,0,689,669,1358
LAUNCESTON,1987,4,624,616,1240,0,0,0,624,616,1240
LAUNCESTON,1987,5,639,633,1272,0,0,0,639,633,1272
LAUNCESTON,1987,6,589,579,1168,0,0,0,589,579,1168
LAUNCESTON,1987,7,590,587,1177,0,0,0,590,587,1177
LAUNCESTON,1987,8,588,581,1169,0,0,0,588,581,1169
LAUNCESTON,1987,9,614,611,1225,0,0,0,614,611,1225
LAUNCESTON,1987,10,682,679,1361,0,0,0,682,679,1361
LAUNCESTON,1987,11,637,638,1275,0,0,0,637,638,1275
LAUNCESTON,1987,12,689,686,1375,0,0,0,689,686,1375
LAUNCESTON,1988,1,725,717,1442,0,0,0,725,717,1442
LAUNCESTON,1988,2,679,677,1356,0,0,0,679,677,1356
LAUNCESTON,1988,3,688,686,1374,0,0,0,688,686,1374
LAUNCESTON,1988,4,685,683,1368,0,0,0,685,683,1368
LAUNCESTON,1988,5,633,623,1256,0,0,0,633,623,1256
LAUNCESTON,1988,6,619,612,1231,0,0,0,619,612,1231
LAUNCESTON,1988,7,604,604,1208,0,0,0,604,604,1208
LAUNCESTON,1988,8,648,639,1287,0,0,0,648,639,1287
LAUNCESTON,1988,9,680,666,1346,0,0,0,680,666,1346
LAUNCESTON,1988,10,635,628,1263,0,0,0,635,628,1263
LAUNCESTON,1988,11,702,694,1396,0,0,0,702,694,1396
LAUNCESTON,1988,12,699,685,1384,0,0,0,699,685,1384
LAUNCESTON,1989,1,632,624,1256,0,0,0,632,624,1256
LAUNCESTON,1989,2,543,539,1082,0,0,0,543,539,1082
LAUNCESTON,1989,3,614,616,1230,0,0,0,614,616,1230
LAUNCESTON,1989,4,542,546,1088,0,0,0,542,546,1088
LAUNCESTON,1989,5,566,568,1134,0,0,0,566,568,1134
LAUNCESTON,1989,6,558,559,1117,0,0,0,558,559,1117
LAUNCESTON,1989,7,529,530,1059,0,0,0,529,530,1059
LAUNCESTON,1989,8,493,490,983,0,0,0,493,490,983
LAUNCESTON,1989,9,365,370,735,0,0,0,365,370,735
LAUNCESTON,1989,10,422,417,839,0,0,0,422,417,839
LAUNCESTON,1989,11,468,475,943,0,0,0,468,475,943
LAUNCESTON,1989,12,514,512,1026,0,0,0,514,512,1026
LAUNCESTON,1990,1,595,589,1184,0,0,0,595,589,1184
LAUNCESTON,1990,2,570,568,1138,0,0,0,570,568,1138
LAUNCESTON,1990,3,620,617,1237,0,0,0,620,617,1237
LAUNCESTON,1990,4,601,603,1204,0,0,0,601,603,1204
LAUNCESTON,1990,5,583,586,1169,0,0,0,583,586,1169
LAUNCESTON,1990,6,579,582,1161,0,0,0,579,582,1161
LAUNCESTON,1990,7,631,651,1282,0,0,0,631,651,1282
LAUNCESTON,1990,8,609,644,1253,0,0,0,609,644,1253
LAUNCESTON,1990,9,684,723,1407,0,0,0,684,723,1407
LAUNCESTON,1990,10,643,696,1339,0,0,0,643,696,1339
LAUNCESTON,1990,11,672,688,1360,0,0,0,672,688,1360
LAUNCESTON,1990,12,663,692,1355,0,0,0,663,692,1355
LAUNCESTON,1991,1,691,727,1418,0,0,0,691,727,1418
LAUNCESTON,1991,2,575,599,1174,0,0,0,575,599,1174
LAUNCESTON,1991,3,655,678,1333,0,0,0,655,678,1333
LAUNCESTON,1991,4,555,685,1240,0,0,0,555,685,1240
LAUNCESTON,1991,5,577,608,1185,0,0,0,577,608,1185
LAUNCESTON,1991,6,522,557,1079,0,0,0,522,557,1079
LAUNCESTON,1991,7,530,532,1062,0,0,0,530,532,1062
LAUNCESTON,1991,8,552,554,1106,0,0,0,552,554,1106
LAUNCESTON,1991,9,590,590,1180,0,0,0,590,590,1180
LAUNCESTON,1991,10,606,607,1213,0,0,0,606,607,1213
LAUNCESTON,1991,11,594,595,1189,0,0,0,594,595,1189
LAUNCESTON,1991,12,679,681,1360,0,0,0,679,681,1360
LAUNCESTON,1992,1,740,750,1490,0,0,0,740,750,1490
LAUNCESTON,1992,2,588,587,1175,0,0,0,588,587,1175
LAUNCESTON,1992,3,610,613,1223,0,0,0,610,613,1223
LAUNCESTON,1992,4,622,622,1244,0,0,0,622,622,1244
LAUNCESTON,1992,5,597,591,1188,0,0,0,597,591,1188
LAUNCESTON,1992,6,544,543,1087,0,0,0,544,543,1087
LAUNCESTON,1992,7,569,570,1139,0,0,0,569,570,1139
LAUNCESTON,1992,8,548,546,1094,0,0,0,548,546,1094
LAUNCESTON,1992,9,586,581,1167,0,0,0,586,581,1167
LAUNCESTON,1992,10,608,619,1227,0,0,0,608,619,1227
LAUNCESTON,1992,11,574,578,1152,0,0,0,574,578,1152
LAUNCESTON,1992,12,671,674,1345,0,0,0,671,674,1345
LAUNCESTON,1993,1,710,697,1407,0,0,0,710,697,1407
LAUNCESTON,1993,2,504,498,1002,0,0,0,504,498,1002
LAUNCESTON,1993,3,562,559,1121,0,0,0,562,559,1121
LAUNCESTON,1993,4,586,586,1172,0,0,0,586,586,1172
LAUNCESTON,1993,5,541,543,1084,0,0,0,541,543,1084
LAUNCESTON,1993,6,517,514,1031,0,0,0,517,514,1031
LAUNCESTON,1993,7,521,524,1045,0,0,0,521,524,1045
LAUNCESTON,1993,8,533,533,1066,0,0,0,533,533,1066
LAUNCESTON,1993,9,543,544,1087,0,0,0,543,544,1087
LAUNCESTON,1993,10,550,560,1110,0,0,0,550,560,1110
LAUNCESTON,1993,11,513,511,1024,0,0,0,513,511,1024
LAUNCESTON,1993,12,640,631,1271,0,0,0,640,631,1271
LAUNCESTON,1994,1,718,709,1427,0,0,0,718,709,1427
LAUNCESTON,1994,2,532,531,1063,0,0,0,532,531,1063
LAUNCESTON,1994,3,568,570,1138,0,0,0,568,570,1138
LAUNCESTON,1994,4,541,537,1078,0,0,0,541,537,1078
LAUNCESTON,1994,5,569,573,1142,0,0,0,569,573,1142
LAUNCESTON,1994,6,552,554,1106,0,0,0,552,554,1106
LAUNCESTON,1994,7,551,558,1109,0,0,0,551,558,1109
LAUNCESTON,1994,8,556,563,1119,0,0,0,556,563,1119
LAUNCESTON,1994,9,545,547,1092,0,0,0,545,547,1092
LAUNCESTON,1994,10,577,575,1152,0,0,0,577,575,1152
LAUNCESTON,1994,11,527,528,1055,0,0,0,527,528,1055
LAUNCESTON,1994,12,621,624,1245,0,0,0,621,624,1245
LAUNCESTON,1995,1,717,719,1436,0,0,0,717,719,1436
LAUNCESTON,1995,2,519,525,1044,0,0,0,519,525,1044
LAUNCESTON,1995,3,550,551,1101,0,0,0,550,551,1101
LAUNCESTON,1995,4,536,541,1077,0,0,0,536,541,1077
LAUNCESTON,1995,5,522,527,1049,0,0,0,522,527,1049
LAUNCESTON,1995,6,475,475,950,0,0,0,475,475,950
LAUNCESTON,1995,7,486,492,978,0,0,0,486,492,978
LAUNCESTON,1995,8,482,483,965,0,0,0,482,483,965
LAUNCESTON,1995,9,493,493,986,0,0,0,493,493,986
LAUNCESTON,1995,10,497,500,997,0,0,0,497,500,997
LAUNCESTON,1995,11,475,480,955,0,0,0,475,480,955
LAUNCESTON,1995,12,546,551,1097,0,0,0,546,551,1097
LAUNCESTON,1996,1,662,666,1328,0,0,0,662,666,1328
LAUNCESTON,1996,2,511,514,1025,0,0,0,511,514,1025
LAUNCESTON,1996,3,542,546,1088,0,0,0,542,546,1088
LAUNCESTON,1996,4,502,497,999,0,0,0,502,497,999
LAUNCESTON,1996,5,475,469,944,0,0,0,475,469,944
LAUNCESTON,1996,6,461,459,920,0,0,0,461,459,920
LAUNCESTON,1996,7,470,470,940,0,0,0,470,470,940
LAUNCESTON,1996,8,461,466,927,0,0,0,461,466,927
LAUNCESTON,1996,9,476,476,952,0,0,0,476,476,952
LAUNCESTON,1996,10,492,490,982,0,0,0,492,490,982
LAUNCESTON,1996,11,468,467,935,0,0,0,468,467,935
LAUNCESTON,1996,12,536,568,1104,0,0,0,536,568,1104
LAUNCESTON,1997,1,631,630,1261,0,0,0,631,630,1261
LAUNCESTON,1997,2,479,483,962,0,0,0,479,483,962
LAUNCESTON,1997,3,535,534,1069,0,0,0,535,534,1069
LAUNCESTON,1997,4,499,499,998,0,0,0,499,499,998
LAUNCESTON,1997,5,497,498,995,0,0,0,497,498,995
LAUNCESTON,1997,6,480,477,957,0,0,0,480,477,957
LAUNCESTON,1997,7,494,492,986,0,0,0,494,492,986
LAUNCESTON,1997,8,461,462,923,0,0,0,461,462,923
LAUNCESTON,1997,9,477,480,957,0,0,0,477,480,957
LAUNCESTON,1997,10,476,474,950,0,0,0,476,474,950
LAUNCESTON,1997,11,444,446,890,0,0,0,444,446,890
LAUNCESTON,1997,12,488,488,976,0,0,0,488,488,976
LAUNCESTON,1998,1,577,578,1155,0,0,0,577,578,1155
LAUNCESTON,1998,2,467,468,935,0,0,0,467,468,935
LAUNCESTON,1998,3,514,513,1027,0,0,0,514,513,1027
LAUNCESTON,1998,4,483,483,966,0,0,0,483,483,966
LAUNCESTON,1998,5,462,462,924,0,0,0,462,462,924
LAUNCESTON,1998,6,448,450,898,0,0,0,448,450,898
LAUNCESTON,1998,7,463,462,925,0,0,0,463,462,925
LAUNCESTON,1998,8,452,453,905,0,0,0,452,453,905
LAUNCESTON,1998,9,466,464,930,0,0,0,466,464,930
LAUNCESTON,1998,10,468,467,935,0,0,0,468,467,935
LAUNCESTON,1998,11,445,445,890,0,0,0,445,445,890
LAUNCESTON,1998,12,485,485,970,0,0,0,485,485,970
LAUNCESTON,1999,1,563,563,1126,0,0,0,563,563,1126
LAUNCESTON,1999,2,452,452,904,0,0,0,452,452,904
LAUNCESTON,1999,3,503,503,1006,0,0,0,503,503,1006
LAUNCESTON,1999,4,459,459,918,0,0,0,459,459,918
LAUNCESTON,1999,5,438,439,877,0,0,0,438,439,877
LAUNCESTON,1999,6,428,428,856,0,0,0,428,428,856
LAUNCESTON,1999,7,376,376,752,0,0,0,376,376,752
LAUNCESTON,1999,8,419,420,839,0,0,0,419,420,839
LAUNCESTON,1999,9,445,447,892,0,0,0,445,447,892
LAUNCESTON,1999,10,436,436,872,0,0,0,436,436,872
LAUNCESTON,1999,11,426,427,853,0,0,0,426,427,853
LAUNCESTON,1999,12,503,504,1007,0,0,0,503,504,1007
LAUNCESTON,2000,1,562,565,1127,0,0,0,562,565,1127
LAUNCESTON,2000,2,511,508,1019,0,0,0,511,508,1019
LAUNCESTON,2000,3,565,565,1130,0,0,0,565,565,1130
LAUNCESTON,2000,4,554,555,1109,0,0,0,554,555,1109
LAUNCESTON,2000,5,545,547,1092,0,0,0,545,547,1092
LAUNCESTON,2000,6,528,529,1057,0,0,0,528,529,1057
LAUNCESTON,2000,7,535,533,1068,0,0,0,535,533,1068
LAUNCESTON,2000,8,537,535,1072,0,0,0,537,535,1072
LAUNCESTON,2000,9,454,455,909,0,0,0,454,455,909
LAUNCESTON,2000,10,457,458,915,0,0,0,457,458,915
LAUNCESTON,2000,11,440,438,878,0,0,0,440,438,878
LAUNCESTON,2000,12,520,517,1037,0,0,0,520,517,1037
LAUNCESTON,2001,1,655,655,1310,0,0,0,655,655,1310
LAUNCESTON,2001,2,490,489,979,0,0,0,490,489,979
LAUNCESTON,2001,3,535,536,1071,0,0,0,535,536,1071
LAUNCESTON,2001,4,540,539,1079,0,0,0,540,539,1079
LAUNCESTON,2001,5,494,498,992,0,0,0,494,498,992
LAUNCESTON,2001,6,475,471,946,0,0,0,475,471,946
LAUNCESTON,2001,7,458,457,915,0,0,0,458,457,915
LAUNCESTON,2001,8,457,462,919,0,0,0,457,462,919
LAUNCESTON,2001,9,367,369,736,0,0,0,367,369,736
LAUNCESTON,2001,10,288,286,574,0,0,0,288,286,574
LAUNCESTON,2001,11,343,342,685,0,0,0,343,342,685
LAUNCESTON,2001,12,477,477,954,0,0,0,477,477,954
LAUNCESTON,2002,1,367,367,734,0,0,0,367,367,734
LAUNCESTON,2002,2,291,289,580,0,0,0,291,289,580
LAUNCESTON,2002,3,319,317,636,0,0,0,319,317,636
LAUNCESTON,2002,4,309,309,618,0,0,0,309,309,618
LAUNCESTON,2002,5,321,321,642,0,0,0,321,321,642
LAUNCESTON,2002,6,309,309,618,0,0,0,309,309,618
LAUNCESTON,2002,7,321,319,640,0,0,0,321,319,640
LAUNCESTON,2002,8,321,320,641,0,0,0,321,320,641
LAUNCESTON,2002,9,314,316,630,0,0,0,314,316,630
LAUNCESTON,2002,10,320,320,640,0,0,0,320,320,640
LAUNCESTON,2002,11,299,299,598,0,0,0,299,299,598
LAUNCESTON,2002,12,351,352,703,0,0,0,351,352,703
LAUNCESTON,2003,1,384,384,768,0,0,0,384,384,768
LAUNCESTON,2003,2,333,332,665,0,0,0,333,332,665
LAUNCESTON,2003,3,337,337,674,0,0,0,337,337,674
LAUNCESTON,2003,4,251,250,501,0,0,0,251,250,501
LAUNCESTON,2003,5,314,314,628,0,0,0,314,314,628
LAUNCESTON,2003,6,281,282,563,0,0,0,281,282,563
LAUNCESTON,2003,7,281,281,562,0,0,0,281,281,562
LAUNCESTON,2003,8,311,312,623,0,0,0,311,312,623
LAUNCESTON,2003,9,305,305,610,0,0,0,305,305,610
LAUNCESTON,2003,10,317,317,634,0,0,0,317,317,634
LAUNCESTON,2003,11,332,332,664,0,0,0,332,332,664
LAUNCESTON,2003,12,390,390,780,0,0,0,390,390,780
LAUNCESTON,2004,1,462,460,922,0,0,0,462,460,922
LAUNCESTON,2004,2,397,395,792,0,0,0,397,395,792
LAUNCESTON,2004,3,414,409,823,0,0,0,414,409,823
LAUNCESTON,2004,4,371,367,738,0,0,0,371,367,738
LAUNCESTON,2004,5,366,364,730,0,0,0,366,364,730
LAUNCESTON,2004,6,364,358,722,0,0,0,364,358,722
LAUNCESTON,2004,7,367,364,731,0,0,0,367,364,731
LAUNCESTON,2004,8,394,391,785,0,0,0,394,391,785
LAUNCESTON,2004,9,459,457,916,0,0,0,459,457,916
LAUNCESTON,2004,10,478,475,953,0,0,0,478,475,953
LAUNCESTON,2004,11,466,463,929,0,0,0,466,463,929
LAUNCESTON,2004,12,496,491,987,0,0,0,496,491,987
LAUNCESTON,2005,1,522,517,1039,0,0,0,522,517,1039
LAUNCESTON,2005,2,444,442,886,0,0,0,444,442,886
LAUNCESTON,2005,3,492,487,979,0,0,0,492,487,979
LAUNCESTON,2005,4,470,464,934,0,0,0,470,464,934
LAUNCESTON,2005,5,474,472,946,0,0,0,474,472,946
LAUNCESTON,2005,6,463,458,921,0,0,0,463,458,921
LAUNCESTON,2005,7,474,469,943,0,0,0,474,469,943
LAUNCESTON,2005,8,461,460,921,0,0,0,461,460,921
LAUNCESTON,2005,9,482,479,961,0,0,0,482,479,961
LAUNCESTON,2005,10,485,481,966,0,0,0,485,481,966
LAUNCESTON,2005,11,482,484,966,0,0,0,482,484,966
LAUNCESTON,2005,12,508,504,1012,0,0,0,508,504,1012
LAUNCESTON,2006,1,529,522,1051,0,0,0,529,522,1051
LAUNCESTON,2006,2,455,451,906,0,0,0,455,451,906
LAUNCESTON,2006,3,500,502,1002,0,0,0,500,502,1002
LAUNCESTON,2006,4,437,433,870,0,0,0,437,433,870
LAUNCESTON,2006,5,460,454,914,0,0,0,460,454,914
LAUNCESTON,2006,6,435,429,864,0,0,0,435,429,864
LAUNCESTON,2006,7,451,447,898,0,0,0,451,447,898
LAUNCESTON,2006,8,478,471,949,0,0,0,478,471,949
LAUNCESTON,2006,9,467,459,926,0,0,0,467,459,926
LAUNCESTON,2006,10,471,467,938,0,0,0,471,467,938
LAUNCESTON,2006,11,484,479,963,0,0,0,484,479,963
LAUNCESTON,2006,12,577,568,1145,0,0,0,577,568,1145
LAUNCESTON,2007,1,581,574,1155,0,0,0,581,574,1155
LAUNCESTON,2007,2,489,483,972,0,0,0,489,483,972
LAUNCESTON,2007,3,537,531,1068,0,0,0,537,531,1068
LAUNCESTON,2007,4,534,522,1056,0,0,0,534,522,1056
LAUNCESTON,2007,5,534,522,1056,0,0,0,534,522,1056
LAUNCESTON,2007,6,487,483,970,0,0,0,487,483,970
LAUNCESTON,2007,7,498,494,992,0,0,0,498,494,992
LAUNCESTON,2007,8,509,505,1014,0,0,0,509,505,1014
LAUNCESTON,2007,9,506,502,1008,0,0,0,506,502,1008
LAUNCESTON,2007,10,529,522,1051,0,0,0,529,522,1051
LAUNCESTON,2007,11,519,512,1031,0,0,0,519,512,1031
LAUNCESTON,2007,12,592,587,1179,0,0,0,592,587,1179
LAUNCESTON,2008,1,589,586,1175,0,0,0,589,586,1175
LAUNCESTON,2008,2,521,516,1037,0,0,0,521,516,1037
LAUNCESTON,2008,3,573,566,1139,0,0,0,573,566,1139
LAUNCESTON,2008,4,536,534,1070,0,0,0,536,534,1070
LAUNCESTON,2008,5,563,559,1122,0,0,0,563,559,1122
LAUNCESTON,2008,6,517,516,1033,0,0,0,517,516,1033
LAUNCESTON,2008,7,530,527,1057,0,0,0,530,527,1057
LAUNCESTON,2008,8,530,534,1064,0,0,0,530,534,1064
LAUNCESTON,2008,9,519,520,1039,0,0,0,519,520,1039
LAUNCESTON,2008,10,540,540,1080,0,0,0,540,540,1080
LAUNCESTON,2008,11,527,521,1048,0,0,0,527,521,1048
LAUNCESTON,2008,12,572,571,1143,0,0,0,572,571,1143
LAUNCESTON,2009,1,588,589,1177,0,0,0,588,589,1177
LAUNCESTON,2009,2,510,510,1020,0,0,0,510,510,1020
LAUNCESTON,2009,3,559,562,1121,0,0,0,559,562,1121
LAUNCESTON,2009,4,548,548,1096,0,0,0,548,548,1096
LAUNCESTON,2009,5,515,514,1029,0,0,0,515,514,1029
LAUNCESTON,2009,6,509,511,1020,0,0,0,509,511,1020
LAUNCESTON,2009,7,532,535,1067,0,0,0,532,535,1067
LAUNCESTON,2009,8,532,537,1069,0,0,0,532,537,1069
LAUNCESTON,2009,9,517,515,1032,0,0,0,517,515,1032
LAUNCESTON,2009,10,536,534,1070,0,0,0,536,534,1070
LAUNCESTON,2009,11,511,515,1026,0,0,0,511,515,1026
LAUNCESTON,2009,12,548,550,1098,0,0,0,548,550,1098
LAUNCESTON,2010,1,597,598,1195,0,0,0,597,598,1195
LAUNCESTON,2010,2,528,534,1062,0,0,0,528,534,1062
LAUNCESTON,2010,3,607,606,1213,0,0,0,607,606,1213
LAUNCESTON,2010,4,595,597,1192,0,0,0,595,597,1192
LAUNCESTON,2010,5,579,573,1152,0,0,0,579,573,1152
LAUNCESTON,2010,6,560,563,1123,0,0,0,560,563,1123
LAUNCESTON,2010,7,593,593,1186,0,0,0,593,593,1186
LAUNCESTON,2010,8,550,550,1100,0,0,0,550,550,1100
LAUNCESTON,2010,9,548,548,1096,0,0,0,548,548,1096
LAUNCESTON,2010,10,522,525,1047,0,0,0,522,525,1047
LAUNCESTON,2010,11,524,525,1049,0,0,0,524,525,1049
LAUNCESTON,2010,12,646,644,1290,0,0,0,646,644,1290
LAUNCESTON,2011,1,639,635,1274,0,0,0,639,635,1274
LAUNCESTON,2011,2,548,545,1093,0,0,0,548,545,1093
LAUNCESTON,2011,3,587,582,1169,0,0,0,587,582,1169
LAUNCESTON,2011,4,500,494,994,0,0,0,500,494,994
LAUNCESTON,2011,5,481,479,960,0,0,0,481,479,960
LAUNCESTON,2011,6,429,428,857,0,0,0,429,428,857
LAUNCESTON,2011,7,513,513,1026,0,0,0,513,513,1026
LAUNCESTON,2011,8,512,512,1024,0,0,0,512,512,1024
LAUNCESTON,2011,9,511,512,1023,0,0,0,511,512,1023
LAUNCESTON,2011,10,526,509,1035,0,0,0,526,509,1035
LAUNCESTON,2011,11,540,523,1063,0,0,0,540,523,1063
LAUNCESTON,2011,12,600,585,1185,0,0,0,600,585,1185
LAUNCESTON,2012,1,638,620,1258,0,0,0,638,620,1258
LAUNCESTON,2012,2,521,503,1024,0,0,0,521,503,1024
LAUNCESTON,2012,3,548,543,1091,0,0,0,548,543,1091
LAUNCESTON,2012,4,517,510,1027,0,0,0,517,510,1027
LAUNCESTON,2012,5,523,516,1039,0,0,0,523,516,1039
LAUNCESTON,2012,6,498,493,991,0,0,0,498,493,991
LAUNCESTON,2012,7,556,550,1106,0,0,0,556,550,1106
LAUNCESTON,2012,8,552,547,1099,0,0,0,552,547,1099
LAUNCESTON,2012,9,545,542,1087,0,0,0,545,542,1087
LAUNCESTON,2012,10,577,571,1148,0,0,0,577,571,1148
LAUNCESTON,2012,11,643,629,1272,0,0,0,643,629,1272
LAUNCESTON,2012,12,672,665,1337,0,0,0,672,665,1337
LAUNCESTON,2013,1,700,693,1393,0,0,0,700,693,1393
LAUNCESTON,2013,2,585,580,1165,0,0,0,585,580,1165
LAUNCESTON,2013,3,664,658,1322,0,0,0,664,658,1322
LAUNCESTON,2013,4,631,625,1256,0,0,0,631,625,1256
LAUNCESTON,2013,5,587,584,1171,0,0,0,587,584,1171
LAUNCESTON,2013,6,559,551,1110,0,0,0,559,551,1110
LAUNCESTON,2013,7,607,603,1210,0,0,0,607,603,1210
LAUNCESTON,2013,8,587,580,1167,0,0,0,587,580,1167
LAUNCESTON,2013,9,595,591,1186,0,0,0,595,591,1186
LAUNCESTON,2013,10,641,635,1276,0,0,0,641,635,1276
LAUNCESTON,2013,11,638,631,1269,0,0,0,638,631,1269
LAUNCESTON,2013,12,696,691,1387,0,0,0,696,691,1387
LAUNCESTON,2014,1,706,696,1402,0,0,0,706,696,1402
LAUNCESTON,2014,2,570,563,1133,0,0,0,570,563,1133
LAUNCESTON,2014,3,626,620,1246,0,0,0,626,620,1246
LAUNCESTON,2014,4,617,609,1226,0,0,0,617,609,1226
LAUNCESTON,2014,5,601,595,1196,0,0,0,601,595,1196
LAUNCESTON,2014,6,593,587,1180,0,0,0,593,587,1180
LAUNCESTON,2014,7,598,592,1190,0,0,0,598,592,1190
LAUNCESTON,2014,8,573,568,1141,0,0,0,573,568,1141
LAUNCESTON,2014,9,581,577,1158,0,0,0,581,577,1158
LAUNCESTON,2014,10,617,609,1226,0,0,0,617,609,1226
LAUNCESTON,2014,11,617,608,1225,0,0,0,617,608,1225
LAUNCESTON,2014,12,662,656,1318,0,0,0,662,656,1318
LAUNCESTON,2015,1,683,677,1360,0,0,0,683,677,1360
LAUNCESTON,2015,2,557,548,1105,0,0,0,557,548,1105
LAUNCESTON,2015,3,626,622,1248,0,0,0,626,622,1248
LAUNCESTON,2015,4,579,572,1151,0,0,0,579,572,1151
LAUNCESTON,2015,5,577,570,1147,0,0,0,577,570,1147
LAUNCESTON,2015,6,550,543,1093,0,0,0,550,543,1093
LAUNCESTON,2015,7,588,579,1167,0,0,0,588,579,1167
LAUNCESTON,2015,8,560,552,1112,0,0,0,560,552,1112
LAUNCESTON,2015,9,577,569,1146,0,0,0,577,569,1146
LAUNCESTON,2015,10,616,612,1228,0,0,0,616,612,1228
LAUNCESTON,2015,11,651,641,1292,0,0,0,651,641,1292
LAUNCESTON,2015,12,716,709,1425,0,0,0,716,709,1425
LAUNCESTON,2016,1,711,703,1414,0,0,0,711,703,1414
LAUNCESTON,2016,2,601,596,1197,0,0,0,601,596,1197
LAUNCESTON,2016,3,633,627,1260,0,0,0,633,627,1260
LAUNCESTON,2016,4,597,589,1186,0,0,0,597,589,1186
LAUNCESTON,2016,5,560,554,1114,0,0,0,560,554,1114
LAUNCESTON,2016,6,543,535,1078,0,0,0,543,535,1078
LAUNCESTON,2016,7,592,591,1183,0,0,0,592,591,1183
LAUNCESTON,2016,8,555,553,1108,0,0,0,555,553,1108
LAUNCESTON,2016,9,597,587,1184,0,0,0,597,587,1184
LAUNCESTON,2016,10,596,588,1184,0,0,0,596,588,1184
LAUNCESTON,2016,11,635,632,1267,0,0,0,635,632,1267
LAUNCESTON,2016,12,726,719,1445,0,0,0,726,719,1445
LAUNCESTON,2017,1,740,732,1472,0,0,0,740,732,1472
LAUNCESTON,2017,2,607,597,1204,0,0,0,607,597,1204
LAUNCESTON,2017,3,668,658,1326,0,0,0,668,658,1326
LAUNCESTON,2017,4,620,611,1231,0,0,0,620,611,1231
LAUNCESTON,2017,5,581,576,1157,0,0,0,581,576,1157
LAUNCESTON,2017,6,562,553,1115,0,0,0,562,553,1115
LAUNCESTON,2017,7,589,580,1169,0,0,0,589,580,1169
LAUNCESTON,2017,8,539,529,1068,0,0,0,539,529,1068
LAUNCESTON,2017,9,578,570,1148,0,0,0,578,570,1148
LAUNCESTON,2017,10,617,609,1226,0,0,0,617,609,1226
LAUNCESTON,2017,11,644,634,1278,0,0,0,644,634,1278
LAUNCESTON,2017,12,722,710,1432,0,0,0,722,710,1432
LAUNCESTON,2018,1,775,766,1541,0,0,0,775,766,1541
LAUNCESTON,2018,2,619,610,1229,0,0,0,619,610,1229
LAUNCESTON,2018,3,681,672,1353,0,0,0,681,672,1353
LAUNCESTON,2018,4,629,621,1250,0,0,0,629,621,1250
LAUNCESTON,2018,5,563,553,1116,0,0,0,563,553,1116
LAUNCESTON,2018,6,536,525,1061,0,0,0,536,525,1061
LAUNCESTON,2018,7,633,618,1251,0,0,0,633,618,1251
LAUNCESTON,2018,8,569,540,1109,0,0,0,569,540,1109
LAUNCESTON,2018,9,581,570,1151,0,0,0,581,570,1151
LAUNCESTON,2018,10,646,629,1275,0,0,0,646,629,1275
LAUNCESTON,2018,11,660,650,1310,0,0,0,660,650,1310
LAUNCESTON,2018,12,729,723,1452,0,0,0,729,723,1452
LAUNCESTON,2019,1,801,795,1596,0,0,0,801,795,1596
LAUNCESTON,2019,2,643,641,1284,0,0,0,643,641,1284
LAUNCESTON,2019,3,713,712,1425,0,0,0,713,712,1425
LAUNCESTON,2019,4,697,695,1392,0,0,0,697,695,1392
LAUNCESTON,2019,5,609,603,1212,0,0,0,609,603,1212
LAUNCESTON,2019,6,575,564,1139,0,0,0,575,564,1139
LAUNCESTON,2019,7,646,638,1284,0,0,0,646,638,1284
LAUNCESTON,2019,8,553,548,1101,0,0,0,553,548,1101
LAUNCESTON,2019,9,589,587,1176,0,0,0,589,587,1176
LAUNCESTON,2019,10,658,654,1312,0,0,0,658,654,1312
LAUNCESTON,2019,11,639,633,1272,0,0,0,639,633,1272
LAUNCESTON,2019,12,735,726,1461,0,0,0,735,726,1461
LAUNCESTON,2020,1,728,717,1445,0,0,0,728,717,1445
LAUNCESTON,2020,2,625,613,1238,0,0,0,625,613,1238
LAUNCESTON,2020,3,551,546,1097,0,0,0,551,546,1097
LAUNCESTON,2020,4,163,163,326,0,0,0,163,163,326
LAUNCESTON,2020,5,147,146,293,0,0,0,147,146,293
LAUNCESTON,2020,6,166,164,330,0,0,0,166,164,330
LAUNCESTON,2020,7,193,192,385,0,0,0,193,192,385
LAUNCESTON,2020,8,212,206,418,0,0,0,212,206,418
LAUNCESTON,2020,9,233,233,466,0,0,0,233,233,466
LAUNCESTON,2020,10,259,258,517,0,0,0,259,258,517
LAUNCESTON,2020,11,307,304,611,0,0,0,307,304,611
LAUNCESTON,2020,12,544,544,1088,0,0,0,544,544,1088
LAUNCESTON,2021,1,521,520,1041,0,0,0,521,520,1041
LAUNCESTON,2021,2,441,430,871,0,0,0,441,430,871
LAUNCESTON,2021,3,586,581,1167,0,0,0,586,581,1167
LAUNCESTON,2021,4,648,637,1285,0,0,0,648,637,1285
LAUNCESTON,2021,5,537,522,1059,0,0,0,537,522,1059
LAUNCESTON,2021,6,414,397,811,0,0,0,414,397,811
LAUNCESTON,2021,7,445,433,878,0,0,0,445,433,878
LAUNCESTON,2021,8,331,314,645,0,0,0,331,314,645
LAUNCESTON,2021,9,315,300,615,0,0,0,315,300,615
LAUNCESTON,2021,10,318,319,637,0,0,0,318,319,637
LAUNCESTON,2021,11,357,352,709,0,0,0,357,352,709
LAUNCESTON,2021,12,590,587,1177,0,0,0,590,587,1177
LAUNCESTON,2022,1,618,604,1222,0,0,0,618,604,1222
LAUNCESTON,2022,2,418,411,829,0,0,0,418,411,829
LAUNCESTON,2022,3,555,547,1102,0,0,0,555,547,1102
LAUNCESTON,2022,4,672,666,1338,0,0,0,672,666,1338
LAUNCESTON,2022,5,576,563,1139,0,0,0,576,563,1139
LAUNCESTON,2022,6,595,579,1174,0,0,0,595,579,1174
LAUNCESTON,2022,7,575,567,1142,0,0,0,575,567,1142
LAUNCESTON,2022,8,505,488,993,0,0,0,505,488,993
LAUNCESTON,2022,9,535,523,1058,0,0,0,535,523,1058
LAUNCESTON,2022,10,605,595,1200,0,0,0,605,595,1200
LAUNCESTON,2022,11,662,649,1311,0,0,0,662,649,1311
LAUNCESTON,2022,12,736,721,1457,0,0,0,736,721,1457
LAUNCESTON,2023,1,770,758,1528,0,0,0,770,758,1528
LAUNCESTON,2023,2,631,616,1247,0,0,0,631,616,1247
LAUNCESTON,2023,3,713,696,1409,0,0,0,713,696,1409
LAUNCESTON,2023,4,664,648,1312,0,0,0,664,648,1312
LAUNCESTON,2023,5,609,593,1202,0,0,0,609,593,1202
LAUNCESTON,2023,6,582,568,1150,0,0,0,582,568,1150
LAUNCESTON,2023,7,630,620,1250,0,0,0,630,620,1250
LAUNCESTON,2023,8,615,608,1223,0,0,0,615,608,1223
LAUNCESTON,2023,9,618,608,1226,0,0,0,618,608,1226
LAUNCESTON,2023,10,682,671,1353,0,0,0,682,671,1353
LAUNCESTON,2023,11,675,664,1339,0,0,0,675,664,1339
LAUNCESTON,2023,12,753,735,1488,0,0,0,753,735,1488
LAUNCESTON,2024,1,768,767,1535,0,0,0,768,767,1535
LAUNCESTON,2024,2,675,677,1352,0,0,0,675,677,1352
LAUNCESTON,2024,3,726,725,1451,0,0,0,726,725,1451
LAUNCESTON,2024,4,657,657,1314,0,0,0,657,657,1314
LAUNCESTON,2024,5,563,562,1125,0,0,0,563,562,1125
LAUNCESTON,2024,6,522,513,1035,0,0,0,522,513,1035
LAUNCESTON,2024,7,595,588,1183,0,0,0,595,588,1183
LAUNCESTON,2024,8,562,559,1121,0,0,0,562,559,1121
LAUNCESTON,2024,9,587,578,1165,0,0,0,587,578,1165
LAUNCESTON,2024,10,599,591,1190,0,0,0,599,591,1190
LAUNCESTON,2024,11,542,537,1079,0,0,0,542,537,1079
LAUNCESTON,2024,12,634,628,1262,0,0,0,634,628,1262
LAUNCESTON,2025,1,693,686,1379,0,0,0,693,686,1379
LAUNCESTON,2025,2,531,527,1058,0,0,0,531,527,1058
LAUNCESTON,2025,3,599,595,1194,0,0,0,599,595,1194
LAUNCESTON,2025,4,570,566,1136,0,0,0,570,566,1136
LAUNCESTON,2025,5,535,528,1063,0,0,0,535,528,1063
LAUNCESTON,2025,6,514,510,1024,0,0,0,514,510,1024
MACKAY,1985,1,304,303,607,0,0,0,304,303,607
MACKAY,1985,2,278,280,558,0,0,0,278,280,558
MACKAY,1985,3,328,333,661,0,0,0,328,333,661
MACKAY,1985,4,320,316,636,0,0,0,320,316,636
MACKAY,1985,5,357,357,714,0,0,0,357,357,714
MACKAY,1985,6,339,342,681,0,0,0,339,342,681
MACKAY,1985,7,396,370,766,0,0,0,396,370,766
MACKAY,1985,8,335,320,655,0,0,0,335,320,655
MACKAY,1985,9,311,325,636,0,0,0,311,325,636
MACKAY,1985,10,318,318,636,0,0,0,318,318,636
MACKAY,1985,11,330,331,661,0,0,0,330,331,661
MACKAY,1985,12,323,320,643,0,0,0,323,320,643
MACKAY,1986,1,319,323,642,0,0,0,319,323,642
MACKAY,1986,2,289,287,576,0,0,0,289,287,576
MACKAY,1986,3,337,339,676,0,0,0,337,339,676
MACKAY,1986,4,359,362,721,0,0,0,359,362,721
MACKAY,1986,5,402,386,788,0,0,0,402,386,788
MACKAY,1986,6,356,353,709,0,0,0,356,353,709
MACKAY,1986,7,357,363,720,0,0,0,357,363,720
MACKAY,1986,8,393,395,788,0,0,0,393,395,788
MACKAY,1986,9,395,394,789,0,0,0,395,394,789
MACKAY,1986,10,386,388,774,0,0,0,386,388,774
MACKAY,1986,11,364,365,729,0,0,0,364,365,729
MACKAY,1986,12,354,351,705,0,0,0,354,351,705
MACKAY,1987,1,331,334,665,0,0,0,331,334,665
MACKAY,1987,2,293,295,588,0,0,0,293,295,588
MACKAY,1987,3,352,348,700,0,0,0,352,348,700
MACKAY,1987,4,341,340,681,0,0,0,341,340,681
MACKAY,1987,5,349,348,697,0,0,0,349,348,697
MACKAY,1987,6,340,338,678,0,0,0,340,338,678
MACKAY,1987,7,386,388,774,0,0,0,386,388,774
MACKAY,1987,8,373,376,749,0,0,0,373,376,749
MACKAY,1987,9,361,359,720,0,0,0,361,359,720
MACKAY,1987,10,363,364,727,0,0,0,363,364,727
MACKAY,1987,11,370,370,740,0,0,0,370,370,740
MACKAY,1987,12,362,364,726,0,0,0,362,364,726
MACKAY,1988,1,363,365,728,0,0,0,363,365,728
MACKAY,1988,2,332,333,665,0,0,0,332,333,665
MACKAY,1988,3,417,416,833,0,0,0,417,416,833
MACKAY,1988,4,473,474,947,0,0,0,473,474,947
MACKAY,1988,5,428,433,861,0,0,0,428,433,861
MACKAY,1988,6,429,426,855,0,0,0,429,426,855
MACKAY,1988,7,451,450,901,0,0,0,451,450,901
MACKAY,1988,8,428,426,854,0,0,0,428,426,854
MACKAY,1988,9,465,449,914,0,0,0,465,449,914
MACKAY,1988,10,471,496,967,0,0,0,471,496,967
MACKAY,1988,11,418,424,842,0,0,0,418,424,842
MACKAY,1988,12,411,411,822,0,0,0,411,411,822
MACKAY,1989,1,397,396,793,0,0,0,397,396,793
MACKAY,1989,2,368,362,730,0,0,0,368,362,730
MACKAY,1989,3,424,423,847,0,0,0,424,423,847
MACKAY,1989,4,407,408,815,0,0,0,407,408,815
MACKAY,1989,5,435,463,898,0,0,0,435,463,898
MACKAY,1989,6,463,504,967,0,0,0,463,504,967
MACKAY,1989,7,437,442,879,0,0,0,437,442,879
MACKAY,1989,8,391,392,783,0,0,0,391,392,783
MACKAY,1989,9,256,264,520,0,0,0,256,264,520
MACKAY,1989,10,291,289,580,0,0,0,291,289,580
MACKAY,1989,11,302,304,606,0,0,0,302,304,606
MACKAY,1989,12,303,300,603,0,0,0,303,300,603
MACKAY,1990,1,293,295,588,0,0,0,293,295,588
MACKAY,1990,2,281,282,563,0,0,0,281,282,563
MACKAY,1990,3,283,287,570,0,0,0,283,287,570
MACKAY,1990,4,264,265,529,0,0,0,264,265,529
MACKAY,1990,5,305,304,609,0,0,0,305,304,609
MACKAY,1990,6,316,319,635,0,0,0,316,319,635
MACKAY,1990,7,327,325,652,0,0,0,327,325,652
MACKAY,1990,8,341,342,683,0,0,0,341,342,683
MACKAY,1990,9,346,348,694,0,0,0,346,348,694
MACKAY,1990,10,392,393,785,0,0,0,392,393,785
MACKAY,1990,11,389,388,777,0,0,0,389,388,777
MACKAY,1990,12,324,320,644,0,0,0,324,320,644
MACKAY,1991,1,411,408,819,0,0,0,411,408,819
MACKAY,1991,2,375,372,747,0,0,0,375,372,747
MACKAY,1991,3,421,422,843,0,0,0,421,422,843
MACKAY,1991,4,396,391,787,0,0,0,396,391,787
MACKAY,1991,5,403,407,810,0,0,0,403,407,810
MACKAY,1991,6,388,388,776,0,0,0,388,388,776
MACKAY,1991,7,420,423,843,0,0,0,420,423,843
MACKAY,1991,8,436,437,873,0,0,0,436,437,873
MACKAY,1991,9,427,427,854,0,0,0,427,427,854
MACKAY,1991,10,446,447,893,0,0,0,446,447,893
MACKAY,1991,11,422,423,845,0,0,0,422,423,845
MACKAY,1991,12,426,426,852,0,0,0,426,426,852
MACKAY,1992,1,425,424,849,0,0,0,425,424,849
MACKAY,1992,2,393,393,786,0,0,0,393,393,786
MACKAY,1992,3,375,374,749,0,0,0,375,374,749
MACKAY,1992,4,388,387,775,0,0,0,388,387,775
MACKAY,1992,5,392,391,783,0,0,0,392,391,783
MACKAY,1992,6,382,383,765,0,0,0,382,383,765
MACKAY,1992,7,443,444,887,0,0,0,443,444,887
MACKAY,1992,8,438,438,876,0,0,0,438,438,876
MACKAY,1992,9,443,445,888,0,0,0,443,445,888
MACKAY,1992,10,441,444,885,0,0,0,441,444,885
MACKAY,1992,11,422,421,843,0,0,0,422,421,843
MACKAY,1992,12,442,442,884,0,0,0,442,442,884
MACKAY,1993,1,441,437,878,0,0,0,441,437,878
MACKAY,1993,2,391,389,780,0,0,0,391,389,780
MACKAY,1993,3,453,454,907,0,0,0,453,454,907
MACKAY,1993,4,456,455,911,0,0,0,456,455,911
MACKAY,1993,5,451,457,908,0,0,0,451,457,908
MACKAY,1993,6,454,453,907,0,0,0,454,453,907
MACKAY,1993,7,466,467,933,0,0,0,466,467,933
MACKAY,1993,8,478,477,955,0,0,0,478,477,955
MACKAY,1993,9,479,479,958,0,0,0,479,479,958
MACKAY,1993,10,487,486,973,0,0,0,487,486,973
MACKAY,1993,11,455,454,909,0,0,0,455,454,909
MACKAY,1993,12,470,470,940,0,0,0,470,470,940
MACKAY,1994,1,472,471,943,0,0,0,472,471,943
MACKAY,1994,2,428,428,856,0,0,0,428,428,856
MACKAY,1994,3,477,477,954,0,0,0,477,477,954
MACKAY,1994,4,457,458,915,0,0,0,457,458,915
MACKAY,1994,5,475,474,949,0,0,0,475,474,949
MACKAY,1994,6,454,455,909,0,0,0,454,455,909
MACKAY,1994,7,493,490,983,0,0,0,493,490,983
MACKAY,1994,8,494,495,989,0,0,0,494,495,989
MACKAY,1994,9,479,481,960,0,0,0,479,481,960
MACKAY,1994,10,508,508,1016,0,0,0,508,508,1016
MACKAY,1994,11,482,481,963,0,0,0,482,481,963
MACKAY,1994,12,486,488,974,0,0,0,486,488,974
MACKAY,1995,1,495,493,988,0,0,0,495,493,988
MACKAY,1995,2,438,439,877,0,0,0,438,439,877
MACKAY,1995,3,517,517,1034,0,0,0,517,517,1034
MACKAY,1995,4,519,518,1037,0,0,0,519,518,1037
MACKAY,1995,5,523,523,1046,0,0,0,523,523,1046
MACKAY,1995,6,515,515,1030,0,0,0,515,515,1030
MACKAY,1995,7,538,536,1074,0,0,0,538,536,1074
MACKAY,1995,8,523,526,1049,0,0,0,523,526,1049
MACKAY,1995,9,527,526,1053,0,0,0,527,526,1053
MACKAY,1995,10,535,533,1068,0,0,0,535,533,1068
MACKAY,1995,11,526,525,1051,0,0,0,526,525,1051
MACKAY,1995,12,522,526,1048,0,0,0,522,526,1048
MACKAY,1996,1,529,526,1055,0,0,0,529,526,1055
MACKAY,1996,2,497,497,994,0,0,0,497,497,994
MACKAY,1996,3,534,534,1068,0,0,0,534,534,1068
MACKAY,1996,4,511,514,1025,0,0,0,511,514,1025
MACKAY,1996,5,506,504,1010,0,0,0,506,504,1010
MACKAY,1996,6,483,481,964,0,0,0,483,481,964
MACKAY,1996,7,523,522,1045,0,0,0,523,522,1045
MACKAY,1996,8,532,533,1065,0,0,0,532,533,1065
MACKAY,1996,9,529,528,1057,0,0,0,529,528,1057
MACKAY,1996,10,555,555,1110,0,0,0,555,555,1110
MACKAY,1996,11,541,539,1080,0,0,0,541,539,1080
MACKAY,1996,12,530,530,1060,0,0,0,530,530,1060
MACKAY,1997,1,531,532,1063,0,0,0,531,532,1063
MACKAY,1997,2,482,485,967,0,0,0,482,485,967
MACKAY,1997,3,520,519,1039,0,0,0,520,519,1039
MACKAY,1997,4,497,497,994,0,0,0,497,497,994
MACKAY,1997,5,521,525,1046,0,0,0,521,525,1046
MACKAY,1997,6,515,513,1028,0,0,0,515,513,1028
MACKAY,1997,7,526,528,1054,0,0,0,526,528,1054
MACKAY,1997,8,491,490,981,0,0,0,491,490,981
MACKAY,1997,9,520,521,1041,0,0,0,520,521,1041
MACKAY,1997,10,509,512,1021,0,0,0,509,512,1021
MACKAY,1997,11,508,510,1018,0,0,0,508,510,1018
MACKAY,1997,12,525,525,1050,0,0,0,525,525,1050
MACKAY,1998,1,513,514,1027,0,0,0,513,514,1027
MACKAY,1998,2,426,424,850,0,0,0,426,424,850
MACKAY,1998,3,480,480,960,0,0,0,480,480,960
MACKAY,1998,4,505,504,1009,0,0,0,505,504,1009
MACKAY,1998,5,503,503,1006,0,0,0,503,503,1006
MACKAY,1998,6,491,492,983,0,0,0,491,492,983
MACKAY,1998,7,523,523,1046,0,0,0,523,523,1046
MACKAY,1998,8,515,514,1029,0,0,0,515,514,1029
MACKAY,1998,9,520,519,1039,0,0,0,520,519,1039
MACKAY,1998,10,541,541,1082,0,0,0,541,541,1082
MACKAY,1998,11,528,526,1054,0,0,0,528,526,1054
MACKAY,1998,12,521,522,1043,0,0,0,521,522,1043
MACKAY,1999,1,484,484,968,0,0,0,484,484,968
MACKAY,1999,2,440,440,880,0,0,0,440,440,880
MACKAY,1999,3,502,503,1005,0,0,0,502,503,1005
MACKAY,1999,4,515,514,1029,0,0,0,515,514,1029
MACKAY,1999,5,532,532,1064,0,0,0,532,532,1064
MACKAY,1999,6,523,520,1043,0,0,0,523,520,1043
MACKAY,1999,7,535,535,1070,0,0,0,535,535,1070
MACKAY,1999,8,530,527,1057,0,0,0,530,527,1057
MACKAY,1999,9,519,531,1050,0,0,0,519,531,1050
MACKAY,1999,10,530,531,1061,0,0,0,530,531,1061
MACKAY,1999,11,520,520,1040,0,0,0,520,520,1040
MACKAY,1999,12,514,515,1029,0,0,0,514,515,1029
MACKAY,2000,1,458,458,916,0,0,0,458,458,916
MACKAY,2000,2,472,479,951,0,0,0,472,479,951
MACKAY,2000,3,552,559,1111,0,0,0,552,559,1111
MACKAY,2000,4,495,492,987,0,0,0,495,492,987
MACKAY,2000,5,554,556,1110,0,0,0,554,556,1110
MACKAY,2000,6,548,550,1098,0,0,0,548,550,1098
MACKAY,2000,7,559,562,1121,0,0,0,559,562,1121
MACKAY,2000,8,565,571,1136,0,0,0,565,571,1136
MACKAY,2000,9,542,544,1086,0,0,0,542,544,1086
MACKAY,2000,10,592,591,1183,0,0,0,592,591,1183
MACKAY,2000,11,553,548,1101,0,0,0,553,548,1101
MACKAY,2000,12,538,540,1078,0,0,0,538,540,1078
MACKAY,2001,1,516,517,1033,0,0,0,516,517,1033
MACKAY,2001,2,527,525,1052,0,0,0,527,525,1052
MACKAY,2001,3,608,611,1219,0,0,0,608,611,1219
MACKAY,2001,4,588,589,1177,0,0,0,588,589,1177
MACKAY,2001,5,639,638,1277,0,0,0,639,638,1277
MACKAY,2001,6,556,556,1112,0,0,0,556,556,1112
MACKAY,2001,7,494,498,992,0,0,0,494,498,992
MACKAY,2001,8,473,470,943,0,0,0,473,470,943
MACKAY,2001,9,439,440,879,0,0,0,439,440,879
MACKAY,2001,10,442,451,893,0,0,0,442,451,893
MACKAY,2001,11,459,459,918,0,0,0,459,459,918
MACKAY,2001,12,433,431,864,0,0,0,433,431,864
MACKAY,2002,1,426,426,852,0,0,0,426,426,852
MACKAY,2002,2,398,400,798,0,0,0,398,400,798
MACKAY,2002,3,416,416,832,0,0,0,416,416,832
MACKAY,2002,4,407,407,814,0,0,0,407,407,814
MACKAY,2002,5,422,424,846,0,0,0,422,424,846
MACKAY,2002,6,400,400,800,0,0,0,400,400,800
MACKAY,2002,7,429,429,858,0,0,0,429,429,858
MACKAY,2002,8,430,431,861,0,0,0,430,431,861
MACKAY,2002,9,417,418,835,0,0,0,417,418,835
MACKAY,2002,10,436,437,873,0,0,0,436,437,873
MACKAY,2002,11,372,372,744,0,0,0,372,372,744
MACKAY,2002,12,381,382,763,0,0,0,381,382,763
MACKAY,2003,1,381,381,762,0,0,0,381,381,762
MACKAY,2003,2,342,341,683,0,0,0,342,341,683
MACKAY,2003,3,313,314,627,0,0,0,313,314,627
MACKAY,2003,4,318,318,636,0,0,0,318,318,636
MACKAY,2003,5,337,336,673,0,0,0,337,336,673
MACKAY,2003,6,324,324,648,0,0,0,324,324,648
MACKAY,2003,7,334,334,668,0,0,0,334,334,668
MACKAY,2003,8,306,307,613,0,0,0,306,307,613
MACKAY,2003,9,296,296,592,0,0,0,296,296,592
MACKAY,2003,10,305,305,610,0,0,0,305,305,610
MACKAY,2003,11,294,294,588,0,0,0,294,294,588
MACKAY,2003,12,300,300,600,0,0,0,300,300,600
MACKAY,2004,1,339,328,667,0,0,0,339,328,667
MACKAY,2004,2,316,304,620,0,0,0,316,304,620
MACKAY,2004,3,343,329,672,0,0,0,343,329,672
MACKAY,2004,4,323,309,632,0,0,0,323,309,632
MACKAY,2004,5,342,334,676,0,0,0,342,334,676
MACKAY,2004,6,344,344,688,0,0,0,344,344,688
MACKAY,2004,7,366,365,731,0,0,0,366,365,731
MACKAY,2004,8,375,375,750,0,0,0,375,375,750
MACKAY,2004,9,366,366,732,0,0,0,366,366,732
MACKAY,2004,10,376,374,750,0,0,0,376,374,750
MACKAY,2004,11,369,367,736,0,0,0,369,367,736
MACKAY,2004,12,401,396,797,0,0,0,401,396,797
MACKAY,2005,1,380,380,760,0,0,0,380,380,760
MACKAY,2005,2,357,357,714,0,0,0,357,357,714
MACKAY,2005,3,391,390,781,0,0,0,391,390,781
MACKAY,2005,4,382,380,762,0,0,0,382,380,762
MACKAY,2005,5,403,398,801,0,0,0,403,398,801
MACKAY,2005,6,390,389,779,0,0,0,390,389,779
MACKAY,2005,7,404,402,806,0,0,0,404,402,806
MACKAY,2005,8,404,403,807,0,0,0,404,403,807
MACKAY,2005,9,395,394,789,0,0,0,395,394,789
MACKAY,2005,10,402,400,802,0,0,0,402,400,802
MACKAY,2005,11,387,386,773,0,0,0,387,386,773
MACKAY,2005,12,392,385,777,0,0,0,392,385,777
MACKAY,2006,1,386,386,772,0,0,0,386,386,772
MACKAY,2006,2,348,346,694,0,0,0,348,346,694
MACKAY,2006,3,389,387,776,0,0,0,389,387,776
MACKAY,2006,4,389,384,773,0,0,0,389,384,773
MACKAY,2006,5,435,435,870,0,0,0,435,435,870
MACKAY,2006,6,417,415,832,0,0,0,417,415,832
MACKAY,2006,7,433,431,864,0,0,0,433,431,864
MACKAY,2006,8,437,431,868,0,0,0,437,431,868
MACKAY,2006,9,420,412,832,0,0,0,420,412,832
MACKAY,2006,10,431,425,856,0,0,0,431,425,856
MACKAY,2006,11,422,418,840,0,0,0,422,418,840
MACKAY,2006,12,418,415,833,0,0,0,418,415,833
MACKAY,2007,1,422,420,842,0,0,0,422,420,842
MACKAY,2007,2,393,386,779,0,0,0,393,386,779
MACKAY,2007,3,432,424,856,0,0,0,432,424,856
MACKAY,2007,4,415,408,823,0,0,0,415,408,823
MACKAY,2007,5,444,434,878,0,0,0,444,434,878
MACKAY,2007,6,428,416,844,0,0,0,428,416,844
MACKAY,2007,7,442,437,879,0,0,0,442,437,879
MACKAY,2007,8,450,436,886,0,0,0,450,436,886
MACKAY,2007,9,426,414,840,0,0,0,426,414,840
MACKAY,2007,10,444,432,876,0,0,0,444,432,876
MACKAY,2007,11,452,440,892,0,0,0,452,440,892
MACKAY,2007,12,468,461,929,0,0,0,468,461,929
MACKAY,2008,1,472,465,937,0,0,0,472,465,937
MACKAY,2008,2,435,423,858,0,0,0,435,423,858
MACKAY,2008,3,443,429,872,0,0,0,443,429,872
MACKAY,2008,4,455,436,891,0,0,0,455,436,891
MACKAY,2008,5,491,461,952,0,0,0,491,461,952
MACKAY,2008,6,489,464,953,0,0,0,489,464,953
MACKAY,2008,7,539,511,1050,0,0,0,539,511,1050
MACKAY,2008,8,534,504,1038,0,0,0,534,504,1038
MACKAY,2008,9,512,493,1005,0,0,0,512,493,1005
MACKAY,2008,10,531,526,1057,0,0,0,531,526,1057
MACKAY,2008,11,511,502,1013,0,0,0,511,502,1013
MACKAY,2008,12,517,508,1025,0,0,0,517,508,1025
MACKAY,2009,1,502,496,998,0,0,0,502,496,998
MACKAY,2009,2,460,451,911,0,0,0,460,451,911
MACKAY,2009,3,494,486,980,0,0,0,494,486,980
MACKAY,2009,4,497,490,987,0,0,0,497,490,987
MACKAY,2009,5,502,493,995,0,0,0,502,493,995
MACKAY,2009,6,494,494,988,0,0,0,494,494,988
MACKAY,2009,7,522,520,1042,0,0,0,522,520,1042
MACKAY,2009,8,493,494,987,0,0,0,493,494,987
MACKAY,2009,9,499,499,998,0,0,0,499,499,998
MACKAY,2009,10,585,583,1168,0,0,0,585,583,1168
MACKAY,2009,11,583,582,1165,0,0,0,583,582,1165
MACKAY,2009,12,579,574,1153,0,0,0,579,574,1153
MACKAY,2010,1,578,578,1156,0,0,0,578,578,1156
MACKAY,2010,2,532,531,1063,0,0,0,532,531,1063
MACKAY,2010,3,578,580,1158,0,0,0,578,580,1158
MACKAY,2010,4,593,589,1182,0,0,0,593,589,1182
MACKAY,2010,5,631,631,1262,0,0,0,631,631,1262
MACKAY,2010,6,620,619,1239,0,0,0,620,619,1239
MACKAY,2010,7,665,666,1331,0,0,0,665,666,1331
MACKAY,2010,8,622,622,1244,0,0,0,622,622,1244
MACKAY,2010,9,620,619,1239,0,0,0,620,619,1239
MACKAY,2010,10,658,657,1315,0,0,0,658,657,1315
MACKAY,2010,11,644,642,1286,0,0,0,644,642,1286
MACKAY,2010,12,630,627,1257,0,0,0,630,627,1257
MACKAY,2011,1,604,602,1206,0,0,0,604,602,1206
MACKAY,2011,2,560,561,1121,0,0,0,560,561,1121
MACKAY,2011,3,633,630,1263,0,0,0,633,630,1263
MACKAY,2011,4,602,602,1204,0,0,0,602,602,1204
MACKAY,2011,5,630,627,1257,0,0,0,630,627,1257
MACKAY,2011,6,612,610,1222,0,0,0,612,610,1222
MACKAY,2011,7,652,650,1302,0,0,0,652,650,1302
MACKAY,2011,8,660,660,1320,0,0,0,660,660,1320
MACKAY,2011,9,631,630,1261,0,0,0,631,630,1261
MACKAY,2011,10,624,615,1239,0,0,0,624,615,1239
MACKAY,2011,11,589,593,1182,0,0,0,589,593,1182
MACKAY,2011,12,586,582,1168,0,0,0,586,582,1168
MACKAY,2012,1,576,578,1154,0,0,0,576,578,1154
MACKAY,2012,2,572,569,1141,0,0,0,572,569,1141
MACKAY,2012,3,612,615,1227,0,0,0,612,615,1227
MACKAY,2012,4,592,592,1184,0,0,0,592,592,1184
MACKAY,2012,5,628,628,1256,0,0,0,628,628,1256
MACKAY,2012,6,602,608,1210,0,0,0,602,608,1210
MACKAY,2012,7,617,616,1233,0,0,0,617,616,1233
MACKAY,2012,8,631,627,1258,0,0,0,631,627,1258
MACKAY,2012,9,599,599,1198,0,0,0,599,599,1198
MACKAY,2012,10,631,630,1261,0,0,0,631,630,1261
MACKAY,2012,11,599,593,1192,0,0,0,599,593,1192
MACKAY,2012,12,606,601,1207,0,0,0,606,601,1207
MACKAY,2013,1,640,639,1279,0,0,0,640,639,1279
MACKAY,2013,2,586,590,1176,0,0,0,586,590,1176
MACKAY,2013,3,637,637,1274,0,0,0,637,637,1274
MACKAY,2013,4,636,639,1275,0,0,0,636,639,1275
MACKAY,2013,5,648,646,1294,0,0,0,648,646,1294
MACKAY,2013,6,616,618,1234,0,0,0,616,618,1234
MACKAY,2013,7,663,664,1327,0,0,0,663,664,1327
MACKAY,2013,8,652,651,1303,0,0,0,652,651,1303
MACKAY,2013,9,634,631,1265,0,0,0,634,631,1265
MACKAY,2013,10,662,661,1323,0,0,0,662,661,1323
MACKAY,2013,11,594,594,1188,0,0,0,594,594,1188
MACKAY,2013,12,598,594,1192,0,0,0,598,594,1192
MACKAY,2014,1,575,575,1150,0,0,0,575,575,1150
MACKAY,2014,2,515,514,1029,0,0,0,515,514,1029
MACKAY,2014,3,582,580,1162,0,0,0,582,580,1162
MACKAY,2014,4,545,543,1088,0,0,0,545,543,1088
MACKAY,2014,5,545,547,1092,0,0,0,545,547,1092
MACKAY,2014,6,545,541,1086,0,0,0,545,541,1086
MACKAY,2014,7,600,598,1198,0,0,0,600,598,1198
MACKAY,2014,8,600,597,1197,0,0,0,600,597,1197
MACKAY,2014,9,579,576,1155,0,0,0,579,576,1155
MACKAY,2014,10,610,608,1218,0,0,0,610,608,1218
MACKAY,2014,11,573,573,1146,0,0,0,573,573,1146
MACKAY,2014,12,576,576,1152,0,0,0,576,576,1152
MACKAY,2015,1,564,563,1127,0,0,0,564,563,1127
MACKAY,2015,2,524,521,1045,0,0,0,524,521,1045
MACKAY,2015,3,585,583,1168,0,0,0,585,583,1168
MACKAY,2015,4,526,525,1051,0,0,0,526,525,1051
MACKAY,2015,5,544,541,1085,0,0,0,544,541,1085
MACKAY,2015,6,517,514,1031,0,0,0,517,514,1031
MACKAY,2015,7,549,543,1092,0,0,0,549,543,1092
MACKAY,2015,8,531,533,1064,0,0,0,531,533,1064
MACKAY,2015,9,489,490,979,0,0,0,489,490,979
MACKAY,2015,10,498,498,996,0,0,0,498,498,996
MACKAY,2015,11,492,489,981,0,0,0,492,489,981
MACKAY,2015,12,478,477,955,0,0,0,478,477,955
MACKAY,2016,1,477,475,952,0,0,0,477,475,952
MACKAY,2016,2,461,461,922,0,0,0,461,461,922
MACKAY,2016,3,493,493,986,0,0,0,493,493,986
MACKAY,2016,4,475,475,950,0,0,0,475,475,950
MACKAY,2016,5,487,484,971,0,0,0,487,484,971
MACKAY,2016,6,468,464,932,0,0,0,468,464,932
MACKAY,2016,7,495,491,986,0,0,0,495,491,986
MACKAY,2016,8,504,506,1010,0,0,0,504,506,1010
MACKAY,2016,9,482,480,962,0,0,0,482,480,962
MACKAY,2016,10,484,486,970,0,0,0,484,486,970
MACKAY,2016,11,451,451,902,0,0,0,451,451,902
MACKAY,2016,12,447,447,894,0,0,0,447,447,894
MACKAY,2017,1,427,425,852,0,0,0,427,425,852
MACKAY,2017,2,403,401,804,0,0,0,403,401,804
MACKAY,2017,3,399,395,794,0,0,0,399,395,794
MACKAY,2017,4,409,411,820,0,0,0,409,411,820
MACKAY,2017,5,434,435,869,0,0,0,434,435,869
MACKAY,2017,6,423,419,842,0,0,0,423,419,842
MACKAY,2017,7,432,433,865,0,0,0,432,433,865
MACKAY,2017,8,444,444,888,0,0,0,444,444,888
MACKAY,2017,9,433,434,867,0,0,0,433,434,867
MACKAY,2017,10,440,440,880,0,0,0,440,440,880
MACKAY,2017,11,418,416,834,0,0,0,418,416,834
MACKAY,2017,12,410,409,819,0,0,0,410,409,819
MACKAY,2018,1,424,426,850,0,0,0,424,426,850
MACKAY,2018,2,381,381,762,0,0,0,381,381,762
MACKAY,2018,3,428,427,855,0,0,0,428,427,855
MACKAY,2018,4,417,415,832,0,0,0,417,415,832
MACKAY,2018,5,444,441,885,0,0,0,444,441,885
MACKAY,2018,6,421,419,840,0,0,0,421,419,840
MACKAY,2018,7,470,463,933,0,0,0,470,463,933
MACKAY,2018,8,448,448,896,0,0,0,448,448,896
MACKAY,2018,9,423,419,842,0,0,0,423,419,842
MACKAY,2018,10,443,443,886,0,0,0,443,443,886
MACKAY,2018,11,440,438,878,0,0,0,440,438,878
MACKAY,2018,12,436,437,873,0,0,0,436,437,873
MACKAY,2019,1,455,455,910,0,0,0,455,455,910
MACKAY,2019,2,417,417,834,0,0,0,417,417,834
MACKAY,2019,3,451,450,901,0,0,0,451,450,901
MACKAY,2019,4,453,455,908,0,0,0,453,455,908
MACKAY,2019,5,489,488,977,0,0,0,489,488,977
MACKAY,2019,6,459,456,915,0,0,0,459,456,915
MACKAY,2019,7,483,481,964,0,0,0,483,481,964
MACKAY,2019,8,468,469,937,0,0,0,468,469,937
MACKAY,2019,9,475,476,951,0,0,0,475,476,951
MACKAY,2019,10,493,492,985,0,0,0,493,492,985
MACKAY,2019,11,462,462,924,0,0,0,462,462,924
MACKAY,2019,12,462,460,922,0,0,0,462,460,922
MACKAY,2020,1,454,453,907,0,0,0,454,453,907
MACKAY,2020,2,442,443,885,0,0,0,442,443,885
MACKAY,2020,3,421,419,840,0,0,0,421,419,840
MACKAY,2020,4,155,157,312,0,0,0,155,157,312
MACKAY,2020,5,109,107,216,0,0,0,109,107,216
MACKAY,2020,6,157,158,315,0,0,0,157,158,315
MACKAY,2020,7,227,226,453,0,0,0,227,226,453
MACKAY,2020,8,260,258,518,0,0,0,260,258,518
MACKAY,2020,9,280,275,555,0,0,0,280,275,555
MACKAY,2020,10,308,304,612,0,0,0,308,304,612
MACKAY,2020,11,336,332,668,0,0,0,336,332,668
MACKAY,2020,12,364,355,719,0,0,0,364,355,719
MACKAY,2021,1,357,352,709,0,0,0,357,352,709
MACKAY,2021,2,341,337,678,0,0,0,341,337,678
MACKAY,2021,3,402,399,801,0,0,0,402,399,801
MACKAY,2021,4,378,359,737,0,0,0,378,359,737
MACKAY,2021,5,380,379,759,0,0,0,380,379,759
MACKAY,2021,6,393,391,784,0,0,0,393,391,784
MACKAY,2021,7,400,402,802,0,0,0,400,402,802
MACKAY,2021,8,302,303,605,0,0,0,302,303,605
MACKAY,2021,9,386,384,770,0,0,0,386,384,770
MACKAY,2021,10,392,385,777,0,0,0,392,385,777
MACKAY,2021,11,408,407,815,0,0,0,408,407,815
MACKAY,2021,12,435,434,869,0,0,0,435,434,869
MACKAY,2022,1,372,370,742,0,0,0,372,370,742
MACKAY,2022,2,318,316,634,0,0,0,318,316,634
MACKAY,2022,3,431,430,861,0,0,0,431,430,861
MACKAY,2022,4,413,412,825,0,0,0,413,412,825
MACKAY,2022,5,456,451,907,0,0,0,456,451,907
MACKAY,2022,6,440,439,879,0,0,0,440,439,879
MACKAY,2022,7,420,417,837,0,0,0,420,417,837
MACKAY,2022,8,428,428,856,0,0,0,428,428,856
MACKAY,2022,9,411,414,825,0,0,0,411,414,825
MACKAY,2022,10,427,436,863,0,0,0,427,436,863
MACKAY,2022,11,432,443,875,0,0,0,432,443,875
MACKAY,2022,12,438,441,879,0,0,0,438,441,879
MACKAY,2023,1,435,434,869,0,0,0,435,434,869
MACKAY,2023,2,414,411,825,0,0,0,414,411,825
MACKAY,2023,3,470,456,926,0,0,0,470,456,926
MACKAY,2023,4,433,429,862,0,0,0,433,429,862
MACKAY,2023,5,464,461,925,0,0,0,464,461,925
MACKAY,2023,6,446,444,890,0,0,0,446,444,890
MACKAY,2023,7,458,450,908,0,0,0,458,450,908
MACKAY,2023,8,470,462,932,0,0,0,470,462,932
MACKAY,2023,9,439,438,877,0,0,0,439,438,877
MACKAY,2023,10,471,463,934,0,0,0,471,463,934
MACKAY,2023,11,507,504,1011,0,0,0,507,504,1011
MACKAY,2023,12,494,492,986,0,0,0,494,492,986
MACKAY,2024,1,452,451,903,0,0,0,452,451,903
MACKAY,2024,2,447,441,888,0,0,0,447,441,888
MACKAY,2024,3,502,498,1000,0,0,0,502,498,1000
MACKAY,2024,4,436,424,860,0,0,0,436,424,860
MACKAY,2024,5,452,434,886,0,0,0,452,434,886
MACKAY,2024,6,416,408,824,0,0,0,416,408,824
MACKAY,2024,7,452,452,904,0,0,0,452,452,904
MACKAY,2024,8,434,433,867,0,0,0,434,433,867
MACKAY,2024,9,438,437,875,0,0,0,438,437,875
MACKAY,2024,10,477,477,954,0,0,0,477,477,954
MACKAY,2024,11,430,429,859,0,0,0,430,429,859
MACKAY,2024,12,416,412,828,0,0,0,416,412,828
MACKAY,2025,1,426,425,851,0,0,0,426,425,851
MACKAY,2025,2,383,380,763,0,0,0,383,380,763
MACKAY,2025,3,406,403,809,0,0,0,406,403,809
MACKAY,2025,4,404,403,807,0,0,0,404,403,807
MACKAY,2025,5,478,472,950,0,0,0,478,472,950
MACKAY,2025,6,454,450,904,0,0,0,454,450,904
MELBOURNE,1985,1,2998,2938,5936,478,468,946,3476,3406,6882
MELBOURNE,1985,2,2653,2649,5302,453,433,886,3106,3082,6188
MELBOURNE,1985,3,2981,3010,5991,475,476,951,3456,3486,6942
MELBOURNE,1985,4,2885,2891,5776,467,459,926,3352,3350,6702
MELBOURNE,1985,5,3168,3188,6356,485,472,957,3653,3660,7313
MELBOURNE,1985,6,2856,2849,5705,466,456,922,3322,3305,6627
MELBOURNE,1985,7,2924,2927,5851,480,455,935,3404,3382,6786
MELBOURNE,1985,8,3228,3192,6420,495,472,967,3723,3664,7387
MELBOURNE,1985,9,3267,3268,6535,469,465,934,3736,3733,7469
MELBOURNE,1985,10,3280,3293,6573,475,473,948,3755,3766,7521
MELBOURNE,1985,11,3093,3135,6228,487,488,975,3580,3623,7203
MELBOURNE,1985,12,3204,3192,6396,508,505,1013,3712,3697,7409
MELBOURNE,1986,1,3108,3109,6217,515,510,1025,3623,3619,7242
MELBOURNE,1986,2,2822,2809,5631,437,434,871,3259,3243,6502
MELBOURNE,1986,3,3049,3043,6092,478,470,948,3527,3513,7040
MELBOURNE,1986,4,3108,3115,6223,508,505,1013,3616,3620,7236
MELBOURNE,1986,5,3252,3248,6500,532,528,1060,3784,3776,7560
MELBOURNE,1986,6,2969,2987,5956,543,537,1080,3512,3524,7036
MELBOURNE,1986,7,2936,2948,5884,549,547,1096,3485,3495,6980
MELBOURNE,1986,8,3185,3189,6374,571,566,1137,3756,3755,7511
MELBOURNE,1986,9,3180,3174,6354,488,500,988,3668,3674,7342
MELBOURNE,1986,10,3119,3113,6232,564,565,1129,3683,3678,7361
MELBOURNE,1986,11,3112,3108,6220,583,576,1159,3695,3684,7379
MELBOURNE,1986,12,3231,3227,6458,591,591,1182,3822,3818,7640
MELBOURNE,1987,1,3220,3232,6452,588,590,1178,3808,3822,7630
MELBOURNE,1987,2,2870,2887,5757,542,540,1082,3412,3427,6839
MELBOURNE,1987,3,3238,3257,6495,591,589,1180,3829,3846,7675
MELBOURNE,1987,4,3195,3207,6402,550,542,1092,3745,3749,7494
MELBOURNE,1987,5,3077,3095,6172,570,564,1134,3647,3659,7306
MELBOURNE,1987,6,3009,3013,6022,551,541,1092,3560,3554,7114
MELBOURNE,1987,7,3295,3286,6581,584,572,1156,3879,3858,7737
MELBOURNE,1987,8,3184,3181,6365,585,582,1167,3769,3763,7532
MELBOURNE,1987,9,3377,3383,6760,562,554,1116,3939,3937,7876
MELBOURNE,1987,10,3437,3428,6865,570,542,1112,4007,3970,7977
MELBOURNE,1987,11,3238,3244,6482,563,559,1122,3801,3803,7604
MELBOURNE,1987,12,3414,3415,6829,591,597,1188,4005,4012,8017
MELBOURNE,1988,1,3228,3224,6452,603,609,1212,3831,3833,7664
MELBOURNE,1988,2,3041,3038,6079,552,549,1101,3593,3587,7180
MELBOURNE,1988,3,3463,3435,6898,570,572,1142,4033,4007,8040
MELBOURNE,1988,4,3197,3200,6397,574,558,1132,3771,3758,7529
MELBOURNE,1988,5,3312,3317,6629,574,564,1138,3886,3881,7767
MELBOURNE,1988,6,3239,3233,6472,550,542,1092,3789,3775,7564
MELBOURNE,1988,7,3286,3245,6531,570,556,1126,3856,3801,7657
MELBOURNE,1988,8,3484,3444,6928,578,572,1150,4062,4016,8078
MELBOURNE,1988,9,3530,3508,7038,561,547,1108,4091,4055,8146
MELBOURNE,1988,10,3468,3455,6923,615,610,1225,4083,4065,8148
MELBOURNE,1988,11,3453,3410,6863,611,591,1202,4064,4001,8065
MELBOURNE,1988,12,3342,3324,6666,647,632,1279,3989,3956,7945
MELBOURNE,1989,1,3230,3215,6445,659,641,1300,3889,3856,7745
MELBOURNE,1989,2,3108,3088,6196,595,576,1171,3703,3664,7367
MELBOURNE,1989,3,3564,3566,7130,622,612,1234,4186,4178,8364
MELBOURNE,1989,4,3293,3271,6564,594,587,1181,3887,3858,7745
MELBOURNE,1989,5,3510,3512,7022,596,599,1195,4106,4111,8217
MELBOURNE,1989,6,3471,3461,6932,573,573,1146,4044,4034,8078
MELBOURNE,1989,7,3583,3583,7166,579,575,1154,4162,4158,8320
MELBOURNE,1989,8,2619,2615,5234,608,597,1205,3227,3212,6439
MELBOURNE,1989,9,1126,1132,2258,609,595,1204,1735,1727,3462
MELBOURNE,1989,10,1676,1651,3327,640,622,1262,2316,2273,4589
MELBOURNE,1989,11,2267,2222,4489,657,639,1296,2924,2861,5785
MELBOURNE,1989,12,2474,2495,4969,678,671,1349,3152,3166,6318
MELBOURNE,1990,1,2936,2925,5861,679,662,1341,3615,3587,7202
MELBOURNE,1990,2,2808,2794,5602,619,608,1227,3427,3402,6829
MELBOURNE,1990,3,3166,3158,6324,678,668,1346,3844,3826,7670
MELBOURNE,1990,4,3138,3126,6264,652,647,1299,3790,3773,7563
MELBOURNE,1990,5,3355,3332,6687,665,663,1328,4020,3995,8015
MELBOURNE,1990,6,3190,3165,6355,657,650,1307,3847,3815,7662
MELBOURNE,1990,7,3468,3460,6928,693,681,1374,4161,4141,8302
MELBOURNE,1990,8,3429,3399,6828,692,685,1377,4121,4084,8205
MELBOURNE,1990,9,3341,3324,6665,664,663,1327,4005,3987,7992
MELBOURNE,1990,10,3649,3610,7259,684,684,1368,4333,4294,8627
MELBOURNE,1990,11,3638,3625,7263,677,666,1343,4315,4291,8606
MELBOURNE,1990,12,3793,3788,7581,707,698,1405,4500,4486,8986
MELBOURNE,1991,1,3665,3642,7307,693,692,1385,4358,4334,8692
MELBOURNE,1991,2,3397,3396,6793,631,631,1262,4028,4027,8055
MELBOURNE,1991,3,3781,3754,7535,703,703,1406,4484,4457,8941
MELBOURNE,1991,4,3709,3582,7291,606,608,1214,4315,4190,8505
MELBOURNE,1991,5,3756,3750,7506,604,610,1214,4360,4360,8720
MELBOURNE,1991,6,3689,3675,7364,604,605,1209,4293,4280,8573
MELBOURNE,1991,7,4128,4126,8254,623,625,1248,4751,4751,9502
MELBOURNE,1991,8,4073,4048,8121,609,613,1222,4682,4661,9343
MELBOURNE,1991,9,3858,3927,7785,589,597,1186,4447,4524,8971
MELBOURNE,1991,10,4115,4116,8231,626,626,1252,4741,4742,9483
MELBOURNE,1991,11,4081,4045,8126,623,621,1244,4704,4666,9370
MELBOURNE,1991,12,4119,4121,8240,651,648,1299,4770,4769,9539
MELBOURNE,1992,1,3988,3968,7956,651,651,1302,4639,4619,9258
MELBOURNE,1992,2,3609,3606,7215,617,616,1233,4226,4222,8448
MELBOURNE,1992,3,3935,3946,7881,679,678,1357,4614,4624,9238
MELBOURNE,1992,4,3927,3927,7854,622,621,1243,4549,4548,9097
MELBOURNE,1992,5,3969,3994,7963,660,657,1317,4629,4651,9280
MELBOURNE,1992,6,3867,3889,7756,623,622,1245,4490,4511,9001
MELBOURNE,1992,7,4177,4213,8390,620,611,1231,4797,4824,9621
MELBOURNE,1992,8,4099,4129,8228,660,662,1322,4759,4791,9550
MELBOURNE,1992,9,4488,4528,9016,636,640,1276,5124,5168,10292
MELBOURNE,1992,10,4625,4638,9263,685,683,1368,5310,5321,10631
MELBOURNE,1992,11,4441,4447,8888,661,660,1321,5102,5107,10209
MELBOURNE,1992,12,4519,4518,9037,708,714,1422,5227,5232,10459
MELBOURNE,1993,1,4435,4427,8862,696,704,1400,5131,5131,10262
MELBOURNE,1993,2,4137,4128,8265,658,656,1314,4795,4784,9579
MELBOURNE,1993,3,4343,4330,8673,712,710,1422,5055,5040,10095
MELBOURNE,1993,4,4232,4225,8457,668,667,1335,4900,4892,9792
MELBOURNE,1993,5,4242,4247,8489,678,684,1362,4920,4931,9851
MELBOURNE,1993,6,4105,4100,8205,656,660,1316,4761,4760,9521
MELBOURNE,1993,7,4402,4405,8807,690,681,1371,5092,5086,10178
MELBOURNE,1993,8,4287,4278,8565,678,669,1347,4965,4947,9912
MELBOURNE,1993,9,4277,4264,8541,669,660,1329,4946,4924,9870
MELBOURNE,1993,10,4331,4309,8640,702,687,1389,5033,4996,10029
MELBOURNE,1993,11,4182,4183,8365,655,646,1301,4837,4829,9666
MELBOURNE,1993,12,4261,4273,8534,678,668,1346,4939,4941,9880
MELBOURNE,1994,1,4169,4170,8339,673,664,1337,4842,4834,9676
MELBOURNE,1994,2,3927,3925,7852,592,583,1175,4519,4508,9027
MELBOURNE,1994,3,4491,4495,8986,645,639,1284,5136,5134,10270
MELBOURNE,1994,4,4323,4314,8637,594,586,1180,4917,4900,9817
MELBOURNE,1994,5,4478,4493,8971,614,601,1215,5092,5094,10186
MELBOURNE,1994,6,4404,4399,8803,595,598,1193,4999,4997,9996
MELBOURNE,1994,7,4690,4683,9373,630,621,1251,5320,5304,10624
MELBOURNE,1994,8,4651,4654,9305,617,608,1225,5268,5262,10530
MELBOURNE,1994,9,4606,4598,9204,600,589,1189,5206,5187,10393
MELBOURNE,1994,10,4671,4678,9349,618,607,1225,5289,5285,10574
MELBOURNE,1994,11,4589,4608,9197,619,599,1218,5208,5207,10415
MELBOURNE,1994,12,4772,4768,9540,640,631,1271,5412,5399,10811
MELBOURNE,1995,1,4590,4600,9190,640,623,1263,5230,5223,10453
MELBOURNE,1995,2,4370,4369,8739,586,575,1161,4956,4944,9900
MELBOURNE,1995,3,4860,4835,9695,649,633,1282,5509,5468,10977
MELBOURNE,1995,4,4746,4717,9463,628,615,1243,5374,5332,10706
MELBOURNE,1995,5,4887,4878,9765,641,634,1275,5528,5512,11040
MELBOURNE,1995,6,4748,4745,9493,628,611,1239,5376,5356,10732
MELBOURNE,1995,7,4895,4893,9788,659,638,1297,5554,5531,11085
MELBOURNE,1995,8,4817,4825,9642,663,639,1302,5480,5464,10944
MELBOURNE,1995,9,4779,4771,9550,638,625,1263,5417,5396,10813
MELBOURNE,1995,10,5006,4991,9997,660,645,1305,5666,5636,11302
MELBOURNE,1995,11,4857,4856,9713,648,628,1276,5505,5484,10989
MELBOURNE,1995,12,4852,4842,9694,666,654,1320,5518,5496,11014
MELBOURNE,1996,1,4917,4913,9830,671,661,1332,5588,5574,11162
MELBOURNE,1996,2,4750,4728,9478,645,627,1272,5395,5355,10750
MELBOURNE,1996,3,5053,5034,10087,673,657,1330,5726,5691,11417
MELBOURNE,1996,4,4765,4759,9524,649,644,1293,5414,5403,10817
MELBOURNE,1996,5,4984,4960,9944,677,651,1328,5661,5611,11272
MELBOURNE,1996,6,4778,4770,9548,660,638,1298,5438,5408,10846
MELBOURNE,1996,7,5092,5067,10159,704,683,1387,5796,5750,11546
MELBOURNE,1996,8,5091,5067,10158,711,687,1398,5802,5754,11556
MELBOURNE,1996,9,5036,5028,10064,713,690,1403,5749,5718,11467
MELBOURNE,1996,10,5172,5150,10322,733,715,1448,5905,5865,11770
MELBOURNE,1996,11,4892,4837,9729,730,738,1468,5622,5575,11197
MELBOURNE,1996,12,4935,4903,9838,755,767,1522,5690,5670,11360
MELBOURNE,1997,1,4971,4927,9898,748,760,1508,5719,5687,11406
MELBOURNE,1997,2,4627,4584,9211,672,689,1361,5299,5273,10572
MELBOURNE,1997,3,5093,5049,10142,760,774,1534,5853,5823,11676
MELBOURNE,1997,4,5013,4976,9989,712,713,1425,5725,5689,11414
MELBOURNE,1997,5,4961,4917,9878,718,722,1440,5679,5639,11318
MELBOURNE,1997,6,4822,4813,9635,715,707,1422,5537,5520,11057
MELBOURNE,1997,7,5280,5242,10522,753,749,1502,6033,5991,12024
MELBOURNE,1997,8,5124,5093,10217,731,726,1457,5855,5819,11674
MELBOURNE,1997,9,5112,5084,10196,697,691,1388,5809,5775,11584
MELBOURNE,1997,10,5308,5257,10565,727,728,1455,6035,5985,12020
MELBOURNE,1997,11,4949,4917,9866,717,732,1449,5666,5649,11315
MELBOURNE,1997,12,4952,4913,9865,750,762,1512,5702,5675,11377
MELBOURNE,1998,1,4969,4939,9908,744,754,1498,5713,5693,11406
MELBOURNE,1998,2,4641,4614,9255,673,683,1356,5314,5297,10611
MELBOURNE,1998,3,5220,5176,10396,739,751,1490,5959,5927,11886
MELBOURNE,1998,4,4993,4940,9933,707,727,1434,5700,5667,11367
MELBOURNE,1998,5,5090,5033,10123,747,762,1509,5837,5795,11632
MELBOURNE,1998,6,4983,4933,9916,710,730,1440,5693,5663,11356
MELBOURNE,1998,7,5316,5266,10582,738,758,1496,6054,6024,12078
MELBOURNE,1998,8,5196,5145,10341,737,753,1490,5933,5898,11831
MELBOURNE,1998,9,5240,5186,10426,725,746,1471,5965,5932,11897
MELBOURNE,1998,10,5376,5308,10684,769,777,1546,6145,6085,12230
MELBOURNE,1998,11,5083,5048,10131,742,749,1491,5825,5797,11622
MELBOURNE,1998,12,5132,5101,10233,749,762,1511,5881,5863,11744
MELBOURNE,1999,1,5032,4988,10020,740,762,1502,5772,5750,11522
MELBOURNE,1999,2,4759,4707,9466,688,699,1387,5447,5406,10853
MELBOURNE,1999,3,5346,5298,10644,768,787,1555,6114,6085,12199
MELBOURNE,1999,4,5180,5123,10303,758,781,1539,5938,5904,11842
MELBOURNE,1999,5,5262,5200,10462,776,795,1571,6038,5995,12033
MELBOURNE,1999,6,5104,5070,10174,755,780,1535,5859,5850,11709
MELBOURNE,1999,7,5457,5389,10846,786,812,1598,6243,6201,12444
MELBOURNE,1999,8,5407,5361,10768,789,806,1595,6196,6167,12363
MELBOURNE,1999,9,5395,5357,10752,773,780,1553,6168,6137,12305
MELBOURNE,1999,10,5518,5463,10981,804,818,1622,6322,6281,12603
MELBOURNE,1999,11,5241,5208,10449,835,832,1667,6076,6040,12116
MELBOURNE,1999,12,5369,5339,10708,877,878,1755,6246,6217,12463
MELBOURNE,2000,1,5261,5230,10491,897,896,1793,6158,6126,12284
MELBOURNE,2000,2,5120,5093,10213,861,852,1713,5981,5945,11926
MELBOURNE,2000,3,5680,5656,11336,902,904,1806,6582,6560,13142
MELBOURNE,2000,4,5467,5434,10901,869,884,1753,6336,6318,12654
MELBOURNE,2000,5,5685,5652,11337,870,885,1755,6555,6537,13092
MELBOURNE,2000,6,5800,5774,11574,835,856,1691,6635,6630,13265
MELBOURNE,2000,7,6055,6017,12072,894,917,1811,6949,6934,13883
MELBOURNE,2000,8,6195,6151,12346,890,910,1800,7085,7061,14146
MELBOURNE,2000,9,6156,6120,12276,879,898,1777,7035,7018,14053
MELBOURNE,2000,10,6426,6369,12795,903,920,1823,7329,7289,14618
MELBOURNE,2000,11,6207,6209,12416,937,930,1867,7144,7139,14283
MELBOURNE,2000,12,6287,6283,12570,1003,1006,2009,7290,7289,14579
MELBOURNE,2001,1,6388,6369,12757,1023,1027,2050,7411,7396,14807
MELBOURNE,2001,2,6081,6076,12157,933,923,1856,7014,6999,14013
MELBOURNE,2001,3,6899,6896,13795,1028,1018,2046,7927,7914,15841
MELBOURNE,2001,4,6567,6582,13149,986,997,1983,7553,7579,15132
MELBOURNE,2001,5,6568,6565,13133,978,981,1959,7546,7546,15092
MELBOURNE,2001,6,6165,6138,12303,950,963,1913,7115,7101,14216
MELBOURNE,2001,7,6498,6469,12967,974,992,1966,7472,7461,14933
MELBOURNE,2001,8,6528,6488,13016,979,1000,1979,7507,7488,14995
MELBOURNE,2001,9,4789,4749,9538,936,943,1879,5725,5692,11417
MELBOURNE,2001,10,4814,4769,9583,962,982,1944,5776,5751,11527
MELBOURNE,2001,11,5044,5024,10068,914,927,1841,5958,5951,11909
MELBOURNE,2001,12,5320,5295,10615,993,1012,2005,6313,6307,12620
MELBOURNE,2002,1,5192,5168,10360,985,1002,1987,6177,6170,12347
MELBOURNE,2002,2,4818,4800,9618,875,891,1766,5693,5691,11384
MELBOURNE,2002,3,4821,4806,9627,971,991,1962,5792,5797,11589
MELBOURNE,2002,4,4800,4788,9588,831,843,1674,5631,5631,11262
MELBOURNE,2002,5,5041,5016,10057,835,857,1692,5876,5873,11749
MELBOURNE,2002,6,4901,4889,9790,808,820,1628,5709,5709,11418
MELBOURNE,2002,7,5291,5285,10576,906,907,1813,6197,6192,12389
MELBOURNE,2002,8,5225,5227,10452,902,899,1801,6127,6126,12253
MELBOURNE,2002,9,5369,5368,10737,878,875,1753,6247,6243,12490
MELBOURNE,2002,10,5624,5620,11244,895,897,1792,6519,6517,13036
MELBOURNE,2002,11,5220,5223,10443,888,875,1763,6108,6098,12206
MELBOURNE,2002,12,5322,5331,10653,942,925,1867,6264,6256,12520
MELBOURNE,2003,1,5264,5274,10538,931,915,1846,6195,6189,12384
MELBOURNE,2003,2,4800,4812,9612,841,825,1666,5641,5637,11278
MELBOURNE,2003,3,5277,5289,10566,919,917,1836,6196,6206,12402
MELBOURNE,2003,4,5103,5099,10202,853,854,1707,5956,5953,11909
MELBOURNE,2003,5,5317,5298,10615,806,809,1615,6123,6107,12230
MELBOURNE,2003,6,5059,5060,10119,767,768,1535,5826,5828,11654
MELBOURNE,2003,7,5233,5236,10469,836,845,1681,6069,6081,12150
MELBOURNE,2003,8,5164,5167,10331,884,883,1767,6048,6050,12098
MELBOURNE,2003,9,5420,5412,10832,895,901,1796,6315,6313,12628
MELBOURNE,2003,10,5540,5534,11074,952,940,1892,6492,6474,12966
MELBOURNE,2003,11,5415,5411,10826,968,971,1939,6383,6382,12765
MELBOURNE,2003,12,5621,5622,11243,1022,1027,2049,6643,6649,13292
MELBOURNE,2004,1,5713,5714,11427,1046,1050,2096,6759,6764,13523
MELBOURNE,2004,2,5425,5445,10870,969,969,1938,6394,6414,12808
MELBOURNE,2004,3,5895,5919,11814,1052,1050,2102,6947,6969,13916
MELBOURNE,2004,4,5649,5674,11323,1057,1058,2115,6706,6732,13438
MELBOURNE,2004,5,5900,5904,11804,1082,1083,2165,6982,6987,13969
MELBOURNE,2004,6,5925,5941,11866,1051,1054,2105,6976,6995,13971
MELBOURNE,2004,7,6169,6186,12355,1155,1148,2303,7324,7334,14658
MELBOURNE,2004,8,6244,6246,12490,1168,1178,2346,7412,7424,14836
MELBOURNE,2004,9,6202,6209,12411,1163,1166,2329,7365,7375,14740
MELBOURNE,2004,10,6279,6277,12556,1206,1206,2412,7485,7483,14968
MELBOURNE,2004,11,6240,6224,12464,1156,1159,2315,7396,7383,14779
MELBOURNE,2004,12,6332,6349,12681,1230,1225,2455,7562,7574,15136
MELBOURNE,2005,1,6122,6138,12260,1217,1218,2435,7339,7356,14695
MELBOURNE,2005,2,5702,5712,11414,1094,1087,2181,6796,6799,13595
MELBOURNE,2005,3,6315,6335,12650,1165,1164,2329,7480,7499,14979
MELBOURNE,2005,4,6115,6108,12223,1104,1104,2208,7219,7212,14431
MELBOURNE,2005,5,6272,6270,12542,1121,1125,2246,7393,7395,14788
MELBOURNE,2005,6,6140,6128,12268,1081,1084,2165,7221,7212,14433
MELBOURNE,2005,7,6296,6294,12590,1137,1140,2277,7433,7434,14867
MELBOURNE,2005,8,6397,6380,12777,1103,1108,2211,7500,7488,14988
MELBOURNE,2005,9,6351,6335,12686,1075,1083,2158,7426,7418,14844
MELBOURNE,2005,10,6348,6356,12704,1109,1107,2216,7457,7463,14920
MELBOURNE,2005,11,6195,6192,12387,1059,1061,2120,7254,7253,14507
MELBOURNE,2005,12,6349,6370,12719,1105,1105,2210,7454,7475,14929
MELBOURNE,2006,1,6129,6137,12266,1099,1101,2200,7228,7238,14466
MELBOURNE,2006,2,5857,5870,11727,994,994,1988,6851,6864,13715
MELBOURNE,2006,3,6559,6561,13120,1066,1060,2126,7625,7621,15246
MELBOURNE,2006,4,6057,6081,12138,949,953,1902,7006,7034,14040
MELBOURNE,2006,5,6382,6391,12773,963,960,1923,7345,7351,14696
MELBOURNE,2006,6,6165,6170,12335,942,940,1882,7107,7110,14217
MELBOURNE,2006,7,6374,6405,12779,986,982,1968,7360,7387,14747
MELBOURNE,2006,8,6411,6423,12834,984,983,1967,7395,7406,14801
MELBOURNE,2006,9,6361,6383,12744,968,963,1931,7329,7346,14675
MELBOURNE,2006,10,6568,6597,13165,969,969,1938,7537,7566,15103
MELBOURNE,2006,11,6386,6415,12801,1009,1003,2012,7395,7418,14813
MELBOURNE,2006,12,6413,6471,12884,1056,1056,2112,7469,7527,14996
MELBOURNE,2007,1,6217,6241,12458,1055,1056,2111,7272,7297,14569
MELBOURNE,2007,2,5882,5896,11778,972,968,1940,6854,6864,13718
MELBOURNE,2007,3,6546,6575,13121,1053,1048,2101,7599,7623,15222
MELBOURNE,2007,4,6152,6173,12325,974,967,1941,7126,7140,14266
MELBOURNE,2007,5,6451,6484,12935,982,985,1967,7433,7469,14902
MELBOURNE,2007,6,6179,6204,12383,959,958,1917,7138,7162,14300
MELBOURNE,2007,7,6425,6456,12881,997,999,1996,7422,7455,14877
MELBOURNE,2007,8,6538,6566,13104,999,997,1996,7537,7563,15100
MELBOURNE,2007,9,6382,6403,12785,980,977,1957,7362,7380,14742
MELBOURNE,2007,10,6667,6683,13350,1030,1025,2055,7697,7708,15405
MELBOURNE,2007,11,6577,6592,13169,1051,1049,2100,7628,7641,15269
MELBOURNE,2007,12,6766,6807,13573,1077,1075,2152,7843,7882,15725
MELBOURNE,2008,1,6845,6862,13707,1078,1074,2152,7923,7936,15859
MELBOURNE,2008,2,6666,6677,13343,1007,999,2006,7673,7676,15349
MELBOURNE,2008,3,7083,7110,14193,1064,1063,2127,8147,8173,16320
MELBOURNE,2008,4,6939,6951,13890,1050,1046,2096,7989,7997,15986
MELBOURNE,2008,5,7073,7096,14169,1084,1081,2165,8157,8177,16334
MELBOURNE,2008,6,6678,6704,13382,1040,1043,2083,7718,7747,15465
MELBOURNE,2008,7,6988,6996,13984,1094,1094,2188,8082,8090,16172
MELBOURNE,2008,8,6854,6875,13729,1064,1068,2132,7918,7943,15861
MELBOURNE,2008,9,6921,6937,13858,1047,1046,2093,7968,7983,15951
MELBOURNE,2008,10,7263,7265,14528,1100,1096,2196,8363,8361,16724
MELBOURNE,2008,11,6925,6955,13880,1096,1096,2192,8021,8051,16072
MELBOURNE,2008,12,6901,6909,13810,1218,1215,2433,8119,8124,16243
MELBOURNE,2009,1,6716,6720,13436,1222,1220,2442,7938,7940,15878
MELBOURNE,2009,2,6050,6058,12108,1086,1072,2158,7136,7130,14266
MELBOURNE,2009,3,6820,6831,13651,1206,1196,2402,8026,8027,16053
MELBOURNE,2009,4,6662,6660,13322,1159,1160,2319,7821,7820,15641
MELBOURNE,2009,5,6452,6456,12908,1151,1147,2298,7603,7603,15206
MELBOURNE,2009,6,6288,6291,12579,1187,1178,2365,7475,7469,14944
MELBOURNE,2009,7,6712,6721,13433,1261,1255,2516,7973,7976,15949
MELBOURNE,2009,8,6494,6497,12991,1251,1248,2499,7745,7745,15490
MELBOURNE,2009,9,6489,6499,12988,1202,1201,2403,7691,7700,15391
MELBOURNE,2009,10,6859,6863,13722,1253,1247,2500,8112,8110,16222
MELBOURNE,2009,11,6698,6723,13421,1236,1238,2474,7934,7961,15895
MELBOURNE,2009,12,6735,6753,13488,1342,1343,2685,8077,8096,16173
MELBOURNE,2010,1,6737,6750,13487,1371,1364,2735,8108,8114,16222
MELBOURNE,2010,2,6394,6419,12813,1236,1236,2472,7630,7655,15285
MELBOURNE,2010,3,7292,7311,14603,1340,1336,2676,8632,8647,17279
MELBOURNE,2010,4,7174,7199,14373,1238,1233,2471,8412,8432,16844
MELBOURNE,2010,5,7224,7248,14472,1272,1275,2547,8496,8523,17019
MELBOURNE,2010,6,6977,7000,13977,1277,1275,2552,8254,8275,16529
MELBOURNE,2010,7,7515,7525,15040,1366,1359,2725,8881,8884,17765
MELBOURNE,2010,8,7318,7344,14662,1349,1350,2699,8667,8694,17361
MELBOURNE,2010,9,7279,7291,14570,1332,1330,2662,8611,8621,17232
MELBOURNE,2010,10,7477,7510,14987,1369,1371,2740,8846,8881,17727
MELBOURNE,2010,11,7216,7242,14458,1337,1331,2668,8553,8573,17126
MELBOURNE,2010,12,7598,7633,15231,1482,1480,2962,9080,9113,18193
MELBOURNE,2011,1,7429,7445,14874,1515,1511,3026,8944,8956,17900
MELBOURNE,2011,2,6490,6501,12991,1326,1321,2647,7816,7822,15638
MELBOURNE,2011,3,7426,7438,14864,1413,1408,2821,8839,8846,17685
MELBOURNE,2011,4,7150,7181,14331,1384,1378,2762,8534,8559,17093
MELBOURNE,2011,5,7233,7276,14509,1391,1383,2774,8624,8659,17283
MELBOURNE,2011,6,6605,6647,13252,1270,1273,2543,7875,7920,15795
MELBOURNE,2011,7,6996,7036,14032,1440,1435,2875,8436,8471,16907
MELBOURNE,2011,8,7078,7105,14183,1408,1410,2818,8486,8515,17001
MELBOURNE,2011,9,6985,7007,13992,1372,1368,2740,8357,8375,16732
MELBOURNE,2011,10,7114,7141,14255,1410,1412,2822,8524,8553,17077
MELBOURNE,2011,11,7055,7087,14142,1431,1424,2855,8486,8511,16997
MELBOURNE,2011,12,7275,7333,14608,1545,1547,3092,8820,8880,17700
MELBOURNE,2012,1,7163,7194,14357,1581,1579,3160,8744,8773,17517
MELBOURNE,2012,2,6935,6989,13924,1384,1382,2766,8319,8371,16690
MELBOURNE,2012,3,7523,7564,15087,1474,1471,2945,8997,9035,18032
MELBOURNE,2012,4,7253,7266,14519,1439,1447,2886,8692,8713,17405
MELBOURNE,2012,5,7228,7246,14474,1409,1408,2817,8637,8654,17291
MELBOURNE,2012,6,6871,6896,13767,1400,1400,2800,8271,8296,16567
MELBOURNE,2012,7,7710,7736,15446,1506,1501,3007,9216,9237,18453
MELBOURNE,2012,8,7628,7636,15264,1507,1498,3005,9135,9134,18269
MELBOURNE,2012,9,7497,7535,15032,1463,1456,2919,8960,8991,17951
MELBOURNE,2012,10,7753,7776,15529,1512,1511,3023,9265,9287,18552
MELBOURNE,2012,11,7655,7660,15315,1466,1458,2924,9121,9118,18239
MELBOURNE,2012,12,7545,7549,15094,1583,1580,3163,9128,9129,18257
MELBOURNE,2013,1,7465,7458,14923,1599,1593,3192,9064,9051,18115
MELBOURNE,2013,2,6774,6770,13544,1354,1347,2701,8128,8117,16245
MELBOURNE,2013,3,7623,7669,15292,1537,1528,3065,9160,9197,18357
MELBOURNE,2013,4,7485,7502,14987,1501,1495,2996,8986,8997,17983
MELBOURNE,2013,5,7408,7422,14830,1499,1493,2992,8907,8915,17822
MELBOURNE,2013,6,7109,7129,14238,1466,1467,2933,8575,8596,17171
MELBOURNE,2013,7,7902,7892,15794,1620,1616,3236,9522,9508,19030
MELBOURNE,2013,8,7701,7688,15389,1604,1604,3208,9305,9292,18597
MELBOURNE,2013,9,7667,7685,15352,1577,1575,3152,9244,9260,18504
MELBOURNE,2013,10,7965,7972,15937,1661,1655,3316,9626,9627,19253
MELBOURNE,2013,11,7616,7629,15245,1586,1580,3166,9202,9209,18411
MELBOURNE,2013,12,7765,7793,15558,1769,1769,3538,9534,9562,19096
MELBOURNE,2014,1,7618,7623,15241,1797,1787,3584,9415,9410,18825
MELBOURNE,2014,2,6941,6934,13875,1503,1503,3006,8444,8437,16881
MELBOURNE,2014,3,7756,7768,15524,1657,1659,3316,9413,9427,18840
MELBOURNE,2014,4,7609,7627,15236,1641,1649,3290,9250,9276,18526
MELBOURNE,2014,5,7687,7697,15384,1633,1629,3262,9320,9326,18646
MELBOURNE,2014,6,7461,7488,14949,1636,1634,3270,9097,9122,18219
MELBOURNE,2014,7,7961,7978,15939,1780,1775,3555,9741,9753,19494
MELBOURNE,2014,8,7778,7773,15551,1717,1719,3436,9495,9492,18987
MELBOURNE,2014,9,7818,7812,15630,1675,1673,3348,9493,9485,18978
MELBOURNE,2014,10,8179,8173,16352,1706,1705,3411,9885,9878,19763
MELBOURNE,2014,11,7636,7642,15278,1641,1640,3281,9277,9282,18559
MELBOURNE,2014,12,7915,7934,15849,1854,1859,3713,9769,9793,19562
MELBOURNE,2015,1,7761,7753,15514,1901,1894,3795,9662,9647,19309
MELBOURNE,2015,2,7099,7103,14202,1604,1603,3207,8703,8706,17409
MELBOURNE,2015,3,8034,8045,16079,1746,1749,3495,9780,9794,19574
MELBOURNE,2015,4,7830,7842,15672,1714,1724,3438,9544,9566,19110
MELBOURNE,2015,5,7789,7833,15622,1648,1648,3296,9437,9481,18918
MELBOURNE,2015,6,7721,7731,15452,1660,1659,3319,9381,9390,18771
MELBOURNE,2015,7,8306,8303,16609,1815,1810,3625,10121,10113,20234
MELBOURNE,2015,8,8054,8071,16125,1763,1762,3525,9817,9833,19650
MELBOURNE,2015,9,8052,8053,16105,1724,1729,3453,9776,9782,19558
MELBOURNE,2015,10,8304,8300,16604,1822,1813,3635,10126,10113,20239
MELBOURNE,2015,11,7931,7946,15877,1760,1749,3509,9691,9695,19386
MELBOURNE,2015,12,8127,8135,16262,2006,2010,4016,10133,10145,20278
MELBOURNE,2016,1,7858,7868,15726,2056,2049,4105,9914,9917,19831
MELBOURNE,2016,2,7552,7557,15109,1791,1784,3575,9343,9341,18684
MELBOURNE,2016,3,8130,8137,16267,1866,1876,3742,9996,10013,20009
MELBOURNE,2016,4,7868,7889,15757,1796,1792,3588,9664,9681,19345
MELBOURNE,2016,5,7712,7730,15442,1767,1768,3535,9479,9498,18977
MELBOURNE,2016,6,7531,7541,15072,1757,1754,3511,9288,9295,18583
MELBOURNE,2016,7,8284,8332,16616,1914,1908,3822,10198,10240,20438
MELBOURNE,2016,8,8159,8182,16341,1821,1825,3646,9980,10007,19987
MELBOURNE,2016,9,8198,8231,16429,1784,1779,3563,9982,10010,19992
MELBOURNE,2016,10,8254,8264,16518,1873,1864,3737,10127,10128,20255
MELBOURNE,2016,11,7973,7991,15964,1818,1820,3638,9791,9811,19602
MELBOURNE,2016,12,8139,8194,16333,2105,2105,4210,10244,10299,20543
MELBOURNE,2017,1,7996,7998,15994,2137,2130,4267,10133,10128,20261
MELBOURNE,2017,2,7281,7284,14565,1788,1790,3578,9069,9074,18143
MELBOURNE,2017,3,8172,8175,16347,1882,1884,3766,10054,10059,20113
MELBOURNE,2017,4,7793,7815,15608,1882,1883,3765,9675,9698,19373
MELBOURNE,2017,5,7833,7831,15664,1775,1784,3559,9608,9615,19223
MELBOURNE,2017,6,7634,7649,15283,1825,1826,3651,9459,9475,18934
MELBOURNE,2017,7,8281,8303,16584,2042,2042,4084,10323,10345,20668
MELBOURNE,2017,8,8092,8122,16214,1914,1914,3828,10006,10036,20042
MELBOURNE,2017,9,8055,8070,16125,1930,1932,3862,9985,10002,19987
MELBOURNE,2017,10,8327,8363,16690,2018,2017,4035,10345,10380,20725
MELBOURNE,2017,11,8115,8136,16251,1982,1977,3959,10097,10113,20210
MELBOURNE,2017,12,8196,8216,16412,2268,2260,4528,10464,10476,20940
MELBOURNE,2018,1,8094,8104,16198,2303,2306,4609,10397,10410,20807
MELBOURNE,2018,2,7337,7349,14686,1976,1975,3951,9313,9324,18637
MELBOURNE,2018,3,8260,8277,16537,2124,2125,4249,10384,10402,20786
MELBOURNE,2018,4,7961,7980,15941,2077,2082,4159,10038,10062,20100
MELBOURNE,2018,5,7814,7827,15641,2006,2007,4013,9820,9834,19654
MELBOURNE,2018,6,7480,7499,14979,2074,2076,4150,9554,9575,19129
MELBOURNE,2018,7,8197,8235,16432,2272,2276,4548,10469,10511,20980
MELBOURNE,2018,8,7928,7980,15908,2184,2183,4367,10112,10163,20275
MELBOURNE,2018,9,7891,7935,15826,2147,2149,4296,10038,10084,20122
MELBOURNE,2018,10,8426,8451,16877,2224,2216,4440,10650,10667,21317
MELBOURNE,2018,11,7967,7977,15944,2192,2191,4383,10159,10168,20327
MELBOURNE,2018,12,7974,8004,15978,2350,2351,4701,10324,10355,20679
MELBOURNE,2019,1,8105,8120,16225,2384,2374,4758,10489,10494,20983
MELBOURNE,2019,2,7303,7317,14620,2068,2062,4130,9371,9379,18750
MELBOURNE,2019,3,8118,8141,16259,2180,2175,4355,10298,10316,20614
MELBOURNE,2019,4,8007,8013,16020,2130,2132,4262,10137,10145,20282
MELBOURNE,2019,5,7866,7893,15759,2031,2030,4061,9897,9923,19820
MELBOURNE,2019,6,7511,7555,15066,2078,2076,4154,9589,9631,19220
MELBOURNE,2019,7,8327,8354,16681,2249,2242,4491,10576,10596,21172
MELBOURNE,2019,8,7901,7930,15831,2133,2137,4270,10034,10067,20101
MELBOURNE,2019,9,7929,7957,15886,2074,2071,4145,10003,10028,20031
MELBOURNE,2019,10,8396,8428,16824,2143,2135,4278,10539,10563,21102
MELBOURNE,2019,11,7842,7887,15729,2164,2158,4322,10006,10045,20051
MELBOURNE,2019,12,8050,8093,16143,2403,2398,4801,10453,10491,20944
MELBOURNE,2020,1,7760,7773,15533,2454,2454,4908,10214,10227,20441
MELBOURNE,2020,2,7249,7275,14524,1899,1904,3803,9148,9179,18327
MELBOURNE,2020,3,6188,6209,12397,1466,1464,2930,7654,7673,15327
MELBOURNE,2020,4,790,827,1617,295,290,585,1085,1117,2202
MELBOURNE,2020,5,713,736,1449,389,378,767,1102,1114,2216
MELBOURNE,2020,6,985,993,1978,326,332,658,1311,1325,2636
MELBOURNE,2020,7,898,913,1811,367,359,726,1265,1272,2537
MELBOURNE,2020,8,554,559,1113,372,369,741,926,928,1854
MELBOURNE,2020,9,648,652,1300,383,381,764,1031,1033,2064
MELBOURNE,2020,10,648,658,1306,400,404,804,1048,1062,2110
MELBOURNE,2020,11,979,984,1963,429,429,858,1408,1413,2821
MELBOURNE,2020,12,3571,3592,7163,469,464,933,4040,4056,8096
MELBOURNE,2021,1,3195,3207,6402,437,435,872,3632,3642,7274
MELBOURNE,2021,2,2587,2609,5196,368,363,731,2955,2972,5927
MELBOURNE,2021,3,4547,4562,9109,426,425,851,4973,4987,9960
MELBOURNE,2021,4,6238,6282,12520,516,505,1021,6754,6787,13541
MELBOURNE,2021,5,6127,6138,12265,622,617,1239,6749,6755,13504
MELBOURNE,2021,6,2879,2895,5774,521,513,1034,3400,3408,6808
MELBOURNE,2021,7,2964,2958,5922,630,602,1232,3594,3560,7154
MELBOURNE,2021,8,1184,1195,2379,508,499,1007,1692,1694,3386
MELBOURNE,2021,9,981,999,1980,507,507,1014,1488,1506,2994
MELBOURNE,2021,10,980,994,1974,540,538,1078,1520,1532,3052
MELBOURNE,2021,11,2142,2167,4309,576,580,1156,2718,2747,5465
MELBOURNE,2021,12,5360,5415,10775,727,712,1439,6087,6127,12214
MELBOURNE,2022,1,5429,5453,10882,729,718,1447,6158,6171,12329
MELBOURNE,2022,2,4490,4532,9022,722,694,1416,5212,5226,10438
MELBOURNE,2022,3,6453,6483,12936,867,836,1703,7320,7319,14639
MELBOURNE,2022,4,7693,7727,15420,976,964,1940,8669,8691,17360
MELBOURNE,2022,5,7552,7595,15147,1066,1061,2127,8618,8656,17274
MELBOURNE,2022,6,7305,7354,14659,1178,1172,2350,8483,8526,17009
MELBOURNE,2022,7,7122,7134,14256,1401,1393,2794,8523,8527,17050
MELBOURNE,2022,8,6964,6986,13950,1373,1376,2749,8337,8362,16699
MELBOURNE,2022,9,7026,7067,14093,1382,1378,2760,8408,8445,16853
MELBOURNE,2022,10,7190,7205,14395,1464,1456,2920,8654,8661,17315
MELBOURNE,2022,11,7149,7179,14328,1620,1616,3236,8769,8795,17564
MELBOURNE,2022,12,7430,7460,14890,1917,1935,3852,9347,9395,18742
MELBOURNE,2023,1,7499,7537,15036,2022,2016,4038,9521,9553,19074
MELBOURNE,2023,2,6671,6699,13370,1760,1746,3506,8431,8445,16876
MELBOURNE,2023,3,7673,7714,15387,1930,1931,3861,9603,9645,19248
MELBOURNE,2023,4,7555,7597,15152,2035,2035,4070,9590,9632,19222
MELBOURNE,2023,5,7790,7805,15595,1962,1963,3925,9752,9768,19520
MELBOURNE,2023,6,7389,7438,14827,2023,2028,4051,9412,9466,18878
MELBOURNE,2023,7,7699,7724,15423,2234,2228,4462,9933,9952,19885
MELBOURNE,2023,8,7838,7861,15699,2171,2152,4323,10009,10013,20022
MELBOURNE,2023,9,7665,7692,15357,2170,2164,4334,9835,9856,19691
MELBOURNE,2023,10,7912,7957,15869,2198,2194,4392,10110,10151,20261
MELBOURNE,2023,11,7628,7647,15275,2187,2178,4365,9815,9825,19640
MELBOURNE,2023,12,7722,7768,15490,2537,2534,5071,10259,10302,20561
MELBOURNE,2024,1,8014,8040,16054,2603,2606,5209,10617,10646,21263
MELBOURNE,2024,2,7468,7481,14949,2267,2260,4527,9735,9741,19476
MELBOURNE,2024,3,7993,8009,16002,2344,2343,4687,10337,10352,20689
MELBOURNE,2024,4,7956,7980,15936,2208,2211,4419,10164,10191,20355
MELBOURNE,2024,5,7686,7693,15379,2136,2138,4274,9822,9831,19653
MELBOURNE,2024,6,7341,7350,14691,2172,2166,4338,9513,9516,19029
MELBOURNE,2024,7,7892,7901,15793,2365,2358,4723,10257,10259,20516
MELBOURNE,2024,8,7264,7259,14523,2308,2306,4614,9572,9565,19137
MELBOURNE,2024,9,7480,7494,14974,2246,2245,4491,9726,9739,19465
MELBOURNE,2024,10,7685,7693,15378,2295,2289,4584,9980,9982,19962
MELBOURNE,2024,11,7178,7180,14358,2315,2305,4620,9493,9485,18978
MELBOURNE,2024,12,7423,7430,14853,2743,2746,5489,10166,10176,20342
MELBOURNE,2025,1,7468,7478,14946,2878,2877,5755,10346,10355,20701
MELBOURNE,2025,2,6595,6608,13203,2374,2390,4764,8969,8998,17967
MELBOURNE,2025,3,7335,7347,14682,2371,2385,4756,9706,9732,19438
MELBOURNE,2025,4,7633,7635,15268,2360,2372,4732,9993,10007,20000
MELBOURNE,2025,5,7370,7368,14738,2248,2254,4502,9618,9622,19240
MELBOURNE,2025,6,7138,7153,14291,2220,2227,4447,9358,9380,18738
NEWCASTLE,1985,1,412,413,825,0,0,0,412,413,825
NEWCASTLE,1985,2,417,417,834,0,0,0,417,417,834
NEWCASTLE,1985,3,447,451,898,0,0,0,447,451,898
NEWCASTLE,1985,4,419,419,838,0,0,0,419,419,838
NEWCASTLE,1985,5,458,458,916,0,0,0,458,458,916
NEWCASTLE,1985,6,418,418,836,0,0,0,418,418,836
NEWCASTLE,1985,7,415,415,830,0,0,0,415,415,830
NEWCASTLE,1985,8,436,436,872,0,0,0,436,436,872
NEWCASTLE,1985,9,444,444,888,0,0,0,444,444,888
NEWCASTLE,1985,10,475,475,950,0,0,0,475,475,950
NEWCASTLE,1985,11,450,450,900,0,0,0,450,450,900
NEWCASTLE,1985,12,432,432,864,0,0,0,432,432,864
NEWCASTLE,1986,1,380,380,760,0,0,0,380,380,760
NEWCASTLE,1986,2,428,428,856,0,0,0,428,428,856
NEWCASTLE,1986,3,458,457,915,0,0,0,458,457,915
NEWCASTLE,1986,4,391,391,782,0,0,0,391,391,782
NEWCASTLE,1986,5,432,431,863,0,0,0,432,431,863
NEWCASTLE,1986,6,384,385,769,0,0,0,384,385,769
NEWCASTLE,1986,7,399,399,798,0,0,0,399,399,798
NEWCASTLE,1986,8,389,388,777,0,0,0,389,388,777
NEWCASTLE,1986,9,396,396,792,0,0,0,396,396,792
NEWCASTLE,1986,10,390,390,780,0,0,0,390,390,780
NEWCASTLE,1986,11,385,386,771,0,0,0,385,386,771
NEWCASTLE,1986,12,372,373,745,0,0,0,372,373,745
NEWCASTLE,1987,1,327,327,654,0,0,0,327,327,654
NEWCASTLE,1987,2,346,345,691,0,0,0,346,345,691
NEWCASTLE,1987,3,357,357,714,0,0,0,357,357,714
NEWCASTLE,1987,4,334,335,669,0,0,0,334,335,669
NEWCASTLE,1987,5,349,348,697,0,0,0,349,348,697
NEWCASTLE,1987,6,354,354,708,0,0,0,354,354,708
NEWCASTLE,1987,7,366,366,732,0,0,0,366,366,732
NEWCASTLE,1987,8,362,360,722,0,0,0,362,360,722
NEWCASTLE,1987,9,347,345,692,0,0,0,347,345,692
NEWCASTLE,1987,10,344,344,688,0,0,0,344,344,688
NEWCASTLE,1987,11,364,360,724,0,0,0,364,360,724
NEWCASTLE,1987,12,350,350,700,0,0,0,350,350,700
NEWCASTLE,1988,1,295,295,590,0,0,0,295,295,590
NEWCASTLE,1988,2,287,287,574,0,0,0,287,287,574
NEWCASTLE,1988,3,315,315,630,0,0,0,315,315,630
NEWCASTLE,1988,4,285,287,572,0,0,0,285,287,572
NEWCASTLE,1988,5,309,309,618,0,0,0,309,309,618
NEWCASTLE,1988,6,295,295,590,0,0,0,295,295,590
NEWCASTLE,1988,7,313,314,627,0,0,0,313,314,627
NEWCASTLE,1988,8,399,399,798,0,0,0,399,399,798
NEWCASTLE,1988,9,389,389,778,0,0,0,389,389,778
NEWCASTLE,1988,10,393,393,786,0,0,0,393,393,786
NEWCASTLE,1988,11,389,389,778,0,0,0,389,389,778
NEWCASTLE,1988,12,312,312,624,0,0,0,312,312,624
NEWCASTLE,1989,1,258,258,516,0,0,0,258,258,516
NEWCASTLE,1989,2,238,238,476,0,0,0,238,238,476
NEWCASTLE,1989,3,255,254,509,0,0,0,255,254,509
NEWCASTLE,1989,4,197,198,395,0,0,0,197,198,395
NEWCASTLE,1989,5,210,209,419,0,0,0,210,209,419
NEWCASTLE,1989,6,213,213,426,0,0,0,213,213,426
NEWCASTLE,1989,7,74,74,148,0,0,0,74,74,148
NEWCASTLE,1989,8,45,45,90,0,0,0,45,45,90
NEWCASTLE,1989,9,215,215,430,0,0,0,215,215,430
NEWCASTLE,1989,10,274,270,544,0,0,0,274,270,544
NEWCASTLE,1989,11,281,285,566,0,0,0,281,285,566
NEWCASTLE,1989,12,258,258,516,0,0,0,258,258,516
NEWCASTLE,1990,1,255,256,511,0,0,0,255,256,511
NEWCASTLE,1990,2,208,212,420,0,0,0,208,212,420
NEWCASTLE,1990,3,274,277,551,0,0,0,274,277,551
NEWCASTLE,1990,4,291,285,576,0,0,0,291,285,576
NEWCASTLE,1990,5,418,420,838,0,0,0,418,420,838
NEWCASTLE,1990,6,402,404,806,0,0,0,402,404,806
NEWCASTLE,1990,7,415,314,729,0,0,0,415,314,729
NEWCASTLE,1990,8,383,280,663,0,0,0,383,280,663
NEWCASTLE,1990,9,453,326,779,0,0,0,453,326,779
NEWCASTLE,1990,10,514,328,842,0,0,0,514,328,842
NEWCASTLE,1990,11,422,293,715,0,0,0,422,293,715
NEWCASTLE,1990,12,397,270,667,0,0,0,397,270,667
NEWCASTLE,1991,1,442,443,885,0,0,0,442,443,885
NEWCASTLE,1991,2,413,413,826,0,0,0,413,413,826
NEWCASTLE,1991,3,463,462,925,0,0,0,463,462,925
NEWCASTLE,1991,4,488,479,967,0,0,0,488,479,967
NEWCASTLE,1991,5,462,459,921,0,0,0,462,459,921
NEWCASTLE,1991,6,421,444,865,0,0,0,421,444,865
NEWCASTLE,1991,7,456,462,918,0,0,0,456,462,918
NEWCASTLE,1991,8,446,440,886,0,0,0,446,440,886
NEWCASTLE,1991,9,438,443,881,0,0,0,438,443,881
NEWCASTLE,1991,10,415,531,946,0,0,0,415,531,946
NEWCASTLE,1991,11,411,435,846,0,0,0,411,435,846
NEWCASTLE,1991,12,361,352,713,0,0,0,361,352,713
NEWCASTLE,1992,1,372,309,681,0,0,0,372,309,681
NEWCASTLE,1992,2,278,277,555,0,0,0,278,277,555
NEWCASTLE,1992,3,332,331,663,0,0,0,332,331,663
NEWCASTLE,1992,4,319,333,652,0,0,0,319,333,652
NEWCASTLE,1992,5,432,435,867,0,0,0,432,435,867
NEWCASTLE,1992,6,421,420,841,0,0,0,421,420,841
NEWCASTLE,1992,7,442,442,884,0,0,0,442,442,884
NEWCASTLE,1992,8,409,412,821,0,0,0,409,412,821
NEWCASTLE,1992,9,413,412,825,0,0,0,413,412,825
NEWCASTLE,1992,10,424,423,847,0,0,0,424,423,847
NEWCASTLE,1992,11,422,423,845,0,0,0,422,423,845
NEWCASTLE,1992,12,407,410,817,0,0,0,407,410,817
NEWCASTLE,1993,1,371,373,744,0,0,0,371,373,744
NEWCASTLE,1993,2,356,363,719,0,0,0,356,363,719
NEWCASTLE,1993,3,390,371,761,0,0,0,390,371,761
NEWCASTLE,1993,4,372,361,733,0,0,0,372,361,733
NEWCASTLE,1993,5,377,352,729,0,0,0,377,352,729
NEWCASTLE,1993,6,359,346,705,0,0,0,359,346,705
NEWCASTLE,1993,7,365,364,729,0,0,0,365,364,729
NEWCASTLE,1993,8,382,381,763,0,0,0,382,381,763
NEWCASTLE,1993,9,391,387,778,0,0,0,391,387,778
NEWCASTLE,1993,10,385,388,773,0,0,0,385,388,773
NEWCASTLE,1993,11,421,424,845,0,0,0,421,424,845
NEWCASTLE,1993,12,465,463,928,0,0,0,465,463,928
NEWCASTLE,1994,1,470,471,941,0,0,0,470,471,941
NEWCASTLE,1994,2,443,445,888,0,0,0,443,445,888
NEWCASTLE,1994,3,492,494,986,0,0,0,492,494,986
NEWCASTLE,1994,4,455,448,903,0,0,0,455,448,903
NEWCASTLE,1994,5,468,463,931,0,0,0,468,463,931
NEWCASTLE,1994,6,460,458,918,0,0,0,460,458,918
NEWCASTLE,1994,7,468,466,934,0,0,0,468,466,934
NEWCASTLE,1994,8,447,445,892,0,0,0,447,445,892
NEWCASTLE,1994,9,437,434,871,0,0,0,437,434,871
NEWCASTLE,1994,10,468,463,931,0,0,0,468,463,931
NEWCASTLE,1994,11,439,443,882,0,0,0,439,443,882
NEWCASTLE,1994,12,472,472,944,0,0,0,472,472,944
NEWCASTLE,1995,1,487,481,968,0,0,0,487,481,968
NEWCASTLE,1995,2,491,481,972,0,0,0,491,481,972
NEWCASTLE,1995,3,539,538,1077,0,0,0,539,538,1077
NEWCASTLE,1995,4,519,513,1032,0,0,0,519,513,1032
NEWCASTLE,1995,5,530,526,1056,0,0,0,530,526,1056
NEWCASTLE,1995,6,497,498,995,0,0,0,497,498,995
NEWCASTLE,1995,7,457,448,905,0,0,0,457,448,905
NEWCASTLE,1995,8,419,420,839,0,0,0,419,420,839
NEWCASTLE,1995,9,400,399,799,0,0,0,400,399,799
NEWCASTLE,1995,10,479,477,956,0,0,0,479,477,956
NEWCASTLE,1995,11,520,515,1035,0,0,0,520,515,1035
NEWCASTLE,1995,12,533,531,1064,0,0,0,533,531,1064
NEWCASTLE,1996,1,520,520,1040,0,0,0,520,520,1040
NEWCASTLE,1996,2,502,505,1007,0,0,0,502,505,1007
NEWCASTLE,1996,3,518,515,1033,0,0,0,518,515,1033
NEWCASTLE,1996,4,545,547,1092,0,0,0,545,547,1092
NEWCASTLE,1996,5,573,560,1133,0,0,0,573,560,1133
NEWCASTLE,1996,6,552,550,1102,0,0,0,552,550,1102
NEWCASTLE,1996,7,519,522,1041,0,0,0,519,522,1041
NEWCASTLE,1996,8,467,468,935,0,0,0,467,468,935
NEWCASTLE,1996,9,464,463,927,0,0,0,464,463,927
NEWCASTLE,1996,10,481,479,960,0,0,0,481,479,960
NEWCASTLE,1996,11,491,485,976,0,0,0,491,485,976
NEWCASTLE,1996,12,476,476,952,0,0,0,476,476,952
NEWCASTLE,1997,1,352,350,702,0,0,0,352,350,702
NEWCASTLE,1997,2,458,468,926,0,0,0,458,468,926
NEWCASTLE,1997,3,524,531,1055,0,0,0,524,531,1055
NEWCASTLE,1997,4,526,533,1059,0,0,0,526,533,1059
NEWCASTLE,1997,5,595,598,1193,0,0,0,595,598,1193
NEWCASTLE,1997,6,629,622,1251,0,0,0,629,622,1251
NEWCASTLE,1997,7,823,830,1653,0,0,0,823,830,1653
NEWCASTLE,1997,8,739,734,1473,0,0,0,739,734,1473
NEWCASTLE,1997,9,731,732,1463,0,0,0,731,732,1463
NEWCASTLE,1997,10,740,736,1476,0,0,0,740,736,1476
NEWCASTLE,1997,11,680,677,1357,0,0,0,680,677,1357
NEWCASTLE,1997,12,715,719,1434,0,0,0,715,719,1434
NEWCASTLE,1998,1,682,673,1355,0,0,0,682,673,1355
NEWCASTLE,1998,2,628,628,1256,0,0,0,628,628,1256
NEWCASTLE,1998,3,700,697,1397,0,0,0,700,697,1397
NEWCASTLE,1998,4,683,683,1366,0,0,0,683,683,1366
NEWCASTLE,1998,5,685,684,1369,0,0,0,685,684,1369
NEWCASTLE,1998,6,690,690,1380,0,0,0,690,690,1380
NEWCASTLE,1998,7,757,756,1513,0,0,0,757,756,1513
NEWCASTLE,1998,8,751,748,1499,0,0,0,751,748,1499
NEWCASTLE,1998,9,750,749,1499,0,0,0,750,749,1499
NEWCASTLE,1998,10,757,760,1517,0,0,0,757,760,1517
NEWCASTLE,1998,11,687,686,1373,0,0,0,687,686,1373
NEWCASTLE,1998,12,758,764,1522,0,0,0,758,764,1522
NEWCASTLE,1999,1,721,721,1442,0,0,0,721,721,1442
NEWCASTLE,1999,2,681,678,1359,0,0,0,681,678,1359
NEWCASTLE,1999,3,762,763,1525,0,0,0,762,763,1525
NEWCASTLE,1999,4,723,722,1445,0,0,0,723,722,1445
NEWCASTLE,1999,5,727,724,1451,0,0,0,727,724,1451
NEWCASTLE,1999,6,719,716,1435,0,0,0,719,716,1435
NEWCASTLE,1999,7,740,742,1482,0,0,0,740,742,1482
NEWCASTLE,1999,8,742,738,1480,0,0,0,742,738,1480
NEWCASTLE,1999,9,732,731,1463,0,0,0,732,731,1463
NEWCASTLE,1999,10,731,732,1463,0,0,0,731,732,1463
NEWCASTLE,1999,11,669,667,1336,0,0,0,669,667,1336
NEWCASTLE,1999,12,714,709,1423,0,0,0,714,709,1423
NEWCASTLE,2000,1,649,655,1304,0,0,0,649,655,1304
NEWCASTLE,2000,2,628,628,1256,0,0,0,628,628,1256
NEWCASTLE,2000,3,711,709,1420,0,0,0,711,709,1420
NEWCASTLE,2000,4,689,689,1378,0,0,0,689,689,1378
NEWCASTLE,2000,5,688,692,1380,0,0,0,688,692,1380
NEWCASTLE,2000,6,686,690,1376,0,0,0,686,690,1376
NEWCASTLE,2000,7,701,701,1402,0,0,0,701,701,1402
NEWCASTLE,2000,8,757,757,1514,0,0,0,757,757,1514
NEWCASTLE,2000,9,688,690,1378,0,0,0,688,690,1378
NEWCASTLE,2000,10,741,739,1480,0,0,0,741,739,1480
NEWCASTLE,2000,11,721,722,1443,0,0,0,721,722,1443
NEWCASTLE,2000,12,695,695,1390,0,0,0,695,695,1390
NEWCASTLE,2001,1,694,691,1385,0,0,0,694,691,1385
NEWCASTLE,2001,2,618,624,1242,0,0,0,618,624,1242
NEWCASTLE,2001,3,734,743,1477,0,0,0,734,743,1477
NEWCASTLE,2001,4,684,704,1388,0,0,0,684,704,1388
NEWCASTLE,2001,5,649,662,1311,0,0,0,649,662,1311
NEWCASTLE,2001,6,494,495,989,0,0,0,494,495,989
NEWCASTLE,2001,7,512,515,1027,0,0,0,512,515,1027
NEWCASTLE,2001,8,548,548,1096,0,0,0,548,548,1096
NEWCASTLE,2001,9,531,532,1063,0,0,0,531,532,1063
NEWCASTLE,2001,10,619,620,1239,0,0,0,619,620,1239
NEWCASTLE,2001,11,554,552,1106,0,0,0,554,552,1106
NEWCASTLE,2001,12,505,505,1010,5,5,10,510,510,1020
NEWCASTLE,2002,1,519,518,1037,9,9,18,528,527,1055
NEWCASTLE,2002,2,518,518,1036,9,9,18,527,527,1054
NEWCASTLE,2002,3,559,557,1116,8,8,16,567,565,1132
NEWCASTLE,2002,4,541,536,1077,9,9,18,550,545,1095
NEWCASTLE,2002,5,560,559,1119,7,7,14,567,566,1133
NEWCASTLE,2002,6,466,464,930,8,8,16,474,472,946
NEWCASTLE,2002,7,459,456,915,9,9,18,468,465,933
NEWCASTLE,2002,8,372,374,746,8,8,16,380,382,762
NEWCASTLE,2002,9,385,387,772,1,1,2,386,388,774
NEWCASTLE,2002,10,359,371,730,0,0,0,359,371,730
NEWCASTLE,2002,11,341,355,696,0,0,0,341,355,696
NEWCASTLE,2002,12,410,411,821,0,0,0,410,411,821
NEWCASTLE,2003,1,427,425,852,0,0,0,427,425,852
NEWCASTLE,2003,2,390,390,780,0,0,0,390,390,780
NEWCASTLE,2003,3,427,426,853,0,0,0,427,426,853
NEWCASTLE,2003,4,423,423,846,0,0,0,423,423,846
NEWCASTLE,2003,5,477,476,953,0,0,0,477,476,953
NEWCASTLE,2003,6,453,451,904,0,0,0,453,451,904
NEWCASTLE,2003,7,491,490,981,0,0,0,491,490,981
NEWCASTLE,2003,8,496,497,993,0,0,0,496,497,993
NEWCASTLE,2003,9,482,479,961,0,0,0,482,479,961
NEWCASTLE,2003,10,508,504,1012,0,0,0,508,504,1012
NEWCASTLE,2003,11,500,500,1000,0,0,0,500,500,1000
NEWCASTLE,2003,12,393,394,787,0,0,0,393,394,787
NEWCASTLE,2004,1,398,395,793,0,0,0,398,395,793
NEWCASTLE,2004,2,401,398,799,0,0,0,401,398,799
NEWCASTLE,2004,3,427,424,851,0,0,0,427,424,851
NEWCASTLE,2004,4,400,398,798,0,0,0,400,398,798
NEWCASTLE,2004,5,439,438,877,0,0,0,439,438,877
NEWCASTLE,2004,6,490,469,959,0,0,0,490,469,959
NEWCASTLE,2004,7,478,471,949,0,0,0,478,471,949
NEWCASTLE,2004,8,488,481,969,0,0,0,488,481,969
NEWCASTLE,2004,9,533,527,1060,0,0,0,533,527,1060
NEWCASTLE,2004,10,508,509,1017,0,0,0,508,509,1017
NEWCASTLE,2004,11,543,545,1088,0,0,0,543,545,1088
NEWCASTLE,2004,12,568,571,1139,0,0,0,568,571,1139
NEWCASTLE,2005,1,502,501,1003,0,0,0,502,501,1003
NEWCASTLE,2005,2,561,560,1121,0,0,0,561,560,1121
NEWCASTLE,2005,3,623,620,1243,0,0,0,623,620,1243
NEWCASTLE,2005,4,627,628,1255,0,0,0,627,628,1255
NEWCASTLE,2005,5,697,697,1394,0,0,0,697,697,1394
NEWCASTLE,2005,6,609,612,1221,0,0,0,609,612,1221
NEWCASTLE,2005,7,625,625,1250,0,0,0,625,625,1250
NEWCASTLE,2005,8,643,644,1287,0,0,0,643,644,1287
NEWCASTLE,2005,9,676,680,1356,0,0,0,676,680,1356
NEWCASTLE,2005,10,642,642,1284,0,0,0,642,642,1284
NEWCASTLE,2005,11,636,636,1272,0,0,0,636,636,1272
NEWCASTLE,2005,12,627,626,1253,0,0,0,627,626,1253
NEWCASTLE,2006,1,530,530,1060,0,0,0,530,530,1060
NEWCASTLE,2006,2,562,558,1120,0,0,0,562,558,1120
NEWCASTLE,2006,3,639,634,1273,0,0,0,639,634,1273
NEWCASTLE,2006,4,628,623,1251,0,0,0,628,623,1251
NEWCASTLE,2006,5,703,699,1402,0,0,0,703,699,1402
NEWCASTLE,2006,6,631,630,1261,0,0,0,631,630,1261
NEWCASTLE,2006,7,558,724,1282,0,0,0,558,724,1282
NEWCASTLE,2006,8,646,679,1325,0,0,0,646,679,1325
NEWCASTLE,2006,9,687,687,1374,0,0,0,687,687,1374
NEWCASTLE,2006,10,706,702,1408,0,0,0,706,702,1408
NEWCASTLE,2006,11,729,727,1456,0,0,0,729,727,1456
NEWCASTLE,2006,12,636,632,1268,0,0,0,636,632,1268
NEWCASTLE,2007,1,663,663,1326,0,0,0,663,663,1326
NEWCASTLE,2007,2,646,647,1293,0,0,0,646,647,1293
NEWCASTLE,2007,3,674,674,1348,0,0,0,674,674,1348
NEWCASTLE,2007,4,622,618,1240,0,0,0,622,618,1240
NEWCASTLE,2007,5,704,700,1404,0,0,0,704,700,1404
NEWCASTLE,2007,6,649,649,1298,0,0,0,649,649,1298
NEWCASTLE,2007,7,669,663,1332,0,0,0,669,663,1332
NEWCASTLE,2007,8,748,749,1497,0,0,0,748,749,1497
NEWCASTLE,2007,9,660,666,1326,0,0,0,660,666,1326
NEWCASTLE,2007,10,709,711,1420,0,0,0,709,711,1420
NEWCASTLE,2007,11,654,661,1315,0,0,0,654,661,1315
NEWCASTLE,2007,12,652,653,1305,0,0,0,652,653,1305
NEWCASTLE,2008,1,610,609,1219,0,0,0,610,609,1219
NEWCASTLE,2008,2,627,627,1254,0,0,0,627,627,1254
NEWCASTLE,2008,3,599,595,1194,0,0,0,599,595,1194
NEWCASTLE,2008,4,619,602,1221,0,0,0,619,602,1221
NEWCASTLE,2008,5,591,590,1181,0,0,0,591,590,1181
NEWCASTLE,2008,6,640,592,1232,0,0,0,640,592,1232
NEWCASTLE,2008,7,679,632,1311,0,0,0,679,632,1311
NEWCASTLE,2008,8,718,703,1421,0,0,0,718,703,1421
NEWCASTLE,2008,9,670,655,1325,0,0,0,670,655,1325
NEWCASTLE,2008,10,720,690,1410,0,0,0,720,690,1410
NEWCASTLE,2008,11,636,612,1248,0,0,0,636,612,1248
NEWCASTLE,2008,12,619,597,1216,0,0,0,619,597,1216
NEWCASTLE,2009,1,604,559,1163,0,0,0,604,559,1163
NEWCASTLE,2009,2,592,579,1171,0,0,0,592,579,1171
NEWCASTLE,2009,3,642,638,1280,0,0,0,642,638,1280
NEWCASTLE,2009,4,594,598,1192,0,0,0,594,598,1192
NEWCASTLE,2009,5,603,601,1204,0,0,0,603,601,1204
NEWCASTLE,2009,6,588,583,1171,0,0,0,588,583,1171
NEWCASTLE,2009,7,632,631,1263,0,0,0,632,631,1263
NEWCASTLE,2009,8,594,597,1191,0,0,0,594,597,1191
NEWCASTLE,2009,9,623,592,1215,0,0,0,623,592,1215
NEWCASTLE,2009,10,546,542,1088,0,0,0,546,542,1088
NEWCASTLE,2009,11,560,559,1119,0,0,0,560,559,1119
NEWCASTLE,2009,12,550,550,1100,0,0,0,550,550,1100
NEWCASTLE,2010,1,465,475,940,0,0,0,465,475,940
NEWCASTLE,2010,2,520,519,1039,0,0,0,520,519,1039
NEWCASTLE,2010,3,612,610,1222,0,0,0,612,610,1222
NEWCASTLE,2010,4,607,607,1214,0,0,0,607,607,1214
NEWCASTLE,2010,5,603,603,1206,0,0,0,603,603,1206
NEWCASTLE,2010,6,583,581,1164,0,0,0,583,581,1164
NEWCASTLE,2010,7,634,634,1268,0,0,0,634,634,1268
NEWCASTLE,2010,8,613,613,1226,0,0,0,613,613,1226
NEWCASTLE,2010,9,614,613,1227,0,0,0,614,613,1227
NEWCASTLE,2010,10,645,645,1290,0,0,0,645,645,1290
NEWCASTLE,2010,11,631,632,1263,0,0,0,631,632,1263
NEWCASTLE,2010,12,629,632,1261,0,0,0,629,632,1261
NEWCASTLE,2011,1,549,550,1099,0,0,0,549,550,1099
NEWCASTLE,2011,2,549,549,1098,0,0,0,549,549,1098
NEWCASTLE,2011,3,640,639,1279,0,0,0,640,639,1279
NEWCASTLE,2011,4,612,612,1224,0,0,0,612,612,1224
NEWCASTLE,2011,5,613,608,1221,0,0,0,613,608,1221
NEWCASTLE,2011,6,590,588,1178,0,0,0,590,588,1178
NEWCASTLE,2011,7,663,662,1325,0,0,0,663,662,1325
NEWCASTLE,2011,8,656,655,1311,0,0,0,656,655,1311
NEWCASTLE,2011,9,641,641,1282,0,0,0,641,641,1282
NEWCASTLE,2011,10,631,635,1266,0,0,0,631,635,1266
NEWCASTLE,2011,11,716,717,1433,0,0,0,716,717,1433
NEWCASTLE,2011,12,678,685,1363,0,0,0,678,685,1363
NEWCASTLE,2012,1,643,644,1287,0,0,0,643,644,1287
NEWCASTLE,2012,2,663,665,1328,0,0,0,663,665,1328
NEWCASTLE,2012,3,727,735,1462,0,0,0,727,735,1462
NEWCASTLE,2012,4,711,713,1424,0,0,0,711,713,1424
NEWCASTLE,2012,5,741,746,1487,0,0,0,741,746,1487
NEWCASTLE,2012,6,695,701,1396,0,0,0,695,701,1396
NEWCASTLE,2012,7,738,745,1483,0,0,0,738,745,1483
NEWCASTLE,2012,8,753,761,1514,0,0,0,753,761,1514
NEWCASTLE,2012,9,713,720,1433,0,0,0,713,720,1433
NEWCASTLE,2012,10,754,759,1513,0,0,0,754,759,1513
NEWCASTLE,2012,11,752,760,1512,0,0,0,752,760,1512
NEWCASTLE,2012,12,710,721,1431,0,0,0,710,721,1431
NEWCASTLE,2013,1,654,659,1313,0,0,0,654,659,1313
NEWCASTLE,2013,2,653,660,1313,0,0,0,653,660,1313
NEWCASTLE,2013,3,733,741,1474,0,0,0,733,741,1474
NEWCASTLE,2013,4,703,708,1411,0,0,0,703,708,1411
NEWCASTLE,2013,5,701,708,1409,0,0,0,701,708,1409
NEWCASTLE,2013,6,669,676,1345,0,0,0,669,676,1345
NEWCASTLE,2013,7,730,729,1459,0,0,0,730,729,1459
NEWCASTLE,2013,8,729,741,1470,0,0,0,729,741,1470
NEWCASTLE,2013,9,728,731,1459,0,0,0,728,731,1459
NEWCASTLE,2013,10,724,733,1457,0,0,0,724,733,1457
NEWCASTLE,2013,11,691,693,1384,0,0,0,691,693,1384
NEWCASTLE,2013,12,633,637,1270,0,0,0,633,637,1270
NEWCASTLE,2014,1,555,553,1108,0,0,0,555,553,1108
NEWCASTLE,2014,2,498,498,996,0,0,0,498,498,996
NEWCASTLE,2014,3,562,561,1123,0,0,0,562,561,1123
NEWCASTLE,2014,4,543,543,1086,0,0,0,543,543,1086
NEWCASTLE,2014,5,531,532,1063,0,0,0,531,532,1063
NEWCASTLE,2014,6,509,507,1016,0,0,0,509,507,1016
NEWCASTLE,2014,7,564,564,1128,0,0,0,564,564,1128
NEWCASTLE,2014,8,548,548,1096,0,0,0,548,548,1096
NEWCASTLE,2014,9,535,534,1069,0,0,0,535,534,1069
NEWCASTLE,2014,10,560,553,1113,0,0,0,560,553,1113
NEWCASTLE,2014,11,550,532,1082,0,0,0,550,532,1082
NEWCASTLE,2014,12,534,507,1041,0,0,0,534,507,1041
NEWCASTLE,2015,1,485,475,960,0,0,0,485,475,960
NEWCASTLE,2015,2,476,474,950,0,0,0,476,474,950
NEWCASTLE,2015,3,542,539,1081,0,0,0,542,539,1081
NEWCASTLE,2015,4,532,526,1058,0,0,0,532,526,1058
NEWCASTLE,2015,5,546,544,1090,0,0,0,546,544,1090
NEWCASTLE,2015,6,592,589,1181,0,0,0,592,589,1181
NEWCASTLE,2015,7,677,678,1355,0,0,0,677,678,1355
NEWCASTLE,2015,8,670,670,1340,0,0,0,670,670,1340
NEWCASTLE,2015,9,662,662,1324,0,0,0,662,662,1324
NEWCASTLE,2015,10,687,688,1375,0,0,0,687,688,1375
NEWCASTLE,2015,11,643,644,1287,0,0,0,643,644,1287
NEWCASTLE,2015,12,637,640,1277,0,0,0,637,640,1277
NEWCASTLE,2016,1,565,554,1119,0,0,0,565,554,1119
NEWCASTLE,2016,2,658,658,1316,0,0,0,658,658,1316
NEWCASTLE,2016,3,725,724,1449,0,0,0,725,724,1449
NEWCASTLE,2016,4,655,654,1309,0,0,0,655,654,1309
NEWCASTLE,2016,5,719,718,1437,0,0,0,719,718,1437
NEWCASTLE,2016,6,708,709,1417,0,0,0,708,709,1417
NEWCASTLE,2016,7,765,764,1529,0,0,0,765,764,1529
NEWCASTLE,2016,8,792,794,1586,0,0,0,792,794,1586
NEWCASTLE,2016,9,777,777,1554,0,0,0,777,777,1554
NEWCASTLE,2016,10,774,776,1550,0,0,0,774,776,1550
NEWCASTLE,2016,11,760,760,1520,0,0,0,760,760,1520
NEWCASTLE,2016,12,744,745,1489,0,0,0,744,745,1489
NEWCASTLE,2017,1,689,685,1374,0,0,0,689,685,1374
NEWCASTLE,2017,2,686,685,1371,0,0,0,686,685,1371
NEWCASTLE,2017,3,795,793,1588,0,0,0,795,793,1588
NEWCASTLE,2017,4,729,724,1453,0,0,0,729,724,1453
NEWCASTLE,2017,5,772,775,1547,0,0,0,772,775,1547
NEWCASTLE,2017,6,739,737,1476,0,0,0,739,737,1476
NEWCASTLE,2017,7,762,764,1526,0,0,0,762,764,1526
NEWCASTLE,2017,8,773,773,1546,0,0,0,773,773,1546
NEWCASTLE,2017,9,704,706,1410,0,0,0,704,706,1410
NEWCASTLE,2017,10,743,745,1488,0,0,0,743,745,1488
NEWCASTLE,2017,11,733,732,1465,0,0,0,733,732,1465
NEWCASTLE,2017,12,678,678,1356,0,0,0,678,678,1356
NEWCASTLE,2018,1,559,558,1117,0,0,0,559,558,1117
NEWCASTLE,2018,2,591,589,1180,0,0,0,591,589,1180
NEWCASTLE,2018,3,599,599,1198,0,0,0,599,599,1198
NEWCASTLE,2018,4,562,561,1123,0,0,0,562,561,1123
NEWCASTLE,2018,5,605,601,1206,0,0,0,605,601,1206
NEWCASTLE,2018,6,563,563,1126,0,0,0,563,563,1126
NEWCASTLE,2018,7,595,591,1186,0,0,0,595,591,1186
NEWCASTLE,2018,8,616,614,1230,0,0,0,616,614,1230
NEWCASTLE,2018,9,575,578,1153,0,0,0,575,578,1153
NEWCASTLE,2018,10,591,589,1180,0,0,0,591,589,1180
NEWCASTLE,2018,11,616,614,1230,4,4,8,620,618,1238
NEWCASTLE,2018,12,573,574,1147,13,12,25,586,586,1172
NEWCASTLE,2019,1,532,530,1062,13,13,26,545,543,1088
NEWCASTLE,2019,2,560,558,1118,6,6,12,566,564,1130
NEWCASTLE,2019,3,608,606,1214,0,0,0,608,606,1214
NEWCASTLE,2019,4,590,588,1178,0,0,0,590,588,1178
NEWCASTLE,2019,5,621,621,1242,0,0,0,621,621,1242
NEWCASTLE,2019,6,580,579,1159,0,0,0,580,579,1159
NEWCASTLE,2019,7,636,635,1271,0,0,0,636,635,1271
NEWCASTLE,2019,8,593,593,1186,0,0,0,593,593,1186
NEWCASTLE,2019,9,606,605,1211,0,0,0,606,605,1211
NEWCASTLE,2019,10,632,632,1264,0,0,0,632,632,1264
NEWCASTLE,2019,11,602,609,1211,4,4,8,606,613,1219
NEWCASTLE,2019,12,554,555,1109,14,14,28,568,569,1137
NEWCASTLE,2020,1,527,521,1048,13,13,26,540,534,1074
NEWCASTLE,2020,2,552,555,1107,5,5,10,557,560,1117
NEWCASTLE,2020,3,450,453,903,0,0,0,450,453,903
NEWCASTLE,2020,4,42,42,84,0,0,0,42,42,84
NEWCASTLE,2020,5,44,43,87,0,0,0,44,43,87
NEWCASTLE,2020,6,58,59,117,0,0,0,58,59,117
NEWCASTLE,2020,7,131,130,261,0,0,0,131,130,261
NEWCASTLE,2020,8,85,87,172,0,0,0,85,87,172
NEWCASTLE,2020,9,71,68,139,0,0,0,71,68,139
NEWCASTLE,2020,10,85,87,172,0,0,0,85,87,172
NEWCASTLE,2020,11,220,218,438,0,0,0,220,218,438
NEWCASTLE,2020,12,416,415,831,0,0,0,416,415,831
NEWCASTLE,2021,1,313,313,626,0,0,0,313,313,626
NEWCASTLE,2021,2,393,393,786,0,0,0,393,393,786
NEWCASTLE,2021,3,477,478,955,0,0,0,477,478,955
NEWCASTLE,2021,4,545,538,1083,0,0,0,545,538,1083
NEWCASTLE,2021,5,554,552,1106,0,0,0,554,552,1106
NEWCASTLE,2021,6,492,488,980,0,0,0,492,488,980
NEWCASTLE,2021,7,332,335,667,0,0,0,332,335,667
NEWCASTLE,2021,8,140,138,278,0,0,0,140,138,278
NEWCASTLE,2021,9,100,102,202,0,0,0,100,102,202
NEWCASTLE,2021,10,116,116,232,0,0,0,116,116,232
NEWCASTLE,2021,11,209,210,419,0,0,0,209,210,419
NEWCASTLE,2021,12,424,422,846,0,0,0,424,422,846
NEWCASTLE,2022,1,407,406,813,0,0,0,407,406,813
NEWCASTLE,2022,2,360,359,719,0,0,0,360,359,719
NEWCASTLE,2022,3,501,500,1001,0,0,0,501,500,1001
NEWCASTLE,2022,4,628,624,1252,0,0,0,628,624,1252
NEWCASTLE,2022,5,603,602,1205,0,0,0,603,602,1205
NEWCASTLE,2022,6,573,572,1145,0,0,0,573,572,1145
NEWCASTLE,2022,7,555,557,1112,0,0,0,555,557,1112
NEWCASTLE,2022,8,558,557,1115,0,0,0,558,557,1115
NEWCASTLE,2022,9,580,583,1163,0,0,0,580,583,1163
NEWCASTLE,2022,10,581,580,1161,0,0,0,581,580,1161
NEWCASTLE,2022,11,606,606,1212,0,0,0,606,606,1212
NEWCASTLE,2022,12,554,553,1107,0,0,0,554,553,1107
NEWCASTLE,2023,1,533,532,1065,0,0,0,533,532,1065
NEWCASTLE,2023,2,534,538,1072,0,0,0,534,538,1072
NEWCASTLE,2023,3,602,603,1205,0,0,0,602,603,1205
NEWCASTLE,2023,4,579,577,1156,0,0,0,579,577,1156
NEWCASTLE,2023,5,622,620,1242,0,0,0,622,620,1242
NEWCASTLE,2023,6,588,584,1172,0,0,0,588,584,1172
NEWCASTLE,2023,7,592,593,1185,0,0,0,592,593,1185
NEWCASTLE,2023,8,607,609,1216,0,0,0,607,609,1216
NEWCASTLE,2023,9,597,599,1196,0,0,0,597,599,1196
NEWCASTLE,2023,10,616,617,1233,0,0,0,616,617,1233
NEWCASTLE,2023,11,577,573,1150,0,0,0,577,573,1150
NEWCASTLE,2023,12,557,554,1111,0,0,0,557,554,1111
NEWCASTLE,2024,1,524,519,1043,0,0,0,524,519,1043
NEWCASTLE,2024,2,556,554,1110,0,0,0,556,554,1110
NEWCASTLE,2024,3,574,575,1149,0,0,0,574,575,1149
NEWCASTLE,2024,4,550,557,1107,0,0,0,550,557,1107
NEWCASTLE,2024,5,544,552,1096,0,0,0,544,552,1096
NEWCASTLE,2024,6,503,513,1016,0,0,0,503,513,1016
NEWCASTLE,2024,7,567,569,1136,0,0,0,567,569,1136
NEWCASTLE,2024,8,541,547,1088,0,0,0,541,547,1088
NEWCASTLE,2024,9,532,536,1068,0,0,0,532,536,1068
NEWCASTLE,2024,10,542,547,1089,0,0,0,542,547,1089
NEWCASTLE,2024,11,504,513,1017,0,0,0,504,513,1017
NEWCASTLE,2024,12,501,507,1008,0,0,0,501,507,1008
NEWCASTLE,2025,1,457,460,917,0,0,0,457,460,917
NEWCASTLE,2025,2,479,483,962,0,0,0,479,483,962
NEWCASTLE,2025,3,506,504,1010,0,0,0,506,504,1010
NEWCASTLE,2025,4,533,533,1066,0,0,0,533,533,1066
NEWCASTLE,2025,5,528,532,1060,0,0,0,528,532,1060
NEWCASTLE,2025,6,521,526,1047,0,0,0,521,526,1047
PERTH,1985,1,1176,1162,2338,124,124,248,1300,1286,2586
PERTH,1985,2,1028,1008,2036,113,113,226,1141,1121,2262
PERTH,1985,3,1587,1571,3158,124,124,248,1711,1695,3406
PERTH,1985,4,1514,1508,3022,118,118,236,1632,1626,3258
PERTH,1985,5,2002,1981,3983,125,124,249,2127,2105,4232
PERTH,1985,6,1897,1887,3784,118,119,237,2015,2006,4021
PERTH,1985,7,1853,1855,3708,118,119,237,1971,1974,3945
PERTH,1985,8,2025,2042,4067,125,124,249,2150,2166,4316
PERTH,1985,9,1705,1694,3399,124,123,247,1829,1817,3646
PERTH,1985,10,1715,1712,3427,126,124,250,1841,1836,3677
PERTH,1985,11,1742,1728,3470,132,133,265,1874,1861,3735
PERTH,1985,12,2045,1999,4044,129,128,257,2174,2127,4301
PERTH,1986,1,2099,2103,4202,141,141,282,2240,2244,4484
PERTH,1986,2,1629,1619,3248,118,118,236,1747,1737,3484
PERTH,1986,3,1705,1713,3418,131,131,262,1836,1844,3680
PERTH,1986,4,1635,1636,3271,129,128,257,1764,1764,3528
PERTH,1986,5,1502,1497,2999,134,132,266,1636,1629,3265
PERTH,1986,6,1404,1414,2818,122,123,245,1526,1537,3063
PERTH,1986,7,1458,1450,2908,133,133,266,1591,1583,3174
PERTH,1986,8,1418,1405,2823,135,134,269,1553,1539,3092
PERTH,1986,9,1574,1576,3150,129,129,258,1703,1705,3408
PERTH,1986,10,1674,1671,3345,156,155,311,1830,1826,3656
PERTH,1986,11,1680,1680,3360,149,150,299,1829,1830,3659
PERTH,1986,12,1862,1834,3696,165,164,329,2027,1998,4025
PERTH,1987,1,1129,1126,2255,175,174,349,1304,1300,2604
PERTH,1987,2,1036,1031,2067,146,147,293,1182,1178,2360
PERTH,1987,3,1091,1088,2179,132,134,266,1223,1222,2445
PERTH,1987,4,1232,1207,2439,132,129,261,1364,1336,2700
PERTH,1987,5,1183,1173,2356,134,134,268,1317,1307,2624
PERTH,1987,6,1113,1109,2222,126,127,253,1239,1236,2475
PERTH,1987,7,1267,1268,2535,134,133,267,1401,1401,2802
PERTH,1987,8,1231,1236,2467,134,133,267,1365,1369,2734
PERTH,1987,9,1261,1268,2529,124,125,249,1385,1393,2778
PERTH,1987,10,1274,1267,2541,143,142,285,1417,1409,2826
PERTH,1987,11,1205,1200,2405,124,125,249,1329,1325,2654
PERTH,1987,12,1295,1255,2550,151,149,300,1446,1404,2850
PERTH,1988,1,1224,1236,2460,151,151,302,1375,1387,2762
PERTH,1988,2,1113,1117,2230,131,132,263,1244,1249,2493
PERTH,1988,3,1218,1211,2429,129,129,258,1347,1340,2687
PERTH,1988,4,1115,1115,2230,120,120,240,1235,1235,2470
PERTH,1988,5,1165,1163,2328,128,130,258,1293,1293,2586
PERTH,1988,6,1132,1148,2280,131,131,262,1263,1279,2542
PERTH,1988,7,1266,1249,2515,134,136,270,1400,1385,2785
PERTH,1988,8,1239,1228,2467,132,126,258,1371,1354,2725
PERTH,1988,9,1244,1234,2478,131,133,264,1375,1367,2742
PERTH,1988,10,1239,1223,2462,134,136,270,1373,1359,2732
PERTH,1988,11,1185,1174,2359,162,160,322,1347,1334,2681
PERTH,1988,12,1201,1170,2371,184,184,368,1385,1354,2739
PERTH,1989,1,1134,1149,2283,185,188,373,1319,1337,2656
PERTH,1989,2,1023,1016,2039,162,162,324,1185,1178,2363
PERTH,1989,3,1217,1209,2426,170,167,337,1387,1376,2763
PERTH,1989,4,1108,1100,2208,165,169,334,1273,1269,2542
PERTH,1989,5,1179,1173,2352,170,168,338,1349,1341,2690
PERTH,1989,6,1027,1020,2047,166,168,334,1193,1188,2381
PERTH,1989,7,1260,1266,2526,174,174,348,1434,1440,2874
PERTH,1989,8,975,969,1944,171,170,341,1146,1139,2285
PERTH,1989,9,516,512,1028,168,168,336,684,680,1364
PERTH,1989,10,641,648,1289,180,182,362,821,830,1651
PERTH,1989,11,774,759,1533,191,188,379,965,947,1912
PERTH,1989,12,988,969,1957,211,211,422,1199,1180,2379
PERTH,1990,1,992,996,1988,217,217,434,1209,1213,2422
PERTH,1990,2,1020,1021,2041,182,182,364,1202,1203,2405
PERTH,1990,3,1171,1173,2344,198,197,395,1369,1370,2739
PERTH,1990,4,1134,1124,2258,192,194,386,1326,1318,2644
PERTH,1990,5,1207,1203,2410,197,197,394,1404,1400,2804
PERTH,1990,6,1159,1164,2323,196,195,391,1355,1359,2714
PERTH,1990,7,1215,1219,2434,197,201,398,1412,1420,2832
PERTH,1990,8,1156,1245,2401,203,198,401,1359,1443,2802
PERTH,1990,9,1148,1158,2306,192,193,385,1340,1351,2691
PERTH,1990,10,1328,1316,2644,206,209,415,1534,1525,3059
PERTH,1990,11,1299,1298,2597,212,212,424,1511,1510,3021
PERTH,1990,12,1344,1321,2665,232,230,462,1576,1551,3127
PERTH,1991,1,1299,1295,2594,231,231,462,1530,1526,3056
PERTH,1991,2,1180,1192,2372,205,205,410,1385,1397,2782
PERTH,1991,3,1308,1346,2654,212,212,424,1520,1558,3078
PERTH,1991,4,1274,1291,2565,219,219,438,1493,1510,3003
PERTH,1991,5,1321,1338,2659,230,228,458,1551,1566,3117
PERTH,1991,6,1249,1258,2507,224,223,447,1473,1481,2954
PERTH,1991,7,1456,1469,2925,227,225,452,1683,1694,3377
PERTH,1991,8,1416,1436,2852,225,226,451,1641,1662,3303
PERTH,1991,9,1463,1482,2945,223,221,444,1686,1703,3389
PERTH,1991,10,1534,1543,3077,229,229,458,1763,1772,3535
PERTH,1991,11,1442,1459,2901,220,225,445,1662,1684,3346
PERTH,1991,12,1503,1498,3001,232,230,462,1735,1728,3463
PERTH,1992,1,1439,1462,2901,237,235,472,1676,1697,3373
PERTH,1992,2,1302,1318,2620,222,226,448,1524,1544,3068
PERTH,1992,3,1373,1389,2762,239,240,479,1612,1629,3241
PERTH,1992,4,1344,1364,2708,235,231,466,1579,1595,3174
PERTH,1992,5,1318,1343,2661,227,230,457,1545,1573,3118
PERTH,1992,6,1307,1311,2618,233,234,467,1540,1545,3085
PERTH,1992,7,1450,1451,2901,251,247,498,1701,1698,3399
PERTH,1992,8,1346,1352,2698,249,253,502,1595,1605,3200
PERTH,1992,9,1377,1373,2750,242,242,484,1619,1615,3234
PERTH,1992,10,1422,1423,2845,261,261,522,1683,1684,3367
PERTH,1992,11,1359,1366,2725,272,269,541,1631,1635,3266
PERTH,1992,12,1399,1383,2782,286,285,571,1685,1668,3353
PERTH,1993,1,1327,1330,2657,290,293,583,1617,1623,3240
PERTH,1993,2,1202,1197,2399,258,261,519,1460,1458,2918
PERTH,1993,3,1367,1364,2731,281,279,560,1648,1643,3291
PERTH,1993,4,1370,1357,2727,291,289,580,1661,1646,3307
PERTH,1993,5,1467,1469,2936,303,304,607,1770,1773,3543
PERTH,1993,6,1448,1438,2886,292,294,586,1740,1732,3472
PERTH,1993,7,1558,1551,3109,310,309,619,1868,1860,3728
PERTH,1993,8,1516,1520,3036,302,304,606,1818,1824,3642
PERTH,1993,9,1561,1553,3114,309,303,612,1870,1856,3726
PERTH,1993,10,1588,1586,3174,323,325,648,1911,1911,3822
PERTH,1993,11,1562,1558,3120,285,288,573,1847,1846,3693
PERTH,1993,12,1603,1592,3195,316,312,628,1919,1904,3823
PERTH,1994,1,1574,1577,3151,316,317,633,1890,1894,3784
PERTH,1994,2,1425,1426,2851,283,283,566,1708,1709,3417
PERTH,1994,3,1648,1642,3290,317,315,632,1965,1957,3922
PERTH,1994,4,1548,1556,3104,296,296,592,1844,1852,3696
PERTH,1994,5,1631,1625,3256,301,306,607,1932,1931,3863
PERTH,1994,6,1597,1594,3191,299,294,593,1896,1888,3784
PERTH,1994,7,1684,1689,3373,312,314,626,1996,2003,3999
PERTH,1994,8,1681,1680,3361,299,299,598,1980,1979,3959
PERTH,1994,9,1669,1668,3337,298,298,596,1967,1966,3933
PERTH,1994,10,1726,1721,3447,313,315,628,2039,2036,4075
PERTH,1994,11,1710,1715,3425,309,311,620,2019,2026,4045
PERTH,1994,12,1798,1806,3604,338,333,671,2136,2139,4275
PERTH,1995,1,1781,1782,3563,327,332,659,2108,2114,4222
PERTH,1995,2,1620,1619,3239,300,299,599,1920,1918,3838
PERTH,1995,3,1882,1882,3764,340,337,677,2222,2219,4441
PERTH,1995,4,1840,1830,3670,324,330,654,2164,2160,4324
PERTH,1995,5,1911,1913,3824,329,329,658,2240,2242,4482
PERTH,1995,6,1852,1851,3703,353,353,706,2205,2204,4409
PERTH,1995,7,1947,1932,3879,343,348,691,2290,2280,4570
PERTH,1995,8,1896,1882,3778,343,345,688,2239,2227,4466
PERTH,1995,9,1857,1839,3696,341,347,688,2198,2186,4384
PERTH,1995,10,1927,1921,3848,347,352,699,2274,2273,4547
PERTH,1995,11,1920,1915,3835,349,343,692,2269,2258,4527
PERTH,1995,12,1860,1853,3713,376,380,756,2236,2233,4469
PERTH,1996,1,1898,1887,3785,381,379,760,2279,2266,4545
PERTH,1996,2,1774,1769,3543,365,362,727,2139,2131,4270
PERTH,1996,3,1907,1904,3811,369,374,743,2276,2278,4554
PERTH,1996,4,1896,1891,3787,364,365,729,2260,2256,4516
PERTH,1996,5,1964,1966,3930,370,369,739,2334,2335,4669
PERTH,1996,6,1918,1926,3844,364,363,727,2282,2289,4571
PERTH,1996,7,2116,2119,4235,375,374,749,2491,2493,4984
PERTH,1996,8,2083,2092,4175,377,379,756,2460,2471,4931
PERTH,1996,9,2020,2016,4036,371,370,741,2391,2386,4777
PERTH,1996,10,2112,2110,4222,371,371,742,2483,2481,4964
PERTH,1996,11,2014,2028,4042,365,365,730,2379,2393,4772
PERTH,1996,12,2014,2004,4018,387,387,774,2401,2391,4792
PERTH,1997,1,2018,2014,4032,391,391,782,2409,2405,4814
PERTH,1997,2,1856,1870,3726,337,336,673,2193,2206,4399
PERTH,1997,3,2018,2016,4034,369,369,738,2387,2385,4772
PERTH,1997,4,1963,1966,3929,353,352,705,2316,2318,4634
PERTH,1997,5,2029,2046,4075,366,365,731,2395,2411,4806
PERTH,1997,6,1967,1970,3937,353,351,704,2320,2321,4641
PERTH,1997,7,2068,2077,4145,373,375,748,2441,2452,4893
PERTH,1997,8,2073,2082,4155,377,376,753,2450,2458,4908
PERTH,1997,9,2022,2030,4052,362,362,724,2384,2392,4776
PERTH,1997,10,2064,2073,4137,366,363,729,2430,2436,4866
PERTH,1997,11,1942,1936,3878,349,349,698,2291,2285,4576
PERTH,1997,12,1956,1952,3908,370,370,740,2326,2322,4648
PERTH,1998,1,1922,1933,3855,382,381,763,2304,2314,4618
PERTH,1998,2,1774,1773,3547,336,336,672,2110,2109,4219
PERTH,1998,3,1958,1968,3926,362,362,724,2320,2330,4650
PERTH,1998,4,1910,1911,3821,378,378,756,2288,2289,4577
PERTH,1998,5,1935,1933,3868,393,396,789,2328,2329,4657
PERTH,1998,6,1870,1877,3747,380,378,758,2250,2255,4505
PERTH,1998,7,1981,1979,3960,401,402,803,2382,2381,4763
PERTH,1998,8,1903,1903,3806,403,404,807,2306,2307,4613
PERTH,1998,9,1860,1867,3727,389,390,779,2249,2257,4506
PERTH,1998,10,1901,1900,3801,398,397,795,2299,2297,4596
PERTH,1998,11,1810,1817,3627,373,374,747,2183,2191,4374
PERTH,1998,12,1832,1837,3669,385,386,771,2217,2223,4440
PERTH,1999,1,1788,1793,3581,401,402,803,2189,2195,4384
PERTH,1999,2,1661,1664,3325,358,358,716,2019,2022,4041
PERTH,1999,3,1863,1869,3732,389,388,777,2252,2257,4509
PERTH,1999,4,1805,1804,3609,397,397,794,2202,2201,4403
PERTH,1999,5,1870,1878,3748,407,405,812,2277,2283,4560
PERTH,1999,6,1833,1834,3667,375,378,753,2208,2212,4420
PERTH,1999,7,1954,1955,3909,417,416,833,2371,2371,4742
PERTH,1999,8,1956,1960,3916,418,419,837,2374,2379,4753
PERTH,1999,9,1938,1937,3875,404,405,809,2342,2342,4684
PERTH,1999,10,1955,1952,3907,421,421,842,2376,2373,4749
PERTH,1999,11,1920,1931,3851,400,399,799,2320,2330,4650
PERTH,1999,12,1924,1926,3850,413,416,829,2337,2342,4679
PERTH,2000,1,1878,1877,3755,432,431,863,2310,2308,4618
PERTH,2000,2,1765,1766,3531,392,394,786,2157,2160,4317
PERTH,2000,3,1894,1899,3793,409,410,819,2303,2309,4612
PERTH,2000,4,1857,1859,3716,413,414,827,2270,2273,4543
PERTH,2000,5,2002,2003,4005,403,402,805,2405,2405,4810
PERTH,2000,6,1921,1922,3843,403,403,806,2324,2325,4649
PERTH,2000,7,1968,1966,3934,434,433,867,2402,2399,4801
PERTH,2000,8,2001,1999,4000,425,426,851,2426,2425,4851
PERTH,2000,9,1960,1968,3928,420,417,837,2380,2385,4765
PERTH,2000,10,2009,2004,4013,427,427,854,2436,2431,4867
PERTH,2000,11,1934,1936,3870,430,432,862,2364,2368,4732
PERTH,2000,12,1906,1905,3811,463,463,926,2369,2368,4737
PERTH,2001,1,1926,1926,3852,428,427,855,2354,2353,4707
PERTH,2001,2,1742,1740,3482,348,350,698,2090,2090,4180
PERTH,2001,3,1959,1969,3928,403,402,805,2362,2371,4733
PERTH,2001,4,1902,1899,3801,390,389,779,2292,2288,4580
PERTH,2001,5,1954,1956,3910,389,392,781,2343,2348,4691
PERTH,2001,6,1877,1880,3757,387,388,775,2264,2268,4532
PERTH,2001,7,1962,1960,3922,381,383,764,2343,2343,4686
PERTH,2001,8,1972,1973,3945,381,382,763,2353,2355,4708
PERTH,2001,9,1326,1331,2657,369,364,733,1695,1695,3390
PERTH,2001,10,1291,1288,2579,363,360,723,1654,1648,3302
PERTH,2001,11,1423,1424,2847,360,354,714,1783,1778,3561
PERTH,2001,12,1535,1535,3070,378,373,751,1913,1908,3821
PERTH,2002,1,1598,1598,3196,358,355,713,1956,1953,3909
PERTH,2002,2,1479,1478,2957,320,316,636,1799,1794,3593
PERTH,2002,3,1379,1379,2758,350,346,696,1729,1725,3454
PERTH,2002,4,1416,1419,2835,332,333,665,1748,1752,3500
PERTH,2002,5,1459,1465,2924,347,347,694,1806,1812,3618
PERTH,2002,6,1414,1418,2832,339,338,677,1753,1756,3509
PERTH,2002,7,1567,1571,3138,348,347,695,1915,1918,3833
PERTH,2002,8,1570,1575,3145,365,365,730,1935,1940,3875
PERTH,2002,9,1556,1558,3114,354,353,707,1910,1911,3821
PERTH,2002,10,1633,1638,3271,365,365,730,1998,2003,4001
PERTH,2002,11,1633,1634,3267,336,341,677,1969,1975,3944
PERTH,2002,12,1684,1684,3368,356,359,715,2040,2043,4083
PERTH,2003,1,1717,1718,3435,349,356,705,2066,2074,4140
PERTH,2003,2,1575,1572,3147,324,328,652,1899,1900,3799
PERTH,2003,3,1725,1727,3452,362,366,728,2087,2093,4180
PERTH,2003,4,1674,1677,3351,353,356,709,2027,2033,4060
PERTH,2003,5,1728,1732,3460,348,350,698,2076,2082,4158
PERTH,2003,6,1645,1638,3283,336,341,677,1981,1979,3960
PERTH,2003,7,1726,1726,3452,370,374,744,2096,2100,4196
PERTH,2003,8,1638,1634,3272,374,379,753,2012,2013,4025
PERTH,2003,9,1695,1694,3389,371,374,745,2066,2068,4134
PERTH,2003,10,1807,1808,3615,389,395,784,2196,2203,4399
PERTH,2003,11,1707,1705,3412,389,394,783,2096,2099,4195
PERTH,2003,12,1750,1745,3495,409,411,820,2159,2156,4315
PERTH,2004,1,1744,1748,3492,406,409,815,2150,2157,4307
PERTH,2004,2,1599,1594,3193,360,367,727,1959,1961,3920
PERTH,2004,3,1825,1822,3647,381,384,765,2206,2206,4412
PERTH,2004,4,1811,1813,3624,372,378,750,2183,2191,4374
PERTH,2004,5,1896,1894,3790,381,385,766,2277,2279,4556
PERTH,2004,6,1850,1844,3694,376,380,756,2226,2224,4450
PERTH,2004,7,1999,1995,3994,407,411,818,2406,2406,4812
PERTH,2004,8,1971,1966,3937,389,392,781,2360,2358,4718
PERTH,2004,9,1934,1931,3865,370,371,741,2304,2302,4606
PERTH,2004,10,1987,1986,3973,402,411,813,2389,2397,4786
PERTH,2004,11,1897,1895,3792,423,425,848,2320,2320,4640
PERTH,2004,12,1929,1930,3859,470,474,944,2399,2404,4803
PERTH,2005,1,1932,1931,3863,469,470,939,2401,2401,4802
PERTH,2005,2,1720,1708,3428,422,427,849,2142,2135,4277
PERTH,2005,3,1909,1902,3811,463,468,931,2372,2370,4742
PERTH,2005,4,1889,1887,3776,450,457,907,2339,2344,4683
PERTH,2005,5,1957,1948,3905,457,459,916,2414,2407,4821
PERTH,2005,6,1911,1908,3819,466,470,936,2377,2378,4755
PERTH,2005,7,1982,1973,3955,478,488,966,2460,2461,4921
PERTH,2005,8,2038,2034,4072,477,477,954,2515,2511,5026
PERTH,2005,9,1993,2000,3993,431,432,863,2424,2432,4856
PERTH,2005,10,1983,1987,3970,434,438,872,2417,2425,4842
PERTH,2005,11,1986,1991,3977,393,392,785,2379,2383,4762
PERTH,2005,12,2006,2008,4014,428,428,856,2434,2436,4870
PERTH,2006,1,1955,1968,3923,430,429,859,2385,2397,4782
PERTH,2006,2,1850,1851,3701,374,374,748,2224,2225,4449
PERTH,2006,3,2095,2085,4180,419,420,839,2514,2505,5019
PERTH,2006,4,1956,1945,3901,409,412,821,2365,2357,4722
PERTH,2006,5,2051,2051,4102,423,421,844,2474,2472,4946
PERTH,2006,6,1980,1980,3960,409,408,817,2389,2388,4777
PERTH,2006,7,2030,2032,4062,428,429,857,2458,2461,4919
PERTH,2006,8,2094,2098,4192,427,424,851,2521,2522,5043
PERTH,2006,9,2097,2091,4188,440,443,883,2537,2534,5071
PERTH,2006,10,2155,2164,4319,453,453,906,2608,2617,5225
PERTH,2006,11,2106,2104,4210,447,444,891,2553,2548,5101
PERTH,2006,12,2106,2097,4203,490,494,984,2596,2591,5187
PERTH,2007,1,2080,2084,4164,493,492,985,2573,2576,5149
PERTH,2007,2,1919,1916,3835,441,441,882,2360,2357,4717
PERTH,2007,3,2176,2171,4347,489,490,979,2665,2661,5326
PERTH,2007,4,2116,2118,4234,482,481,963,2598,2599,5197
PERTH,2007,5,2212,2208,4420,499,499,998,2711,2707,5418
PERTH,2007,6,2164,2161,4325,490,491,981,2654,2652,5306
PERTH,2007,7,2272,2279,4551,515,516,1031,2787,2795,5582
PERTH,2007,8,2322,2323,4645,506,505,1011,2828,2828,5656
PERTH,2007,9,2228,2230,4458,494,496,990,2722,2726,5448
PERTH,2007,10,2351,2359,4710,513,511,1024,2864,2870,5734
PERTH,2007,11,2315,2312,4627,515,514,1029,2830,2826,5656
PERTH,2007,12,2345,2341,4686,559,560,1119,2904,2901,5805
PERTH,2008,1,2367,2374,4741,558,557,1115,2925,2931,5856
PERTH,2008,2,2261,2250,4511,506,506,1012,2767,2756,5523
PERTH,2008,3,2414,2414,4828,533,532,1065,2947,2946,5893
PERTH,2008,4,2403,2394,4797,510,509,1019,2913,2903,5816
PERTH,2008,5,2477,2470,4947,518,519,1037,2995,2989,5984
PERTH,2008,6,2476,2460,4936,549,547,1096,3025,3007,6032
PERTH,2008,7,2633,2634,5267,566,567,1133,3199,3201,6400
PERTH,2008,8,2586,2577,5163,555,557,1112,3141,3134,6275
PERTH,2008,9,2610,2608,5218,569,568,1137,3179,3176,6355
PERTH,2008,10,2797,2792,5589,593,587,1180,3390,3379,6769
PERTH,2008,11,2719,2718,5437,590,590,1180,3309,3308,6617
PERTH,2008,12,2762,2755,5517,669,667,1336,3431,3422,6853
PERTH,2009,1,2702,2696,5398,696,696,1392,3398,3392,6790
PERTH,2009,2,2460,2459,4919,564,563,1127,3024,3022,6046
PERTH,2009,3,2736,2731,5467,626,625,1251,3362,3356,6718
PERTH,2009,4,2653,2649,5302,621,617,1238,3274,3266,6540
PERTH,2009,5,2735,2726,5461,603,607,1210,3338,3333,6671
PERTH,2009,6,2689,2681,5370,610,609,1219,3299,3290,6589
PERTH,2009,7,2786,2781,5567,663,662,1325,3449,3443,6892
PERTH,2009,8,2702,2697,5399,678,676,1354,3380,3373,6753
PERTH,2009,9,2693,2691,5384,691,691,1382,3384,3382,6766
PERTH,2009,10,2737,2741,5478,714,716,1430,3451,3457,6908
PERTH,2009,11,2631,2615,5246,717,717,1434,3348,3332,6680
PERTH,2009,12,2689,2675,5364,761,756,1517,3450,3431,6881
PERTH,2010,1,2695,2704,5399,763,764,1527,3458,3468,6926
PERTH,2010,2,2465,2479,4944,663,665,1328,3128,3144,6272
PERTH,2010,3,2849,2864,5713,724,723,1447,3573,3587,7160
PERTH,2010,4,2777,2778,5555,718,720,1438,3495,3498,6993
PERTH,2010,5,2821,2826,5647,735,732,1467,3556,3558,7114
PERTH,2010,6,2755,2761,5516,744,744,1488,3499,3505,7004
PERTH,2010,7,2908,2904,5812,791,790,1581,3699,3694,7393
PERTH,2010,8,2932,2919,5851,744,746,1490,3676,3665,7341
PERTH,2010,9,2878,2878,5756,732,728,1460,3610,3606,7216
PERTH,2010,10,2912,2919,5831,755,755,1510,3667,3674,7341
PERTH,2010,11,2875,2861,5736,734,739,1473,3609,3600,7209
PERTH,2010,12,2947,2920,5867,817,817,1634,3764,3737,7501
PERTH,2011,1,2801,2821,5622,854,854,1708,3655,3675,7330
PERTH,2011,2,2587,2589,5176,699,700,1399,3286,3289,6575
PERTH,2011,3,2968,2973,5941,771,767,1538,3739,3740,7479
PERTH,2011,4,2951,2964,5915,800,802,1602,3751,3766,7517
PERTH,2011,5,3068,3070,6138,792,793,1585,3860,3863,7723
PERTH,2011,6,2843,2837,5680,781,777,1558,3624,3614,7238
PERTH,2011,7,3054,3063,6117,836,835,1671,3890,3898,7788
PERTH,2011,8,3116,3120,6236,819,821,1640,3935,3941,7876
PERTH,2011,9,3014,3026,6040,786,787,1573,3800,3813,7613
PERTH,2011,10,2957,2992,5949,794,798,1592,3751,3790,7541
PERTH,2011,11,2948,2980,5928,770,768,1538,3718,3748,7466
PERTH,2011,12,3028,3054,6082,855,856,1711,3883,3910,7793
PERTH,2012,1,3143,3172,6315,887,887,1774,4030,4059,8089
PERTH,2012,2,2968,2992,5960,764,764,1528,3732,3756,7488
PERTH,2012,3,3228,3235,6463,793,791,1584,4021,4026,8047
PERTH,2012,4,3187,3178,6365,804,805,1609,3991,3983,7974
PERTH,2012,5,3250,3257,6507,792,790,1582,4042,4047,8089
PERTH,2012,6,3126,3149,6275,775,776,1551,3901,3925,7826
PERTH,2012,7,3439,3437,6876,867,863,1730,4306,4300,8606
PERTH,2012,8,3407,3425,6832,848,849,1697,4255,4274,8529
PERTH,2012,9,3288,3285,6573,826,825,1651,4114,4110,8224
PERTH,2012,10,3460,3478,6938,840,840,1680,4300,4318,8618
PERTH,2012,11,3270,3275,6545,829,827,1656,4099,4102,8201
PERTH,2012,12,3237,3235,6472,938,940,1878,4175,4175,8350
PERTH,2013,1,3203,3227,6430,940,931,1871,4143,4158,8301
PERTH,2013,2,2839,2844,5683,817,817,1634,3656,3661,7317
PERTH,2013,3,3191,3192,6383,889,891,1780,4080,4083,8163
PERTH,2013,4,3284,3289,6573,864,867,1731,4148,4156,8304
PERTH,2013,5,3346,3345,6691,847,847,1694,4193,4192,8385
PERTH,2013,6,3105,3108,6213,882,881,1763,3987,3989,7976
PERTH,2013,7,3440,3444,6884,1012,1016,2028,4452,4460,8912
PERTH,2013,8,3310,3329,6639,992,990,1982,4302,4319,8621
PERTH,2013,9,3289,3285,6574,954,956,1910,4243,4241,8484
PERTH,2013,10,3384,3393,6777,1002,999,2001,4386,4392,8778
PERTH,2013,11,3159,3174,6333,953,951,1904,4112,4125,8237
PERTH,2013,12,3183,3184,6367,1102,1104,2206,4285,4288,8573
PERTH,2014,1,3256,3265,6521,1158,1159,2317,4414,4424,8838
PERTH,2014,2,2922,2933,5855,942,943,1885,3864,3876,7740
PERTH,2014,3,3218,3215,6433,1019,1018,2037,4237,4233,8470
PERTH,2014,4,3230,3241,6471,1037,1037,2074,4267,4278,8545
PERTH,2014,5,3210,3216,6426,921,921,1842,4131,4137,8268
PERTH,2014,6,3058,3051,6109,892,893,1785,3950,3944,7894
PERTH,2014,7,3226,3230,6456,1033,1031,2064,4259,4261,8520
PERTH,2014,8,3082,3067,6149,966,968,1934,4048,4035,8083
PERTH,2014,9,3154,3156,6310,965,963,1928,4119,4119,8238
PERTH,2014,10,3267,3273,6540,990,993,1983,4257,4266,8523
PERTH,2014,11,3006,3010,6016,896,898,1794,3902,3908,7810
PERTH,2014,12,3153,3156,6309,1020,1022,2042,4173,4178,8351
PERTH,2015,1,3039,3050,6089,1066,1060,2126,4105,4110,8215
PERTH,2015,2,2827,2810,5637,852,856,1708,3679,3666,7345
PERTH,2015,3,3147,3123,6270,871,870,1741,4018,3993,8011
PERTH,2015,4,3111,3107,6218,909,911,1820,4020,4018,8038
PERTH,2015,5,3085,3064,6149,886,887,1773,3971,3951,7922
PERTH,2015,6,3056,3040,6096,883,881,1764,3939,3921,7860
PERTH,2015,7,3255,3256,6511,921,918,1839,4176,4174,8350
PERTH,2015,8,3079,3079,6158,872,870,1742,3951,3949,7900
PERTH,2015,9,3081,3076,6157,870,870,1740,3951,3946,7897
PERTH,2015,10,3150,3172,6322,899,900,1799,4049,4072,8121
PERTH,2015,11,2999,2979,5978,835,813,1648,3834,3792,7626
PERTH,2015,12,3044,3067,6111,1005,1003,2008,4049,4070,8119
PERTH,2016,1,2905,2909,5814,1048,1050,2098,3953,3959,7912
PERTH,2016,2,2855,2849,5704,897,897,1794,3752,3746,7498
PERTH,2016,3,3122,3115,6237,941,946,1887,4063,4061,8124
PERTH,2016,4,2987,2991,5978,952,949,1901,3939,3940,7879
PERTH,2016,5,2934,2937,5871,904,905,1809,3838,3842,7680
PERTH,2016,6,2881,2893,5774,906,907,1813,3787,3800,7587
PERTH,2016,7,3019,3010,6029,971,969,1940,3990,3979,7969
PERTH,2016,8,3088,3108,6196,941,940,1881,4029,4048,8077
PERTH,2016,9,3068,3093,6161,939,938,1877,4007,4031,8038
PERTH,2016,10,3090,3102,6192,965,966,1931,4055,4068,8123
PERTH,2016,11,2974,2992,5966,914,911,1825,3888,3903,7791
PERTH,2016,12,2972,2984,5956,989,990,1979,3961,3974,7935
PERTH,2017,1,2896,2909,5805,981,974,1955,3877,3883,7760
PERTH,2017,2,2667,2690,5357,843,843,1686,3510,3533,7043
PERTH,2017,3,3008,3043,6051,914,918,1832,3922,3961,7883
PERTH,2017,4,2838,2829,5667,908,906,1814,3746,3735,7481
PERTH,2017,5,2902,2934,5836,880,880,1760,3782,3814,7596
PERTH,2017,6,2844,2860,5704,888,888,1776,3732,3748,7480
PERTH,2017,7,2951,2961,5912,979,979,1958,3930,3940,7870
PERTH,2017,8,3009,3023,6032,944,943,1887,3953,3966,7919
PERTH,2017,9,2911,2931,5842,942,940,1882,3853,3871,7724
PERTH,2017,10,3023,3034,6057,976,977,1953,3999,4011,8010
PERTH,2017,11,2906,2927,5833,905,899,1804,3811,3826,7637
PERTH,2017,12,2924,2932,5856,1005,995,2000,3929,3927,7856
PERTH,2018,1,2927,2949,5876,1016,1016,2032,3943,3965,7908
PERTH,2018,2,2682,2647,5329,834,833,1667,3516,3480,6996
PERTH,2018,3,2922,2941,5863,920,921,1841,3842,3862,7704
PERTH,2018,4,2853,2853,5706,960,960,1920,3813,3813,7626
PERTH,2018,5,2953,2966,5919,913,913,1826,3866,3879,7745
PERTH,2018,6,2801,2812,5613,947,946,1893,3748,3758,7506
PERTH,2018,7,3016,3021,6037,1015,1012,2027,4031,4033,8064
PERTH,2018,8,2990,2992,5982,972,972,1944,3962,3964,7926
PERTH,2018,9,2898,2893,5791,948,944,1892,3846,3837,7683
PERTH,2018,10,3088,3096,6184,952,952,1904,4040,4048,8088
PERTH,2018,11,2935,2952,5887,908,910,1818,3843,3862,7705
PERTH,2018,12,2957,2949,5906,1005,1003,2008,3962,3952,7914
PERTH,2019,1,2978,2990,5968,991,989,1980,3969,3979,7948
PERTH,2019,2,2698,2704,5402,848,848,1696,3546,3552,7098
PERTH,2019,3,2944,2941,5885,920,921,1841,3864,3862,7726
PERTH,2019,4,2976,2979,5955,863,861,1724,3839,3840,7679
PERTH,2019,5,3052,3056,6108,856,860,1716,3908,3916,7824
PERTH,2019,6,2862,2865,5727,839,842,1681,3701,3707,7408
PERTH,2019,7,3128,3113,6241,903,907,1810,4031,4020,8051
PERTH,2019,8,2968,2961,5929,876,877,1753,3844,3838,7682
PERTH,2019,9,2935,2921,5856,875,875,1750,3810,3796,7606
PERTH,2019,10,3072,3066,6138,918,915,1833,3990,3981,7971
PERTH,2019,11,2839,2830,5669,913,916,1829,3752,3746,7498
PERTH,2019,12,2917,2906,5823,1034,1033,2067,3951,3939,7890
PERTH,2020,1,2907,2915,5822,1045,1044,2089,3952,3959,7911
PERTH,2020,2,2697,2706,5403,875,875,1750,3572,3581,7153
PERTH,2020,3,2554,2551,5105,598,600,1198,3152,3151,6303
PERTH,2020,4,562,556,1118,91,91,182,653,647,1300
PERTH,2020,5,392,392,784,105,104,209,497,496,993
PERTH,2020,6,529,526,1055,96,97,193,625,623,1248
PERTH,2020,7,820,818,1638,107,107,214,927,925,1852
PERTH,2020,8,878,879,1757,119,120,239,997,999,1996
PERTH,2020,9,1155,1151,2306,144,140,284,1299,1291,2590
PERTH,2020,10,1321,1319,2640,138,141,279,1459,1460,2919
PERTH,2020,11,1495,1488,2983,118,118,236,1613,1606,3219
PERTH,2020,12,1944,1927,3871,141,139,280,2085,2066,4151
PERTH,2021,1,1698,1695,3393,112,115,227,1810,1810,3620
PERTH,2021,2,1500,1498,2998,105,105,210,1605,1603,3208
PERTH,2021,3,2149,2145,4294,127,128,255,2276,2273,4549
PERTH,2021,4,2270,2282,4552,132,131,263,2402,2413,4815
PERTH,2021,5,2456,2473,4929,168,168,336,2624,2641,5265
PERTH,2021,6,2241,2251,4492,175,170,345,2416,2421,4837
PERTH,2021,7,1901,1919,3820,193,194,387,2094,2113,4207
PERTH,2021,8,1812,1830,3642,178,177,355,1990,2007,3997
PERTH,2021,9,1931,1944,3875,179,179,358,2110,2123,4233
PERTH,2021,10,1918,1925,3843,181,178,359,2099,2103,4202
PERTH,2021,11,1998,2000,3998,175,173,348,2173,2173,4346
PERTH,2021,12,1824,1827,3651,173,177,350,1997,2004,4001
PERTH,2022,1,1385,1397,2782,166,165,331,1551,1562,3113
PERTH,2022,2,1516,1513,3029,173,168,341,1689,1681,3370
PERTH,2022,3,2051,2061,4112,228,225,453,2279,2286,4565
PERTH,2022,4,2374,2358,4732,274,274,548,2648,2632,5280
PERTH,2022,5,2640,2627,5267,332,331,663,2972,2958,5930
PERTH,2022,6,2688,2661,5349,418,418,836,3106,3079,6185
PERTH,2022,7,2675,2662,5337,538,537,1075,3213,3199,6412
PERTH,2022,8,2748,2739,5487,518,517,1035,3266,3256,6522
PERTH,2022,9,2694,2688,5382,538,538,1076,3232,3226,6458
PERTH,2022,10,2711,2695,5406,579,576,1155,3290,3271,6561
PERTH,2022,11,2699,2691,5390,646,633,1279,3345,3324,6669
PERTH,2022,12,2814,2788,5602,716,703,1419,3530,3491,7021
PERTH,2023,1,2863,2855,5718,748,736,1484,3611,3591,7202
PERTH,2023,2,2540,2538,5078,659,648,1307,3199,3186,6385
PERTH,2023,3,2897,2898,5795,709,700,1409,3606,3598,7204
PERTH,2023,4,2778,2778,5556,705,706,1411,3483,3484,6967
PERTH,2023,5,2937,2939,5876,711,713,1424,3648,3652,7300
PERTH,2023,6,2831,2833,5664,735,742,1477,3566,3575,7141
PERTH,2023,7,2879,2871,5750,815,817,1632,3694,3688,7382
PERTH,2023,8,3014,3018,6032,836,837,1673,3850,3855,7705
PERTH,2023,9,2939,2937,5876,832,831,1663,3771,3768,7539
PERTH,2023,10,3086,3071,6157,846,843,1689,3932,3914,7846
PERTH,2023,11,3030,3043,6073,829,832,1661,3859,3875,7734
PERTH,2023,12,3006,3004,6010,997,997,1994,4003,4001,8004
PERTH,2024,1,3135,3130,6265,1037,1038,2075,4172,4168,8340
PERTH,2024,2,2749,2749,5498,933,931,1864,3682,3680,7362
PERTH,2024,3,2994,2996,5990,955,958,1913,3949,3954,7903
PERTH,2024,4,3203,3195,6398,991,990,1981,4194,4185,8379
PERTH,2024,5,3215,3219,6434,1002,1001,2003,4217,4220,8437
PERTH,2024,6,2989,2977,5966,1040,1037,2077,4029,4014,8043
PERTH,2024,7,3350,3329,6679,1106,1108,2214,4456,4437,8893
PERTH,2024,8,3225,3218,6443,1076,1076,2152,4301,4294,8595
PERTH,2024,9,3185,3158,6343,1106,1106,2212,4291,4264,8555
PERTH,2024,10,3287,3290,6577,1107,1106,2213,4394,4396,8790
PERTH,2024,11,3100,3100,6200,1020,1019,2039,4120,4119,8239
PERTH,2024,12,3197,3187,6384,1186,1185,2371,4383,4372,8755
PERTH,2025,1,3257,3263,6520,1218,1217,2435,4475,4480,8955
PERTH,2025,2,2870,2867,5737,1039,1040,2079,3909,3907,7816
PERTH,2025,3,3157,3146,6303,1080,1078,2158,4237,4224,8461
PERTH,2025,4,3234,3229,6463,1150,1153,2303,4384,4382,8766
PERTH,2025,5,3205,3216,6421,1061,1068,2129,4266,4284,8550
PERTH,2025,6,3122,3116,6238,1096,1102,2198,4218,4218,8436
PROSERPINE,2009,1,62,62,124,0,0,0,62,62,124
PROSERPINE,2009,2,53,53,106,0,0,0,53,53,106
PROSERPINE,2009,3,62,62,124,0,0,0,62,62,124
PROSERPINE,2009,4,60,60,120,0,0,0,60,60,120
PROSERPINE,2009,5,62,62,124,0,0,0,62,62,124
PROSERPINE,2009,6,60,60,120,0,0,0,60,60,120
PROSERPINE,2009,7,62,62,124,0,0,0,62,62,124
PROSERPINE,2009,8,62,62,124,0,0,0,62,62,124
PROSERPINE,2009,9,60,60,120,0,0,0,60,60,120
PROSERPINE,2009,10,63,62,125,0,0,0,63,62,125
PROSERPINE,2009,11,60,60,120,0,0,0,60,60,120
PROSERPINE,2009,12,62,62,124,0,0,0,62,62,124
PROSERPINE,2010,1,61,61,122,0,0,0,61,61,122
PROSERPINE,2010,2,56,56,112,0,0,0,56,56,112
PROSERPINE,2010,3,59,59,118,0,0,0,59,59,118
PROSERPINE,2010,4,60,60,120,0,0,0,60,60,120
PROSERPINE,2010,5,63,62,125,0,0,0,63,62,125
PROSERPINE,2010,6,60,60,120,0,0,0,60,60,120
PROSERPINE,2010,7,62,62,124,0,0,0,62,62,124
PROSERPINE,2010,8,62,62,124,0,0,0,62,62,124
PROSERPINE,2010,9,58,58,116,0,0,0,58,58,116
PROSERPINE,2010,10,62,62,124,0,0,0,62,62,124
PROSERPINE,2010,11,60,60,120,0,0,0,60,60,120
PROSERPINE,2010,12,61,62,123,0,0,0,61,62,123
PROSERPINE,2011,1,61,61,122,0,0,0,61,61,122
PROSERPINE,2011,2,53,53,106,0,0,0,53,53,106
PROSERPINE,2011,3,57,57,114,0,0,0,57,57,114
PROSERPINE,2011,4,60,60,120,0,0,0,60,60,120
PROSERPINE,2011,5,57,57,114,0,0,0,57,57,114
PROSERPINE,2011,6,56,56,112,0,0,0,56,56,112
PROSERPINE,2011,7,62,62,124,0,0,0,62,62,124
PROSERPINE,2011,8,65,65,130,0,0,0,65,65,130
PROSERPINE,2011,9,60,60,120,0,0,0,60,60,120
PROSERPINE,2011,10,62,62,124,0,0,0,62,62,124
PROSERPINE,2011,11,60,60,120,0,0,0,60,60,120
PROSERPINE,2011,12,62,62,124,0,0,0,62,62,124
PROSERPINE,2012,1,61,61,122,0,0,0,61,61,122
PROSERPINE,2012,2,61,61,122,0,0,0,61,61,122
PROSERPINE,2012,3,82,82,164,0,0,0,82,82,164
PROSERPINE,2012,4,79,79,158,0,0,0,79,79,158
PROSERPINE,2012,5,76,75,151,0,0,0,76,75,151
PROSERPINE,2012,6,77,77,154,0,0,0,77,77,154
PROSERPINE,2012,7,85,85,170,0,0,0,85,85,170
PROSERPINE,2012,8,85,85,170,0,0,0,85,85,170
PROSERPINE,2012,9,80,80,160,0,0,0,80,80,160
PROSERPINE,2012,10,85,85,170,0,0,0,85,85,170
PROSERPINE,2012,11,82,82,164,0,0,0,82,82,164
PROSERPINE,2012,12,83,83,166,0,0,0,83,83,166
PROSERPINE,2013,1,84,84,168,0,0,0,84,84,168
PROSERPINE,2013,2,72,72,144,0,0,0,72,72,144
PROSERPINE,2013,3,81,81,162,0,0,0,81,81,162
PROSERPINE,2013,4,80,80,160,0,0,0,80,80,160
PROSERPINE,2013,5,76,76,152,0,0,0,76,76,152
PROSERPINE,2013,6,70,70,140,0,0,0,70,70,140
PROSERPINE,2013,7,85,85,170,0,0,0,85,85,170
PROSERPINE,2013,8,84,84,168,0,0,0,84,84,168
PROSERPINE,2013,9,81,81,162,0,0,0,81,81,162
PROSERPINE,2013,10,83,83,166,0,0,0,83,83,166
PROSERPINE,2013,11,77,76,153,0,0,0,77,76,153
PROSERPINE,2013,12,83,83,166,0,0,0,83,83,166
PROSERPINE,2014,1,79,78,157,0,0,0,79,78,157
PROSERPINE,2014,2,71,71,142,0,0,0,71,71,142
PROSERPINE,2014,3,79,79,158,0,0,0,79,79,158
PROSERPINE,2014,4,94,94,188,0,0,0,94,94,188
PROSERPINE,2014,5,94,94,188,0,0,0,94,94,188
PROSERPINE,2014,6,89,89,178,0,0,0,89,89,178
PROSERPINE,2014,7,97,97,194,0,0,0,97,97,194
PROSERPINE,2014,8,97,97,194,0,0,0,97,97,194
PROSERPINE,2014,9,94,94,188,0,0,0,94,94,188
PROSERPINE,2014,10,98,98,196,0,0,0,98,98,196
PROSERPINE,2014,11,93,93,186,0,0,0,93,93,186
PROSERPINE,2014,12,99,99,198,0,0,0,99,99,198
PROSERPINE,2015,1,98,98,196,0,0,0,98,98,196
PROSERPINE,2015,2,84,84,168,0,0,0,84,84,168
PROSERPINE,2015,3,93,93,186,0,0,0,93,93,186
PROSERPINE,2015,4,96,96,192,0,0,0,96,96,192
PROSERPINE,2015,5,92,92,184,0,0,0,92,92,184
PROSERPINE,2015,6,95,94,189,0,0,0,95,94,189
PROSERPINE,2015,7,118,116,234,0,0,0,118,116,234
PROSERPINE,2015,8,114,114,228,0,0,0,114,114,228
PROSERPINE,2015,9,112,112,224,0,0,0,112,112,224
PROSERPINE,2015,10,115,115,230,0,0,0,115,115,230
PROSERPINE,2015,11,112,112,224,0,0,0,112,112,224
PROSERPINE,2015,12,117,117,234,0,0,0,117,117,234
PROSERPINE,2016,1,115,115,230,0,0,0,115,115,230
PROSERPINE,2016,2,104,104,208,0,0,0,104,104,208
PROSERPINE,2016,3,107,107,214,0,0,0,107,107,214
PROSERPINE,2016,4,89,89,178,0,0,0,89,89,178
PROSERPINE,2016,5,84,84,168,0,0,0,84,84,168
PROSERPINE,2016,6,83,83,166,0,0,0,83,83,166
PROSERPINE,2016,7,93,93,186,0,0,0,93,93,186
PROSERPINE,2016,8,93,93,186,0,0,0,93,93,186
PROSERPINE,2016,9,93,93,186,0,0,0,93,93,186
PROSERPINE,2016,10,98,98,196,0,0,0,98,98,196
PROSERPINE,2016,11,89,89,178,0,0,0,89,89,178
PROSERPINE,2016,12,113,113,226,0,0,0,113,113,226
PROSERPINE,2017,1,106,106,212,0,0,0,106,106,212
PROSERPINE,2017,2,80,78,158,0,0,0,80,78,158
PROSERPINE,2017,3,78,78,156,0,0,0,78,78,156
PROSERPINE,2017,4,134,134,268,0,0,0,134,134,268
PROSERPINE,2017,5,124,124,248,0,0,0,124,124,248
PROSERPINE,2017,6,127,127,254,0,0,0,127,127,254
PROSERPINE,2017,7,140,140,280,0,0,0,140,140,280
PROSERPINE,2017,8,136,136,272,0,0,0,136,136,272
PROSERPINE,2017,9,140,140,280,0,0,0,140,140,280
PROSERPINE,2017,10,142,142,284,0,0,0,142,142,284
PROSERPINE,2017,11,141,140,281,0,0,0,141,140,281
PROSERPINE,2017,12,148,149,297,0,0,0,148,149,297
PROSERPINE,2018,1,152,152,304,0,0,0,152,152,304
PROSERPINE,2018,2,123,123,246,0,0,0,123,123,246
PROSERPINE,2018,3,123,123,246,0,0,0,123,123,246
PROSERPINE,2018,4,123,123,246,0,0,0,123,123,246
PROSERPINE,2018,5,105,105,210,0,0,0,105,105,210
PROSERPINE,2018,6,109,109,218,0,0,0,109,109,218
PROSERPINE,2018,7,129,129,258,0,0,0,129,129,258
PROSERPINE,2018,8,118,118,236,0,0,0,118,118,236
PROSERPINE,2018,9,127,127,254,0,0,0,127,127,254
PROSERPINE,2018,10,141,141,282,0,0,0,141,141,282
PROSERPINE,2018,11,122,122,244,0,0,0,122,122,244
PROSERPINE,2018,12,136,135,271,0,0,0,136,135,271
PROSERPINE,2019,1,138,137,275,0,0,0,138,137,275
PROSERPINE,2019,2,106,104,210,0,0,0,106,104,210
PROSERPINE,2019,3,119,119,238,0,0,0,119,119,238
PROSERPINE,2019,4,133,132,265,0,0,0,133,132,265
PROSERPINE,2019,5,117,117,234,0,0,0,117,117,234
PROSERPINE,2019,6,107,106,213,0,0,0,107,106,213
PROSERPINE,2019,7,130,130,260,0,0,0,130,130,260
PROSERPINE,2019,8,120,120,240,0,0,0,120,120,240
PROSERPINE,2019,9,125,126,251,0,0,0,125,126,251
PROSERPINE,2019,10,129,129,258,0,0,0,129,129,258
PROSERPINE,2019,11,119,119,238,0,0,0,119,119,238
PROSERPINE,2019,12,132,131,263,0,0,0,132,131,263
PROSERPINE,2020,1,137,137,274,0,0,0,137,137,274
PROSERPINE,2020,2,92,91,183,0,0,0,92,91,183
PROSERPINE,2020,3,86,85,171,0,0,0,86,85,171
PROSERPINE,2020,4,0,0,0,0,0,0,0,0,0
PROSERPINE,2020,5,0,0,0,0,0,0,0,0,0
PROSERPINE,2020,6,12,12,24,0,0,0,12,12,24
PROSERPINE,2020,7,75,75,150,0,0,0,75,75,150
PROSERPINE,2020,8,64,63,127,0,0,0,64,63,127
PROSERPINE,2020,9,69,69,138,0,0,0,69,69,138
PROSERPINE,2020,10,81,81,162,0,0,0,81,81,162
PROSERPINE,2020,11,73,73,146,0,0,0,73,73,146
PROSERPINE,2020,12,118,119,237,0,0,0,118,119,237
PROSERPINE,2021,1,113,114,227,0,0,0,113,114,227
PROSERPINE,2021,2,81,81,162,0,0,0,81,81,162
PROSERPINE,2021,3,103,103,206,0,0,0,103,103,206
PROSERPINE,2021,4,117,118,235,0,0,0,117,118,235
PROSERPINE,2021,5,85,87,172,0,0,0,85,87,172
PROSERPINE,2021,6,86,89,175,0,0,0,86,89,175
PROSERPINE,2021,7,100,108,208,0,0,0,100,108,208
PROSERPINE,2021,8,74,80,154,0,0,0,74,80,154
PROSERPINE,2021,9,122,129,251,0,0,0,122,129,251
PROSERPINE,2021,10,169,178,347,0,0,0,169,178,347
PROSERPINE,2021,11,178,179,357,0,0,0,178,179,357
PROSERPINE,2021,12,210,209,419,0,0,0,210,209,419
PROSERPINE,2022,1,205,204,409,0,0,0,205,204,409
PROSERPINE,2022,2,125,125,250,0,0,0,125,125,250
PROSERPINE,2022,3,150,152,302,0,0,0,150,152,302
PROSERPINE,2022,4,183,183,366,0,0,0,183,183,366
PROSERPINE,2022,5,137,137,274,0,0,0,137,137,274
PROSERPINE,2022,6,136,137,273,0,0,0,136,137,273
PROSERPINE,2022,7,154,151,305,0,0,0,154,151,305
PROSERPINE,2022,8,144,140,284,0,0,0,144,140,284
PROSERPINE,2022,9,158,153,311,0,0,0,158,153,311
PROSERPINE,2022,10,158,154,312,0,0,0,158,154,312
PROSERPINE,2022,11,141,138,279,0,0,0,141,138,279
PROSERPINE,2022,12,169,166,335,0,0,0,169,166,335
PROSERPINE,2023,1,156,153,309,0,0,0,156,153,309
PROSERPINE,2023,2,132,128,260,0,0,0,132,128,260
PROSERPINE,2023,3,161,157,318,0,0,0,161,157,318
PROSERPINE,2023,4,213,210,423,0,0,0,213,210,423
PROSERPINE,2023,5,177,172,349,0,0,0,177,172,349
PROSERPINE,2023,6,178,175,353,0,0,0,178,175,353
PROSERPINE,2023,7,189,188,377,0,0,0,189,188,377
PROSERPINE,2023,8,171,169,340,0,0,0,171,169,340
PROSERPINE,2023,9,169,165,334,0,0,0,169,165,334
PROSERPINE,2023,10,181,177,358,0,0,0,181,177,358
PROSERPINE,2023,11,159,156,315,0,0,0,159,156,315
PROSERPINE,2023,12,198,199,397,0,0,0,198,199,397
PROSERPINE,2024,1,197,196,393,0,0,0,197,196,393
PROSERPINE,2024,2,140,140,280,0,0,0,140,140,280
PROSERPINE,2024,3,159,159,318,0,0,0,159,159,318
PROSERPINE,2024,4,176,175,351,0,0,0,176,175,351
PROSERPINE,2024,5,129,130,259,0,0,0,129,130,259
PROSERPINE,2024,6,133,134,267,0,0,0,133,134,267
PROSERPINE,2024,7,154,153,307,0,0,0,154,153,307
PROSERPINE,2024,8,148,148,296,0,0,0,148,148,296
PROSERPINE,2024,9,165,165,330,0,0,0,165,165,330
PROSERPINE,2024,10,170,170,340,0,0,0,170,170,340
PROSERPINE,2024,11,161,161,322,0,0,0,161,161,322
PROSERPINE,2024,12,179,179,358,0,0,0,179,179,358
PROSERPINE,2025,1,177,177,354,0,0,0,177,177,354
PROSERPINE,2025,2,132,131,263,0,0,0,132,131,263
PROSERPINE,2025,3,139,139,278,0,0,0,139,139,278
PROSERPINE,2025,4,168,168,336,0,0,0,168,168,336
PROSERPINE,2025,5,162,161,323,0,0,0,162,161,323
PROSERPINE,2025,6,156,157,313,0,0,0,156,157,313
ROCKHAMPTON,1985,1,475,478,953,0,0,0,475,478,953
ROCKHAMPTON,1985,2,422,423,845,0,0,0,422,423,845
ROCKHAMPTON,1985,3,469,467,936,0,0,0,469,467,936
ROCKHAMPTON,1985,4,425,432,857,0,0,0,425,432,857
ROCKHAMPTON,1985,5,488,484,972,0,0,0,488,484,972
ROCKHAMPTON,1985,6,428,430,858,0,0,0,428,430,858
ROCKHAMPTON,1985,7,426,424,850,0,0,0,426,424,850
ROCKHAMPTON,1985,8,417,417,834,0,0,0,417,417,834
ROCKHAMPTON,1985,9,423,422,845,0,0,0,423,422,845
ROCKHAMPTON,1985,10,485,481,966,0,0,0,485,481,966
ROCKHAMPTON,1985,11,425,431,856,0,0,0,425,431,856
ROCKHAMPTON,1985,12,428,436,864,0,0,0,428,436,864
ROCKHAMPTON,1986,1,451,446,897,0,0,0,451,446,897
ROCKHAMPTON,1986,2,363,365,728,0,0,0,363,365,728
ROCKHAMPTON,1986,3,414,414,828,0,0,0,414,414,828
ROCKHAMPTON,1986,4,410,406,816,0,0,0,410,406,816
ROCKHAMPTON,1986,5,489,500,989,0,0,0,489,500,989
ROCKHAMPTON,1986,6,469,445,914,0,0,0,469,445,914
ROCKHAMPTON,1986,7,487,465,952,0,0,0,487,465,952
ROCKHAMPTON,1986,8,484,483,967,0,0,0,484,483,967
ROCKHAMPTON,1986,9,525,538,1063,0,0,0,525,538,1063
ROCKHAMPTON,1986,10,514,526,1040,0,0,0,514,526,1040
ROCKHAMPTON,1986,11,497,497,994,0,0,0,497,497,994
ROCKHAMPTON,1986,12,488,498,986,0,0,0,488,498,986
ROCKHAMPTON,1987,1,461,455,916,0,0,0,461,455,916
ROCKHAMPTON,1987,2,412,416,828,0,0,0,412,416,828
ROCKHAMPTON,1987,3,459,464,923,0,0,0,459,464,923
ROCKHAMPTON,1987,4,478,480,958,0,0,0,478,480,958
ROCKHAMPTON,1987,5,438,438,876,0,0,0,438,438,876
ROCKHAMPTON,1987,6,426,425,851,0,0,0,426,425,851
ROCKHAMPTON,1987,7,522,511,1033,0,0,0,522,511,1033
ROCKHAMPTON,1987,8,474,472,946,0,0,0,474,472,946
ROCKHAMPTON,1987,9,448,457,905,0,0,0,448,457,905
ROCKHAMPTON,1987,10,446,450,896,0,0,0,446,450,896
ROCKHAMPTON,1987,11,484,481,965,0,0,0,484,481,965
ROCKHAMPTON,1987,12,469,457,926,0,0,0,469,457,926
ROCKHAMPTON,1988,1,466,462,928,0,0,0,466,462,928
ROCKHAMPTON,1988,2,406,418,824,0,0,0,406,418,824
ROCKHAMPTON,1988,3,456,446,902,0,0,0,456,446,902
ROCKHAMPTON,1988,4,488,514,1002,0,0,0,488,514,1002
ROCKHAMPTON,1988,5,473,469,942,0,0,0,473,469,942
ROCKHAMPTON,1988,6,473,480,953,0,0,0,473,480,953
ROCKHAMPTON,1988,7,486,483,969,0,0,0,486,483,969
ROCKHAMPTON,1988,8,452,457,909,0,0,0,452,457,909
ROCKHAMPTON,1988,9,480,498,978,0,0,0,480,498,978
ROCKHAMPTON,1988,10,487,503,990,0,0,0,487,503,990
ROCKHAMPTON,1988,11,459,467,926,0,0,0,459,467,926
ROCKHAMPTON,1988,12,472,478,950,0,0,0,472,478,950
ROCKHAMPTON,1989,1,460,457,917,0,0,0,460,457,917
ROCKHAMPTON,1989,2,406,392,798,0,0,0,406,392,798
ROCKHAMPTON,1989,3,476,472,948,0,0,0,476,472,948
ROCKHAMPTON,1989,4,467,470,937,0,0,0,467,470,937
ROCKHAMPTON,1989,5,595,529,1124,0,0,0,595,529,1124
ROCKHAMPTON,1989,6,478,482,960,0,0,0,478,482,960
ROCKHAMPTON,1989,7,490,488,978,0,0,0,490,488,978
ROCKHAMPTON,1989,8,440,439,879,0,0,0,440,439,879
ROCKHAMPTON,1989,9,332,319,651,0,0,0,332,319,651
ROCKHAMPTON,1989,10,378,370,748,0,0,0,378,370,748
ROCKHAMPTON,1989,11,336,336,672,0,0,0,336,336,672
ROCKHAMPTON,1989,12,348,348,696,0,0,0,348,348,696
ROCKHAMPTON,1990,1,369,370,739,0,0,0,369,370,739
ROCKHAMPTON,1990,2,375,371,746,0,0,0,375,371,746
ROCKHAMPTON,1990,3,395,406,801,0,0,0,395,406,801
ROCKHAMPTON,1990,4,371,378,749,0,0,0,371,378,749
ROCKHAMPTON,1990,5,343,349,692,0,0,0,343,349,692
ROCKHAMPTON,1990,6,346,348,694,0,0,0,346,348,694
ROCKHAMPTON,1990,7,360,365,725,0,0,0,360,365,725
ROCKHAMPTON,1990,8,364,363,727,0,0,0,364,363,727
ROCKHAMPTON,1990,9,389,397,786,0,0,0,389,397,786
ROCKHAMPTON,1990,10,433,431,864,0,0,0,433,431,864
ROCKHAMPTON,1990,11,424,424,848,0,0,0,424,424,848
ROCKHAMPTON,1990,12,425,428,853,0,0,0,425,428,853
ROCKHAMPTON,1991,1,342,338,680,0,0,0,342,338,680
ROCKHAMPTON,1991,2,442,441,883,0,0,0,442,441,883
ROCKHAMPTON,1991,3,494,496,990,0,0,0,494,496,990
ROCKHAMPTON,1991,4,480,479,959,0,0,0,480,479,959
ROCKHAMPTON,1991,5,494,492,986,0,0,0,494,492,986
ROCKHAMPTON,1991,6,465,466,931,0,0,0,465,466,931
ROCKHAMPTON,1991,7,508,508,1016,0,0,0,508,508,1016
ROCKHAMPTON,1991,8,534,535,1069,0,0,0,534,535,1069
ROCKHAMPTON,1991,9,521,521,1042,0,0,0,521,521,1042
ROCKHAMPTON,1991,10,552,552,1104,0,0,0,552,552,1104
ROCKHAMPTON,1991,11,512,512,1024,0,0,0,512,512,1024
ROCKHAMPTON,1991,12,530,529,1059,0,0,0,530,529,1059
ROCKHAMPTON,1992,1,548,542,1090,0,0,0,548,542,1090
ROCKHAMPTON,1992,2,498,500,998,0,0,0,498,500,998
ROCKHAMPTON,1992,3,466,465,931,0,0,0,466,465,931
ROCKHAMPTON,1992,4,481,481,962,0,0,0,481,481,962
ROCKHAMPTON,1992,5,477,478,955,0,0,0,477,478,955
ROCKHAMPTON,1992,6,477,478,955,0,0,0,477,478,955
ROCKHAMPTON,1992,7,526,524,1050,0,0,0,526,524,1050
ROCKHAMPTON,1992,8,504,504,1008,0,0,0,504,504,1008
ROCKHAMPTON,1992,9,521,520,1041,0,0,0,521,520,1041
ROCKHAMPTON,1992,10,527,526,1053,0,0,0,527,526,1053
ROCKHAMPTON,1992,11,472,472,944,0,0,0,472,472,944
ROCKHAMPTON,1992,12,510,509,1019,0,0,0,510,509,1019
ROCKHAMPTON,1993,1,536,535,1071,0,0,0,536,535,1071
ROCKHAMPTON,1993,2,462,463,925,0,0,0,462,463,925
ROCKHAMPTON,1993,3,491,489,980,0,0,0,491,489,980
ROCKHAMPTON,1993,4,492,490,982,0,0,0,492,490,982
ROCKHAMPTON,1993,5,497,490,987,0,0,0,497,490,987
ROCKHAMPTON,1993,6,485,483,968,0,0,0,485,483,968
ROCKHAMPTON,1993,7,497,500,997,0,0,0,497,500,997
ROCKHAMPTON,1993,8,512,510,1022,0,0,0,512,510,1022
ROCKHAMPTON,1993,9,517,520,1037,0,0,0,517,520,1037
ROCKHAMPTON,1993,10,545,548,1093,0,0,0,545,548,1093
ROCKHAMPTON,1993,11,534,527,1061,0,0,0,534,527,1061
ROCKHAMPTON,1993,12,534,535,1069,0,0,0,534,535,1069
ROCKHAMPTON,1994,1,483,483,966,0,0,0,483,483,966
ROCKHAMPTON,1994,2,434,437,871,0,0,0,434,437,871
ROCKHAMPTON,1994,3,469,470,939,0,0,0,469,470,939
ROCKHAMPTON,1994,4,460,460,920,0,0,0,460,460,920
ROCKHAMPTON,1994,5,486,485,971,0,0,0,486,485,971
ROCKHAMPTON,1994,6,469,470,939,0,0,0,469,470,939
ROCKHAMPTON,1994,7,550,547,1097,0,0,0,550,547,1097
ROCKHAMPTON,1994,8,545,549,1094,0,0,0,545,549,1094
ROCKHAMPTON,1994,9,552,554,1106,0,0,0,552,554,1106
ROCKHAMPTON,1994,10,580,580,1160,0,0,0,580,580,1160
ROCKHAMPTON,1994,11,570,570,1140,0,0,0,570,570,1140
ROCKHAMPTON,1994,12,565,564,1129,0,0,0,565,564,1129
ROCKHAMPTON,1995,1,585,582,1167,0,0,0,585,582,1167
ROCKHAMPTON,1995,2,514,514,1028,0,0,0,514,514,1028
ROCKHAMPTON,1995,3,592,594,1186,0,0,0,592,594,1186
ROCKHAMPTON,1995,4,581,582,1163,0,0,0,581,582,1163
ROCKHAMPTON,1995,5,575,574,1149,0,0,0,575,574,1149
ROCKHAMPTON,1995,6,571,571,1142,0,0,0,571,571,1142
ROCKHAMPTON,1995,7,580,580,1160,0,0,0,580,580,1160
ROCKHAMPTON,1995,8,587,586,1173,0,0,0,587,586,1173
ROCKHAMPTON,1995,9,587,588,1175,0,0,0,587,588,1175
ROCKHAMPTON,1995,10,595,594,1189,0,0,0,595,594,1189
ROCKHAMPTON,1995,11,582,581,1163,0,0,0,582,581,1163
ROCKHAMPTON,1995,12,578,577,1155,0,0,0,578,577,1155
ROCKHAMPTON,1996,1,599,598,1197,0,0,0,599,598,1197
ROCKHAMPTON,1996,2,554,555,1109,0,0,0,554,555,1109
ROCKHAMPTON,1996,3,581,581,1162,0,0,0,581,581,1162
ROCKHAMPTON,1996,4,575,574,1149,0,0,0,575,574,1149
ROCKHAMPTON,1996,5,575,575,1150,0,0,0,575,575,1150
ROCKHAMPTON,1996,6,559,569,1128,0,0,0,559,569,1128
ROCKHAMPTON,1996,7,583,584,1167,0,0,0,583,584,1167
ROCKHAMPTON,1996,8,548,548,1096,0,0,0,548,548,1096
ROCKHAMPTON,1996,9,547,545,1092,0,0,0,547,545,1092
ROCKHAMPTON,1996,10,588,586,1174,0,0,0,588,586,1174
ROCKHAMPTON,1996,11,562,561,1123,0,0,0,562,561,1123
ROCKHAMPTON,1996,12,572,573,1145,0,0,0,572,573,1145
ROCKHAMPTON,1997,1,586,583,1169,0,0,0,586,583,1169
ROCKHAMPTON,1997,2,520,517,1037,0,0,0,520,517,1037
ROCKHAMPTON,1997,3,553,551,1104,0,0,0,553,551,1104
ROCKHAMPTON,1997,4,534,531,1065,0,0,0,534,531,1065
ROCKHAMPTON,1997,5,552,553,1105,0,0,0,552,553,1105
ROCKHAMPTON,1997,6,538,537,1075,0,0,0,538,537,1075
ROCKHAMPTON,1997,7,558,558,1116,0,0,0,558,558,1116
ROCKHAMPTON,1997,8,540,533,1073,0,0,0,540,533,1073
ROCKHAMPTON,1997,9,556,551,1107,0,0,0,556,551,1107
ROCKHAMPTON,1997,10,567,566,1133,0,0,0,567,566,1133
ROCKHAMPTON,1997,11,562,556,1118,0,0,0,562,556,1118
ROCKHAMPTON,1997,12,594,597,1191,0,0,0,594,597,1191
ROCKHAMPTON,1998,1,583,582,1165,0,0,0,583,582,1165
ROCKHAMPTON,1998,2,477,474,951,0,0,0,477,474,951
ROCKHAMPTON,1998,3,533,533,1066,0,0,0,533,533,1066
ROCKHAMPTON,1998,4,553,554,1107,0,0,0,553,554,1107
ROCKHAMPTON,1998,5,550,549,1099,0,0,0,550,549,1099
ROCKHAMPTON,1998,6,519,519,1038,0,0,0,519,519,1038
ROCKHAMPTON,1998,7,489,490,979,0,0,0,489,490,979
ROCKHAMPTON,1998,8,475,479,954,0,0,0,475,479,954
ROCKHAMPTON,1998,9,469,468,937,0,0,0,469,468,937
ROCKHAMPTON,1998,10,483,485,968,0,0,0,483,485,968
ROCKHAMPTON,1998,11,461,458,919,0,0,0,461,458,919
ROCKHAMPTON,1998,12,464,466,930,0,0,0,464,466,930
ROCKHAMPTON,1999,1,410,408,818,0,0,0,410,408,818
ROCKHAMPTON,1999,2,368,369,737,0,0,0,368,369,737
ROCKHAMPTON,1999,3,422,421,843,0,0,0,422,421,843
ROCKHAMPTON,1999,4,453,453,906,0,0,0,453,453,906
ROCKHAMPTON,1999,5,462,463,925,0,0,0,462,463,925
ROCKHAMPTON,1999,6,447,450,897,0,0,0,447,450,897
ROCKHAMPTON,1999,7,483,486,969,0,0,0,483,486,969
ROCKHAMPTON,1999,8,473,475,948,0,0,0,473,475,948
ROCKHAMPTON,1999,9,475,467,942,0,0,0,475,467,942
ROCKHAMPTON,1999,10,474,473,947,0,0,0,474,473,947
ROCKHAMPTON,1999,11,466,463,929,0,0,0,466,463,929
ROCKHAMPTON,1999,12,454,456,910,0,0,0,454,456,910
ROCKHAMPTON,2000,1,404,401,805,0,0,0,404,401,805
ROCKHAMPTON,2000,2,430,429,859,0,0,0,430,429,859
ROCKHAMPTON,2000,3,485,484,969,0,0,0,485,484,969
ROCKHAMPTON,2000,4,410,410,820,0,0,0,410,410,820
ROCKHAMPTON,2000,5,455,454,909,0,0,0,455,454,909
ROCKHAMPTON,2000,6,435,436,871,0,0,0,435,436,871
ROCKHAMPTON,2000,7,440,443,883,0,0,0,440,443,883
ROCKHAMPTON,2000,8,461,463,924,0,0,0,461,463,924
ROCKHAMPTON,2000,9,439,443,882,0,0,0,439,443,882
ROCKHAMPTON,2000,10,459,457,916,0,0,0,459,457,916
ROCKHAMPTON,2000,11,413,419,832,0,0,0,413,419,832
ROCKHAMPTON,2000,12,418,419,837,0,0,0,418,419,837
ROCKHAMPTON,2001,1,422,419,841,0,0,0,422,419,841
ROCKHAMPTON,2001,2,402,405,807,0,0,0,402,405,807
ROCKHAMPTON,2001,3,447,451,898,0,0,0,447,451,898
ROCKHAMPTON,2001,4,430,429,859,0,0,0,430,429,859
ROCKHAMPTON,2001,5,468,466,934,0,0,0,468,466,934
ROCKHAMPTON,2001,6,418,419,837,0,0,0,418,419,837
ROCKHAMPTON,2001,7,381,380,761,0,0,0,381,380,761
ROCKHAMPTON,2001,8,385,385,770,0,0,0,385,385,770
ROCKHAMPTON,2001,9,306,306,612,0,0,0,306,306,612
ROCKHAMPTON,2001,10,286,287,573,0,0,0,286,287,573
ROCKHAMPTON,2001,11,294,294,588,0,0,0,294,294,588
ROCKHAMPTON,2001,12,283,283,566,0,0,0,283,283,566
ROCKHAMPTON,2002,1,274,274,548,0,0,0,274,274,548
ROCKHAMPTON,2002,2,252,252,504,0,0,0,252,252,504
ROCKHAMPTON,2002,3,269,270,539,0,0,0,269,270,539
ROCKHAMPTON,2002,4,271,271,542,0,0,0,271,271,542
ROCKHAMPTON,2002,5,277,276,553,0,0,0,277,276,553
ROCKHAMPTON,2002,6,267,267,534,0,0,0,267,267,534
ROCKHAMPTON,2002,7,268,268,536,0,0,0,268,268,536
ROCKHAMPTON,2002,8,285,283,568,0,0,0,285,283,568
ROCKHAMPTON,2002,9,311,312,623,0,0,0,311,312,623
ROCKHAMPTON,2002,10,323,324,647,0,0,0,323,324,647
ROCKHAMPTON,2002,11,273,275,548,0,0,0,273,275,548
ROCKHAMPTON,2002,12,313,313,626,0,0,0,313,313,626
ROCKHAMPTON,2003,1,314,315,629,0,0,0,314,315,629
ROCKHAMPTON,2003,2,285,284,569,0,0,0,285,284,569
ROCKHAMPTON,2003,3,276,276,552,0,0,0,276,276,552
ROCKHAMPTON,2003,4,303,303,606,0,0,0,303,303,606
ROCKHAMPTON,2003,5,314,314,628,0,0,0,314,314,628
ROCKHAMPTON,2003,6,299,299,598,0,0,0,299,299,598
ROCKHAMPTON,2003,7,311,311,622,0,0,0,311,311,622
ROCKHAMPTON,2003,8,308,308,616,0,0,0,308,308,616
ROCKHAMPTON,2003,9,300,300,600,0,0,0,300,300,600
ROCKHAMPTON,2003,10,309,309,618,0,0,0,309,309,618
ROCKHAMPTON,2003,11,300,300,600,0,0,0,300,300,600
ROCKHAMPTON,2003,12,297,297,594,0,0,0,297,297,594
ROCKHAMPTON,2004,1,336,338,674,0,0,0,336,338,674
ROCKHAMPTON,2004,2,339,339,678,0,0,0,339,339,678
ROCKHAMPTON,2004,3,366,366,732,0,0,0,366,366,732
ROCKHAMPTON,2004,4,339,339,678,0,0,0,339,339,678
ROCKHAMPTON,2004,5,389,388,777,0,0,0,389,388,777
ROCKHAMPTON,2004,6,380,380,760,0,0,0,380,380,760
ROCKHAMPTON,2004,7,394,395,789,0,0,0,394,395,789
ROCKHAMPTON,2004,8,395,396,791,0,0,0,395,396,791
ROCKHAMPTON,2004,9,389,390,779,0,0,0,389,390,779
ROCKHAMPTON,2004,10,399,398,797,0,0,0,399,398,797
ROCKHAMPTON,2004,11,411,407,818,0,0,0,411,407,818
ROCKHAMPTON,2004,12,478,479,957,0,0,0,478,479,957
ROCKHAMPTON,2005,1,464,462,926,0,0,0,464,462,926
ROCKHAMPTON,2005,2,440,439,879,0,0,0,440,439,879
ROCKHAMPTON,2005,3,476,476,952,0,0,0,476,476,952
ROCKHAMPTON,2005,4,459,459,918,0,0,0,459,459,918
ROCKHAMPTON,2005,5,480,479,959,0,0,0,480,479,959
ROCKHAMPTON,2005,6,529,529,1058,0,0,0,529,529,1058
ROCKHAMPTON,2005,7,538,537,1075,0,0,0,538,537,1075
ROCKHAMPTON,2005,8,550,550,1100,0,0,0,550,550,1100
ROCKHAMPTON,2005,9,528,526,1054,0,0,0,528,526,1054
ROCKHAMPTON,2005,10,538,538,1076,0,0,0,538,538,1076
ROCKHAMPTON,2005,11,517,517,1034,0,0,0,517,517,1034
ROCKHAMPTON,2005,12,497,500,997,0,0,0,497,500,997
ROCKHAMPTON,2006,1,464,460,924,0,0,0,464,460,924
ROCKHAMPTON,2006,2,458,457,915,0,0,0,458,457,915
ROCKHAMPTON,2006,3,520,516,1036,0,0,0,520,516,1036
ROCKHAMPTON,2006,4,477,476,953,0,0,0,477,476,953
ROCKHAMPTON,2006,5,543,543,1086,0,0,0,543,543,1086
ROCKHAMPTON,2006,6,503,501,1004,0,0,0,503,501,1004
ROCKHAMPTON,2006,7,508,504,1012,0,0,0,508,504,1012
ROCKHAMPTON,2006,8,515,511,1026,0,0,0,515,511,1026
ROCKHAMPTON,2006,9,495,489,984,0,0,0,495,489,984
ROCKHAMPTON,2006,10,511,507,1018,0,0,0,511,507,1018
ROCKHAMPTON,2006,11,497,493,990,0,0,0,497,493,990
ROCKHAMPTON,2006,12,458,453,911,0,0,0,458,453,911
ROCKHAMPTON,2007,1,441,435,876,0,0,0,441,435,876
ROCKHAMPTON,2007,2,449,446,895,0,0,0,449,446,895
ROCKHAMPTON,2007,3,513,507,1020,0,0,0,513,507,1020
ROCKHAMPTON,2007,4,479,475,954,0,0,0,479,475,954
ROCKHAMPTON,2007,5,515,512,1027,0,0,0,515,512,1027
ROCKHAMPTON,2007,6,495,486,981,0,0,0,495,486,981
ROCKHAMPTON,2007,7,524,499,1023,0,0,0,524,499,1023
ROCKHAMPTON,2007,8,525,494,1019,0,0,0,525,494,1019
ROCKHAMPTON,2007,9,493,467,960,0,0,0,493,467,960
ROCKHAMPTON,2007,10,522,493,1015,0,0,0,522,493,1015
ROCKHAMPTON,2007,11,509,480,989,0,0,0,509,480,989
ROCKHAMPTON,2007,12,503,483,986,0,0,0,503,483,986
ROCKHAMPTON,2008,1,483,467,950,0,0,0,483,467,950
ROCKHAMPTON,2008,2,448,430,878,0,0,0,448,430,878
ROCKHAMPTON,2008,3,449,442,891,0,0,0,449,442,891
ROCKHAMPTON,2008,4,458,447,905,0,0,0,458,447,905
ROCKHAMPTON,2008,5,496,482,978,0,0,0,496,482,978
ROCKHAMPTON,2008,6,478,472,950,0,0,0,478,472,950
ROCKHAMPTON,2008,7,519,511,1030,0,0,0,519,511,1030
ROCKHAMPTON,2008,8,521,512,1033,0,0,0,521,512,1033
ROCKHAMPTON,2008,9,493,491,984,0,0,0,493,491,984
ROCKHAMPTON,2008,10,549,541,1090,0,0,0,549,541,1090
ROCKHAMPTON,2008,11,538,534,1072,0,0,0,538,534,1072
ROCKHAMPTON,2008,12,520,518,1038,0,0,0,520,518,1038
ROCKHAMPTON,2009,1,489,479,968,0,0,0,489,479,968
ROCKHAMPTON,2009,2,452,444,896,0,0,0,452,444,896
ROCKHAMPTON,2009,3,529,524,1053,0,0,0,529,524,1053
ROCKHAMPTON,2009,4,550,547,1097,0,0,0,550,547,1097
ROCKHAMPTON,2009,5,575,571,1146,0,0,0,575,571,1146
ROCKHAMPTON,2009,6,536,534,1070,0,0,0,536,534,1070
ROCKHAMPTON,2009,7,571,571,1142,0,0,0,571,571,1142
ROCKHAMPTON,2009,8,539,539,1078,0,0,0,539,539,1078
ROCKHAMPTON,2009,9,518,518,1036,0,0,0,518,518,1036
ROCKHAMPTON,2009,10,552,552,1104,0,0,0,552,552,1104
ROCKHAMPTON,2009,11,537,536,1073,0,0,0,537,536,1073
ROCKHAMPTON,2009,12,539,540,1079,0,0,0,539,540,1079
ROCKHAMPTON,2010,1,540,536,1076,0,0,0,540,536,1076
ROCKHAMPTON,2010,2,563,557,1120,0,0,0,563,557,1120
ROCKHAMPTON,2010,3,609,611,1220,0,0,0,609,611,1220
ROCKHAMPTON,2010,4,619,618,1237,0,0,0,619,618,1237
ROCKHAMPTON,2010,5,621,619,1240,0,0,0,621,619,1240
ROCKHAMPTON,2010,6,605,606,1211,0,0,0,605,606,1211
ROCKHAMPTON,2010,7,630,628,1258,0,0,0,630,628,1258
ROCKHAMPTON,2010,8,618,618,1236,0,0,0,618,618,1236
ROCKHAMPTON,2010,9,618,617,1235,0,0,0,618,617,1235
ROCKHAMPTON,2010,10,639,639,1278,0,0,0,639,639,1278
ROCKHAMPTON,2010,11,628,629,1257,0,0,0,628,629,1257
ROCKHAMPTON,2010,12,617,617,1234,0,0,0,617,617,1234
ROCKHAMPTON,2011,1,159,158,317,0,0,0,159,158,317
ROCKHAMPTON,2011,2,507,505,1012,0,0,0,507,505,1012
ROCKHAMPTON,2011,3,593,593,1186,0,0,0,593,593,1186
ROCKHAMPTON,2011,4,563,564,1127,0,0,0,563,564,1127
ROCKHAMPTON,2011,5,597,596,1193,0,0,0,597,596,1193
ROCKHAMPTON,2011,6,575,574,1149,0,0,0,575,574,1149
ROCKHAMPTON,2011,7,580,580,1160,0,0,0,580,580,1160
ROCKHAMPTON,2011,8,584,586,1170,0,0,0,584,586,1170
ROCKHAMPTON,2011,9,568,567,1135,0,0,0,568,567,1135
ROCKHAMPTON,2011,10,551,521,1072,0,0,0,551,521,1072
ROCKHAMPTON,2011,11,532,516,1048,0,0,0,532,516,1048
ROCKHAMPTON,2011,12,524,510,1034,0,0,0,524,510,1034
ROCKHAMPTON,2012,1,513,489,1002,0,0,0,513,489,1002
ROCKHAMPTON,2012,2,527,507,1034,0,0,0,527,507,1034
ROCKHAMPTON,2012,3,576,561,1137,0,0,0,576,561,1137
ROCKHAMPTON,2012,4,520,502,1022,0,0,0,520,502,1022
ROCKHAMPTON,2012,5,589,571,1160,0,0,0,589,571,1160
ROCKHAMPTON,2012,6,549,533,1082,0,0,0,549,533,1082
ROCKHAMPTON,2012,7,605,589,1194,0,0,0,605,589,1194
ROCKHAMPTON,2012,8,622,606,1228,0,0,0,622,606,1228
ROCKHAMPTON,2012,9,596,578,1174,0,0,0,596,578,1174
ROCKHAMPTON,2012,10,619,597,1216,0,0,0,619,597,1216
ROCKHAMPTON,2012,11,625,604,1229,0,0,0,625,604,1229
ROCKHAMPTON,2012,12,603,584,1187,0,0,0,603,584,1187
ROCKHAMPTON,2013,1,585,570,1155,0,0,0,585,570,1155
ROCKHAMPTON,2013,2,550,535,1085,0,0,0,550,535,1085
ROCKHAMPTON,2013,3,612,598,1210,0,0,0,612,598,1210
ROCKHAMPTON,2013,4,597,583,1180,0,0,0,597,583,1180
ROCKHAMPTON,2013,5,598,582,1180,0,0,0,598,582,1180
ROCKHAMPTON,2013,6,552,537,1089,0,0,0,552,537,1089
ROCKHAMPTON,2013,7,616,599,1215,0,0,0,616,599,1215
ROCKHAMPTON,2013,8,590,574,1164,0,0,0,590,574,1164
ROCKHAMPTON,2013,9,578,564,1142,0,0,0,578,564,1142
ROCKHAMPTON,2013,10,613,596,1209,0,0,0,613,596,1209
ROCKHAMPTON,2013,11,546,531,1077,0,0,0,546,531,1077
ROCKHAMPTON,2013,12,536,516,1052,0,0,0,536,516,1052
ROCKHAMPTON,2014,1,505,491,996,0,0,0,505,491,996
ROCKHAMPTON,2014,2,482,466,948,0,0,0,482,466,948
ROCKHAMPTON,2014,3,537,522,1059,0,0,0,537,522,1059
ROCKHAMPTON,2014,4,517,502,1019,0,0,0,517,502,1019
ROCKHAMPTON,2014,5,549,534,1083,0,0,0,549,534,1083
ROCKHAMPTON,2014,6,530,507,1037,0,0,0,530,507,1037
ROCKHAMPTON,2014,7,554,538,1092,0,0,0,554,538,1092
ROCKHAMPTON,2014,8,548,530,1078,0,0,0,548,530,1078
ROCKHAMPTON,2014,9,532,514,1046,0,0,0,532,514,1046
ROCKHAMPTON,2014,10,552,535,1087,0,0,0,552,535,1087
ROCKHAMPTON,2014,11,518,498,1016,0,0,0,518,498,1016
ROCKHAMPTON,2014,12,528,514,1042,0,0,0,528,514,1042
ROCKHAMPTON,2015,1,525,509,1034,0,0,0,525,509,1034
ROCKHAMPTON,2015,2,445,428,873,0,0,0,445,428,873
ROCKHAMPTON,2015,3,535,517,1052,0,0,0,535,517,1052
ROCKHAMPTON,2015,4,453,441,894,0,0,0,453,441,894
ROCKHAMPTON,2015,5,482,463,945,0,0,0,482,463,945
ROCKHAMPTON,2015,6,458,436,894,0,0,0,458,436,894
ROCKHAMPTON,2015,7,488,468,956,0,0,0,488,468,956
ROCKHAMPTON,2015,8,475,460,935,0,0,0,475,460,935
ROCKHAMPTON,2015,9,455,439,894,0,0,0,455,439,894
ROCKHAMPTON,2015,10,469,454,923,0,0,0,469,454,923
ROCKHAMPTON,2015,11,453,432,885,0,0,0,453,432,885
ROCKHAMPTON,2015,12,434,420,854,0,0,0,434,420,854
ROCKHAMPTON,2016,1,398,381,779,0,0,0,398,381,779
ROCKHAMPTON,2016,2,440,421,861,0,0,0,440,421,861
ROCKHAMPTON,2016,3,463,446,909,0,0,0,463,446,909
ROCKHAMPTON,2016,4,440,424,864,0,0,0,440,424,864
ROCKHAMPTON,2016,5,460,444,904,0,0,0,460,444,904
ROCKHAMPTON,2016,6,455,437,892,0,0,0,455,437,892
ROCKHAMPTON,2016,7,457,442,899,0,0,0,457,442,899
ROCKHAMPTON,2016,8,453,436,889,0,0,0,453,436,889
ROCKHAMPTON,2016,9,446,429,875,0,0,0,446,429,875
ROCKHAMPTON,2016,10,442,419,861,0,0,0,442,419,861
ROCKHAMPTON,2016,11,455,436,891,0,0,0,455,436,891
ROCKHAMPTON,2016,12,465,447,912,0,0,0,465,447,912
ROCKHAMPTON,2017,1,411,394,805,0,0,0,411,394,805
ROCKHAMPTON,2017,2,428,411,839,0,0,0,428,411,839
ROCKHAMPTON,2017,3,443,427,870,0,0,0,443,427,870
ROCKHAMPTON,2017,4,264,248,512,0,0,0,264,248,512
ROCKHAMPTON,2017,5,423,407,830,0,0,0,423,407,830
ROCKHAMPTON,2017,6,419,404,823,0,0,0,419,404,823
ROCKHAMPTON,2017,7,432,417,849,0,0,0,432,417,849
ROCKHAMPTON,2017,8,451,434,885,0,0,0,451,434,885
ROCKHAMPTON,2017,9,430,412,842,0,0,0,430,412,842
ROCKHAMPTON,2017,10,445,424,869,0,0,0,445,424,869
ROCKHAMPTON,2017,11,451,429,880,0,0,0,451,429,880
ROCKHAMPTON,2017,12,426,402,828,0,0,0,426,402,828
ROCKHAMPTON,2018,1,421,396,817,0,0,0,421,396,817
ROCKHAMPTON,2018,2,385,362,747,0,0,0,385,362,747
ROCKHAMPTON,2018,3,431,412,843,0,0,0,431,412,843
ROCKHAMPTON,2018,4,426,404,830,0,0,0,426,404,830
ROCKHAMPTON,2018,5,477,456,933,0,0,0,477,456,933
ROCKHAMPTON,2018,6,393,370,763,0,0,0,393,370,763
ROCKHAMPTON,2018,7,413,403,816,0,0,0,413,403,816
ROCKHAMPTON,2018,8,398,407,805,0,0,0,398,407,805
ROCKHAMPTON,2018,9,392,390,782,0,0,0,392,390,782
ROCKHAMPTON,2018,10,420,413,833,0,0,0,420,413,833
ROCKHAMPTON,2018,11,391,388,779,0,0,0,391,388,779
ROCKHAMPTON,2018,12,382,377,759,0,0,0,382,377,759
ROCKHAMPTON,2019,1,392,386,778,0,0,0,392,386,778
ROCKHAMPTON,2019,2,368,364,732,0,0,0,368,364,732
ROCKHAMPTON,2019,3,400,394,794,0,0,0,400,394,794
ROCKHAMPTON,2019,4,385,380,765,0,0,0,385,380,765
ROCKHAMPTON,2019,5,412,407,819,0,0,0,412,407,819
ROCKHAMPTON,2019,6,388,385,773,0,0,0,388,385,773
ROCKHAMPTON,2019,7,413,408,821,0,0,0,413,408,821
ROCKHAMPTON,2019,8,394,390,784,0,0,0,394,390,784
ROCKHAMPTON,2019,9,389,382,771,0,0,0,389,382,771
ROCKHAMPTON,2019,10,412,408,820,0,0,0,412,408,820
ROCKHAMPTON,2019,11,384,382,766,0,0,0,384,382,766
ROCKHAMPTON,2019,12,376,372,748,0,0,0,376,372,748
ROCKHAMPTON,2020,1,388,379,767,0,0,0,388,379,767
ROCKHAMPTON,2020,2,370,367,737,0,0,0,370,367,737
ROCKHAMPTON,2020,3,336,332,668,0,0,0,336,332,668
ROCKHAMPTON,2020,4,93,88,181,0,0,0,93,88,181
ROCKHAMPTON,2020,5,72,68,140,0,0,0,72,68,140
ROCKHAMPTON,2020,6,109,105,214,0,0,0,109,105,214
ROCKHAMPTON,2020,7,175,170,345,0,0,0,175,170,345
ROCKHAMPTON,2020,8,202,198,400,0,0,0,202,198,400
ROCKHAMPTON,2020,9,221,215,436,0,0,0,221,215,436
ROCKHAMPTON,2020,10,244,239,483,0,0,0,244,239,483
ROCKHAMPTON,2020,11,277,280,557,0,0,0,277,280,557
ROCKHAMPTON,2020,12,307,294,601,0,0,0,307,294,601
ROCKHAMPTON,2021,1,281,279,560,0,0,0,281,279,560
ROCKHAMPTON,2021,2,258,258,516,0,0,0,258,258,516
ROCKHAMPTON,2021,3,318,317,635,0,0,0,318,317,635
ROCKHAMPTON,2021,4,313,313,626,0,0,0,313,313,626
ROCKHAMPTON,2021,5,325,325,650,0,0,0,325,325,650
ROCKHAMPTON,2021,6,339,338,677,0,0,0,339,338,677
ROCKHAMPTON,2021,7,346,345,691,0,0,0,346,345,691
ROCKHAMPTON,2021,8,233,236,469,0,0,0,233,236,469
ROCKHAMPTON,2021,9,285,284,569,0,0,0,285,284,569
ROCKHAMPTON,2021,10,327,327,654,0,0,0,327,327,654
ROCKHAMPTON,2021,11,354,349,703,0,0,0,354,349,703
ROCKHAMPTON,2021,12,363,350,713,0,0,0,363,350,713
ROCKHAMPTON,2022,1,286,284,570,0,0,0,286,284,570
ROCKHAMPTON,2022,2,249,246,495,0,0,0,249,246,495
ROCKHAMPTON,2022,3,320,315,635,0,0,0,320,315,635
ROCKHAMPTON,2022,4,291,289,580,0,0,0,291,289,580
ROCKHAMPTON,2022,5,339,338,677,0,0,0,339,338,677
ROCKHAMPTON,2022,6,353,349,702,0,0,0,353,349,702
ROCKHAMPTON,2022,7,343,342,685,0,0,0,343,342,685
ROCKHAMPTON,2022,8,337,336,673,0,0,0,337,336,673
ROCKHAMPTON,2022,9,289,301,590,0,0,0,289,301,590
ROCKHAMPTON,2022,10,310,318,628,0,0,0,310,318,628
ROCKHAMPTON,2022,11,351,361,712,0,0,0,351,361,712
ROCKHAMPTON,2022,12,363,377,740,0,0,0,363,377,740
ROCKHAMPTON,2023,1,368,376,744,0,0,0,368,376,744
ROCKHAMPTON,2023,2,338,347,685,0,0,0,338,347,685
ROCKHAMPTON,2023,3,407,420,827,0,0,0,407,420,827
ROCKHAMPTON,2023,4,392,400,792,0,0,0,392,400,792
ROCKHAMPTON,2023,5,445,456,901,0,0,0,445,456,901
ROCKHAMPTON,2023,6,430,438,868,0,0,0,430,438,868
ROCKHAMPTON,2023,7,423,437,860,0,0,0,423,437,860
ROCKHAMPTON,2023,8,431,448,879,0,0,0,431,448,879
ROCKHAMPTON,2023,9,410,424,834,0,0,0,410,424,834
ROCKHAMPTON,2023,10,430,441,871,0,0,0,430,441,871
ROCKHAMPTON,2023,11,427,438,865,0,0,0,427,438,865
ROCKHAMPTON,2023,12,399,408,807,0,0,0,399,408,807
ROCKHAMPTON,2024,1,375,372,747,0,0,0,375,372,747
ROCKHAMPTON,2024,2,392,391,783,0,0,0,392,391,783
ROCKHAMPTON,2024,3,425,422,847,0,0,0,425,422,847
ROCKHAMPTON,2024,4,438,435,873,0,0,0,438,435,873
ROCKHAMPTON,2024,5,441,439,880,0,0,0,441,439,880
ROCKHAMPTON,2024,6,390,388,778,0,0,0,390,388,778
ROCKHAMPTON,2024,7,427,425,852,0,0,0,427,425,852
ROCKHAMPTON,2024,8,417,417,834,0,0,0,417,417,834
ROCKHAMPTON,2024,9,407,403,810,0,0,0,407,403,810
ROCKHAMPTON,2024,10,416,417,833,0,0,0,416,417,833
ROCKHAMPTON,2024,11,392,392,784,0,0,0,392,392,784
ROCKHAMPTON,2024,12,375,372,747,0,0,0,375,372,747
ROCKHAMPTON,2025,1,355,352,707,0,0,0,355,352,707
ROCKHAMPTON,2025,2,369,368,737,0,0,0,369,368,737
ROCKHAMPTON,2025,3,378,371,749,0,0,0,378,371,749
ROCKHAMPTON,2025,4,358,354,712,0,0,0,358,354,712
ROCKHAMPTON,2025,5,406,406,812,0,0,0,406,406,812
ROCKHAMPTON,2025,6,391,389,780,0,0,0,391,389,780
SUNSHINE COAST,1985,1,198,199,397,0,0,0,198,199,397
SUNSHINE COAST,1985,2,146,144,290,0,0,0,146,144,290
SUNSHINE COAST,1985,3,174,174,348,0,0,0,174,174,348
SUNSHINE COAST,1985,4,186,187,373,0,0,0,186,187,373
SUNSHINE COAST,1985,5,208,205,413,0,0,0,208,205,413
SUNSHINE COAST,1985,6,178,179,357,0,0,0,178,179,357
SUNSHINE COAST,1985,7,179,159,338,0,0,0,179,159,338
SUNSHINE COAST,1985,8,211,198,409,0,0,0,211,198,409
SUNSHINE COAST,1985,9,169,169,338,0,0,0,169,169,338
SUNSHINE COAST,1985,10,170,140,310,0,0,0,170,140,310
SUNSHINE COAST,1985,11,156,155,311,0,0,0,156,155,311
SUNSHINE COAST,1985,12,192,174,366,0,0,0,192,174,366
SUNSHINE COAST,1986,1,230,231,461,0,0,0,230,231,461
SUNSHINE COAST,1986,2,162,163,325,0,0,0,162,163,325
SUNSHINE COAST,1986,3,148,134,282,0,0,0,148,134,282
SUNSHINE COAST,1986,4,179,147,326,0,0,0,179,147,326
SUNSHINE COAST,1986,5,181,181,362,0,0,0,181,181,362
SUNSHINE COAST,1986,6,158,157,315,0,0,0,158,157,315
SUNSHINE COAST,1986,7,192,158,350,0,0,0,192,158,350
SUNSHINE COAST,1986,8,190,165,355,0,0,0,190,165,355
SUNSHINE COAST,1986,9,183,206,389,0,0,0,183,206,389
SUNSHINE COAST,1986,10,174,178,352,0,0,0,174,178,352
SUNSHINE COAST,1986,11,168,168,336,0,0,0,168,168,336
SUNSHINE COAST,1986,12,203,201,404,0,0,0,203,201,404
SUNSHINE COAST,1987,1,167,166,333,0,0,0,167,166,333
SUNSHINE COAST,1987,2,128,124,252,0,0,0,128,124,252
SUNSHINE COAST,1987,3,116,116,232,0,0,0,116,116,232
SUNSHINE COAST,1987,4,174,171,345,0,0,0,174,171,345
SUNSHINE COAST,1987,5,137,136,273,0,0,0,137,136,273
SUNSHINE COAST,1987,6,162,163,325,0,0,0,162,163,325
SUNSHINE COAST,1987,7,209,209,418,0,0,0,209,209,418
SUNSHINE COAST,1987,8,206,208,414,0,0,0,206,208,414
SUNSHINE COAST,1987,9,223,223,446,0,0,0,223,223,446
SUNSHINE COAST,1987,10,271,267,538,0,0,0,271,267,538
SUNSHINE COAST,1987,11,277,247,524,0,0,0,277,247,524
SUNSHINE COAST,1987,12,289,289,578,0,0,0,289,289,578
SUNSHINE COAST,1988,1,291,295,586,0,0,0,291,295,586
SUNSHINE COAST,1988,2,242,241,483,0,0,0,242,241,483
SUNSHINE COAST,1988,3,223,224,447,0,0,0,223,224,447
SUNSHINE COAST,1988,4,221,219,440,0,0,0,221,219,440
SUNSHINE COAST,1988,5,218,228,446,0,0,0,218,228,446
SUNSHINE COAST,1988,6,267,264,531,0,0,0,267,264,531
SUNSHINE COAST,1988,7,254,246,500,0,0,0,254,246,500
SUNSHINE COAST,1988,8,246,252,498,0,0,0,246,252,498
SUNSHINE COAST,1988,9,262,260,522,0,0,0,262,260,522
SUNSHINE COAST,1988,10,253,251,504,0,0,0,253,251,504
SUNSHINE COAST,1988,11,168,181,349,0,0,0,168,181,349
SUNSHINE COAST,1988,12,237,235,472,0,0,0,237,235,472
SUNSHINE COAST,1989,1,254,258,512,0,0,0,254,258,512
SUNSHINE COAST,1989,2,178,182,360,0,0,0,178,182,360
SUNSHINE COAST,1989,3,200,196,396,0,0,0,200,196,396
SUNSHINE COAST,1989,4,171,171,342,0,0,0,171,171,342
SUNSHINE COAST,1989,5,199,194,393,0,0,0,199,194,393
SUNSHINE COAST,1989,6,169,169,338,0,0,0,169,169,338
SUNSHINE COAST,1989,7,205,202,407,0,0,0,205,202,407
SUNSHINE COAST,1989,8,135,134,269,0,0,0,135,134,269
SUNSHINE COAST,1989,9,26,25,51,0,0,0,26,25,51
SUNSHINE COAST,1989,10,66,66,132,0,0,0,66,66,132
SUNSHINE COAST,1989,11,67,68,135,0,0,0,67,68,135
SUNSHINE COAST,1989,12,121,121,242,0,0,0,121,121,242
SUNSHINE COAST,1990,1,177,177,354,0,0,0,177,177,354
SUNSHINE COAST,1990,2,153,152,305,0,0,0,153,152,305
SUNSHINE COAST,1990,3,129,130,259,0,0,0,129,130,259
SUNSHINE COAST,1990,4,180,179,359,0,0,0,180,179,359
SUNSHINE COAST,1990,5,154,157,311,0,0,0,154,157,311
SUNSHINE COAST,1990,6,158,158,316,0,0,0,158,158,316
SUNSHINE COAST,1990,7,185,187,372,0,0,0,185,187,372
SUNSHINE COAST,1990,8,234,218,452,0,0,0,234,218,452
SUNSHINE COAST,1990,9,198,197,395,0,0,0,198,197,395
SUNSHINE COAST,1990,10,214,214,428,0,0,0,214,214,428
SUNSHINE COAST,1990,11,185,186,371,0,0,0,185,186,371
SUNSHINE COAST,1990,12,210,213,423,0,0,0,210,213,423
SUNSHINE COAST,1991,1,151,150,301,0,0,0,151,150,301
SUNSHINE COAST,1991,2,141,140,281,0,0,0,141,140,281
SUNSHINE COAST,1991,3,160,160,320,0,0,0,160,160,320
SUNSHINE COAST,1991,4,159,158,317,0,0,0,159,158,317
SUNSHINE COAST,1991,5,166,165,331,0,0,0,166,165,331
SUNSHINE COAST,1991,6,153,153,306,0,0,0,153,153,306
SUNSHINE COAST,1991,7,152,152,304,0,0,0,152,152,304
SUNSHINE COAST,1991,8,73,72,145,0,0,0,73,72,145
SUNSHINE COAST,1991,9,78,78,156,0,0,0,78,78,156
SUNSHINE COAST,1991,10,79,79,158,0,0,0,79,79,158
SUNSHINE COAST,1991,11,79,79,158,0,0,0,79,79,158
SUNSHINE COAST,1991,12,91,91,182,0,0,0,91,91,182
SUNSHINE COAST,1992,1,92,92,184,0,0,0,92,92,184
SUNSHINE COAST,1992,2,73,74,147,0,0,0,73,74,147
SUNSHINE COAST,1992,3,92,91,183,0,0,0,92,91,183
SUNSHINE COAST,1992,4,121,120,241,0,0,0,121,120,241
SUNSHINE COAST,1992,5,115,115,230,0,0,0,115,115,230
SUNSHINE COAST,1992,6,103,104,207,0,0,0,103,104,207
SUNSHINE COAST,1992,7,119,117,236,0,0,0,119,117,236
SUNSHINE COAST,1992,8,111,112,223,0,0,0,111,112,223
SUNSHINE COAST,1992,9,122,122,244,0,0,0,122,122,244
SUNSHINE COAST,1992,10,120,119,239,0,0,0,120,119,239
SUNSHINE COAST,1992,11,128,128,256,0,0,0,128,128,256
SUNSHINE COAST,1992,12,148,148,296,0,0,0,148,148,296
SUNSHINE COAST,1993,1,182,183,365,0,0,0,182,183,365
SUNSHINE COAST,1993,2,107,107,214,0,0,0,107,107,214
SUNSHINE COAST,1993,3,118,116,234,0,0,0,118,116,234
SUNSHINE COAST,1993,4,156,155,311,0,0,0,156,155,311
SUNSHINE COAST,1993,5,157,158,315,0,0,0,157,158,315
SUNSHINE COAST,1993,6,167,166,333,0,0,0,167,166,333
SUNSHINE COAST,1993,7,213,212,425,0,0,0,213,212,425
SUNSHINE COAST,1993,8,186,187,373,0,0,0,186,187,373
SUNSHINE COAST,1993,9,233,235,468,0,0,0,233,235,468
SUNSHINE COAST,1993,10,247,245,492,0,0,0,247,245,492
SUNSHINE COAST,1993,11,191,191,382,0,0,0,191,191,382
SUNSHINE COAST,1993,12,223,222,445,0,0,0,223,222,445
SUNSHINE COAST,1994,1,201,201,402,0,0,0,201,201,402
SUNSHINE COAST,1994,2,167,167,334,0,0,0,167,167,334
SUNSHINE COAST,1994,3,182,182,364,0,0,0,182,182,364
SUNSHINE COAST,1994,4,199,199,398,0,0,0,199,199,398
SUNSHINE COAST,1994,5,226,226,452,0,0,0,226,226,452
SUNSHINE COAST,1994,6,192,192,384,0,0,0,192,192,384
SUNSHINE COAST,1994,7,233,232,465,0,0,0,233,232,465
SUNSHINE COAST,1994,8,246,245,491,0,0,0,246,245,491
SUNSHINE COAST,1994,9,284,279,563,0,0,0,284,279,563
SUNSHINE COAST,1994,10,278,279,557,0,0,0,278,279,557
SUNSHINE COAST,1994,11,237,237,474,0,0,0,237,237,474
SUNSHINE COAST,1994,12,272,270,542,0,0,0,272,270,542
SUNSHINE COAST,1995,1,306,306,612,0,0,0,306,306,612
SUNSHINE COAST,1995,2,224,225,449,0,0,0,224,225,449
SUNSHINE COAST,1995,3,276,276,552,0,0,0,276,276,552
SUNSHINE COAST,1995,4,316,317,633,0,0,0,316,317,633
SUNSHINE COAST,1995,5,275,273,548,0,0,0,275,273,548
SUNSHINE COAST,1995,6,270,271,541,0,0,0,270,271,541
SUNSHINE COAST,1995,7,330,330,660,0,0,0,330,330,660
SUNSHINE COAST,1995,8,317,317,634,0,0,0,317,317,634
SUNSHINE COAST,1995,9,334,332,666,0,0,0,334,332,666
SUNSHINE COAST,1995,10,343,341,684,0,0,0,343,341,684
SUNSHINE COAST,1995,11,310,309,619,0,0,0,310,309,619
SUNSHINE COAST,1995,12,385,379,764,0,0,0,385,379,764
SUNSHINE COAST,1996,1,439,438,877,0,0,0,439,438,877
SUNSHINE COAST,1996,2,348,343,691,0,0,0,348,343,691
SUNSHINE COAST,1996,3,389,388,777,0,0,0,389,388,777
SUNSHINE COAST,1996,4,411,411,822,0,0,0,411,411,822
SUNSHINE COAST,1996,5,288,291,579,0,0,0,288,291,579
SUNSHINE COAST,1996,6,277,275,552,0,0,0,277,275,552
SUNSHINE COAST,1996,7,349,348,697,0,0,0,349,348,697
SUNSHINE COAST,1996,8,345,345,690,0,0,0,345,345,690
SUNSHINE COAST,1996,9,389,386,775,0,0,0,389,386,775
SUNSHINE COAST,1996,10,412,412,824,0,0,0,412,412,824
SUNSHINE COAST,1996,11,341,343,684,0,0,0,341,343,684
SUNSHINE COAST,1996,12,329,331,660,0,0,0,329,331,660
SUNSHINE COAST,1997,1,298,298,596,0,0,0,298,298,596
SUNSHINE COAST,1997,2,206,206,412,0,0,0,206,206,412
SUNSHINE COAST,1997,3,280,280,560,0,0,0,280,280,560
SUNSHINE COAST,1997,4,244,245,489,0,0,0,244,245,489
SUNSHINE COAST,1997,5,213,212,425,0,0,0,213,212,425
SUNSHINE COAST,1997,6,224,226,450,0,0,0,224,226,450
SUNSHINE COAST,1997,7,240,241,481,0,0,0,240,241,481
SUNSHINE COAST,1997,8,240,238,478,0,0,0,240,238,478
SUNSHINE COAST,1997,9,283,282,565,0,0,0,283,282,565
SUNSHINE COAST,1997,10,297,295,592,0,0,0,297,295,592
SUNSHINE COAST,1997,11,261,265,526,0,0,0,261,265,526
SUNSHINE COAST,1997,12,291,296,587,0,0,0,291,296,587
SUNSHINE COAST,1998,1,287,287,574,0,0,0,287,287,574
SUNSHINE COAST,1998,2,204,205,409,0,0,0,204,205,409
SUNSHINE COAST,1998,3,234,233,467,0,0,0,234,233,467
SUNSHINE COAST,1998,4,254,253,507,0,0,0,254,253,507
SUNSHINE COAST,1998,5,241,239,480,0,0,0,241,239,480
SUNSHINE COAST,1998,6,229,230,459,0,0,0,229,230,459
SUNSHINE COAST,1998,7,246,245,491,0,0,0,246,245,491
SUNSHINE COAST,1998,8,258,258,516,0,0,0,258,258,516
SUNSHINE COAST,1998,9,288,288,576,0,0,0,288,288,576
SUNSHINE COAST,1998,10,307,307,614,0,0,0,307,307,614
SUNSHINE COAST,1998,11,378,379,757,0,0,0,378,379,757
SUNSHINE COAST,1998,12,384,383,767,0,0,0,384,383,767
SUNSHINE COAST,1999,1,402,401,803,0,0,0,402,401,803
SUNSHINE COAST,1999,2,300,301,601,0,0,0,300,301,601
SUNSHINE COAST,1999,3,363,360,723,0,0,0,363,360,723
SUNSHINE COAST,1999,4,374,375,749,0,0,0,374,375,749
SUNSHINE COAST,1999,5,357,356,713,0,0,0,357,356,713
SUNSHINE COAST,1999,6,344,344,688,0,0,0,344,344,688
SUNSHINE COAST,1999,7,374,377,751,0,0,0,374,377,751
SUNSHINE COAST,1999,8,366,367,733,0,0,0,366,367,733
SUNSHINE COAST,1999,9,396,397,793,0,0,0,396,397,793
SUNSHINE COAST,1999,10,455,457,912,0,0,0,455,457,912
SUNSHINE COAST,1999,11,390,390,780,0,0,0,390,390,780
SUNSHINE COAST,1999,12,431,430,861,0,0,0,431,430,861
SUNSHINE COAST,2000,1,443,443,886,0,0,0,443,443,886
SUNSHINE COAST,2000,2,324,321,645,0,0,0,324,321,645
SUNSHINE COAST,2000,3,372,370,742,0,0,0,372,370,742
SUNSHINE COAST,2000,4,417,417,834,0,0,0,417,417,834
SUNSHINE COAST,2000,5,389,390,779,0,0,0,389,390,779
SUNSHINE COAST,2000,6,457,457,914,0,0,0,457,457,914
SUNSHINE COAST,2000,7,418,418,836,0,0,0,418,418,836
SUNSHINE COAST,2000,8,447,446,893,0,0,0,447,446,893
SUNSHINE COAST,2000,9,441,443,884,0,0,0,441,443,884
SUNSHINE COAST,2000,10,446,447,893,0,0,0,446,447,893
SUNSHINE COAST,2000,11,429,429,858,0,0,0,429,429,858
SUNSHINE COAST,2000,12,412,413,825,0,0,0,412,413,825
SUNSHINE COAST,2001,1,405,406,811,0,0,0,405,406,811
SUNSHINE COAST,2001,2,327,327,654,0,0,0,327,327,654
SUNSHINE COAST,2001,3,359,358,717,0,0,0,359,358,717
SUNSHINE COAST,2001,4,360,361,721,0,0,0,360,361,721
SUNSHINE COAST,2001,5,321,319,640,0,0,0,321,319,640
SUNSHINE COAST,2001,6,311,314,625,0,0,0,311,314,625
SUNSHINE COAST,2001,7,356,356,712,0,0,0,356,356,712
SUNSHINE COAST,2001,8,352,350,702,0,0,0,352,350,702
SUNSHINE COAST,2001,9,239,239,478,0,0,0,239,239,478
SUNSHINE COAST,2001,10,185,185,370,0,0,0,185,185,370
SUNSHINE COAST,2001,11,204,203,407,0,0,0,204,203,407
SUNSHINE COAST,2001,12,195,195,390,0,0,0,195,195,390
SUNSHINE COAST,2002,1,215,215,430,0,0,0,215,215,430
SUNSHINE COAST,2002,2,145,146,291,0,0,0,145,146,291
SUNSHINE COAST,2002,3,191,196,387,0,0,0,191,196,387
SUNSHINE COAST,2002,4,190,190,380,0,0,0,190,190,380
SUNSHINE COAST,2002,5,155,152,307,0,0,0,155,152,307
SUNSHINE COAST,2002,6,157,158,315,0,0,0,157,158,315
SUNSHINE COAST,2002,7,184,180,364,0,0,0,184,180,364
SUNSHINE COAST,2002,8,176,175,351,0,0,0,176,175,351
SUNSHINE COAST,2002,9,186,186,372,0,0,0,186,186,372
SUNSHINE COAST,2002,10,204,204,408,0,0,0,204,204,408
SUNSHINE COAST,2002,11,216,210,426,0,0,0,216,210,426
SUNSHINE COAST,2002,12,233,233,466,0,0,0,233,233,466
SUNSHINE COAST,2003,1,257,261,518,0,0,0,257,261,518
SUNSHINE COAST,2003,2,172,171,343,0,0,0,172,171,343
SUNSHINE COAST,2003,3,205,209,414,0,0,0,205,209,414
SUNSHINE COAST,2003,4,202,203,405,0,0,0,202,203,405
SUNSHINE COAST,2003,5,203,201,404,0,0,0,203,201,404
SUNSHINE COAST,2003,6,208,207,415,0,0,0,208,207,415
SUNSHINE COAST,2003,7,224,223,447,0,0,0,224,223,447
SUNSHINE COAST,2003,8,236,230,466,0,0,0,236,230,466
SUNSHINE COAST,2003,9,235,231,466,0,0,0,235,231,466
SUNSHINE COAST,2003,10,252,248,500,0,0,0,252,248,500
SUNSHINE COAST,2003,11,236,231,467,0,0,0,236,231,467
SUNSHINE COAST,2003,12,278,274,552,0,0,0,278,274,552
SUNSHINE COAST,2004,1,282,276,558,0,0,0,282,276,558
SUNSHINE COAST,2004,2,228,224,452,0,0,0,228,224,452
SUNSHINE COAST,2004,3,241,234,475,0,0,0,241,234,475
SUNSHINE COAST,2004,4,237,232,469,0,0,0,237,232,469
SUNSHINE COAST,2004,5,250,245,495,0,0,0,250,245,495
SUNSHINE COAST,2004,6,244,240,484,0,0,0,244,240,484
SUNSHINE COAST,2004,7,274,269,543,0,0,0,274,269,543
SUNSHINE COAST,2004,8,286,282,568,0,0,0,286,282,568
SUNSHINE COAST,2004,9,292,282,574,0,0,0,292,282,574
SUNSHINE COAST,2004,10,356,357,713,0,0,0,356,357,713
SUNSHINE COAST,2004,11,342,342,684,0,0,0,342,342,684
SUNSHINE COAST,2004,12,400,402,802,0,0,0,400,402,802
SUNSHINE COAST,2005,1,390,392,782,0,0,0,390,392,782
SUNSHINE COAST,2005,2,317,317,634,0,0,0,317,317,634
SUNSHINE COAST,2005,3,363,351,714,0,0,0,363,351,714
SUNSHINE COAST,2005,4,332,329,661,0,0,0,332,329,661
SUNSHINE COAST,2005,5,327,327,654,0,0,0,327,327,654
SUNSHINE COAST,2005,6,307,308,615,0,0,0,307,308,615
SUNSHINE COAST,2005,7,342,338,680,0,0,0,342,338,680
SUNSHINE COAST,2005,8,252,251,503,0,0,0,252,251,503
SUNSHINE COAST,2005,9,253,252,505,0,0,0,253,252,505
SUNSHINE COAST,2005,10,260,261,521,0,0,0,260,261,521
SUNSHINE COAST,2005,11,231,230,461,0,0,0,231,230,461
SUNSHINE COAST,2005,12,265,268,533,0,0,0,265,268,533
SUNSHINE COAST,2006,1,281,280,561,0,0,0,281,280,561
SUNSHINE COAST,2006,2,207,207,414,0,0,0,207,207,414
SUNSHINE COAST,2006,3,238,239,477,0,0,0,238,239,477
SUNSHINE COAST,2006,4,258,259,517,0,0,0,258,259,517
SUNSHINE COAST,2006,5,237,237,474,0,0,0,237,237,474
SUNSHINE COAST,2006,6,243,245,488,0,0,0,243,245,488
SUNSHINE COAST,2006,7,264,265,529,0,0,0,264,265,529
SUNSHINE COAST,2006,8,251,251,502,0,0,0,251,251,502
SUNSHINE COAST,2006,9,257,259,516,0,0,0,257,259,516
SUNSHINE COAST,2006,10,265,266,531,0,0,0,265,266,531
SUNSHINE COAST,2006,11,257,257,514,0,0,0,257,257,514
SUNSHINE COAST,2006,12,278,278,556,0,0,0,278,278,556
SUNSHINE COAST,2007,1,276,277,553,0,0,0,276,277,553
SUNSHINE COAST,2007,2,238,239,477,0,0,0,238,239,477
SUNSHINE COAST,2007,3,264,263,527,0,0,0,264,263,527
SUNSHINE COAST,2007,4,258,258,516,0,0,0,258,258,516
SUNSHINE COAST,2007,5,245,245,490,0,0,0,245,245,490
SUNSHINE COAST,2007,6,230,230,460,0,0,0,230,230,460
SUNSHINE COAST,2007,7,234,234,468,0,0,0,234,234,468
SUNSHINE COAST,2007,8,221,219,440,0,0,0,221,219,440
SUNSHINE COAST,2007,9,227,228,455,0,0,0,227,228,455
SUNSHINE COAST,2007,10,265,266,531,0,0,0,265,266,531
SUNSHINE COAST,2007,11,262,261,523,0,0,0,262,261,523
SUNSHINE COAST,2007,12,292,295,587,0,0,0,292,295,587
SUNSHINE COAST,2008,1,288,289,577,0,0,0,288,289,577
SUNSHINE COAST,2008,2,253,253,506,0,0,0,253,253,506
SUNSHINE COAST,2008,3,297,295,592,0,0,0,297,295,592
SUNSHINE COAST,2008,4,291,291,582,0,0,0,291,291,582
SUNSHINE COAST,2008,5,295,296,591,0,0,0,295,296,591
SUNSHINE COAST,2008,6,305,305,610,0,0,0,305,305,610
SUNSHINE COAST,2008,7,314,315,629,0,0,0,314,315,629
SUNSHINE COAST,2008,8,260,260,520,0,0,0,260,260,520
SUNSHINE COAST,2008,9,253,255,508,0,0,0,253,255,508
SUNSHINE COAST,2008,10,263,264,527,0,0,0,263,264,527
SUNSHINE COAST,2008,11,275,276,551,0,0,0,275,276,551
SUNSHINE COAST,2008,12,287,288,575,0,0,0,287,288,575
SUNSHINE COAST,2009,1,310,310,620,0,0,0,310,310,620
SUNSHINE COAST,2009,2,209,210,419,0,0,0,209,210,419
SUNSHINE COAST,2009,3,227,228,455,0,0,0,227,228,455
SUNSHINE COAST,2009,4,263,265,528,0,0,0,263,265,528
SUNSHINE COAST,2009,5,242,242,484,0,0,0,242,242,484
SUNSHINE COAST,2009,6,223,224,447,0,0,0,223,224,447
SUNSHINE COAST,2009,7,244,243,487,0,0,0,244,243,487
SUNSHINE COAST,2009,8,237,237,474,0,0,0,237,237,474
SUNSHINE COAST,2009,9,234,234,468,0,0,0,234,234,468
SUNSHINE COAST,2009,10,251,251,502,0,0,0,251,251,502
SUNSHINE COAST,2009,11,239,239,478,0,0,0,239,239,478
SUNSHINE COAST,2009,12,244,244,488,0,0,0,244,244,488
SUNSHINE COAST,2010,1,255,253,508,0,0,0,255,253,508
SUNSHINE COAST,2010,2,198,198,396,0,0,0,198,198,396
SUNSHINE COAST,2010,3,223,223,446,0,0,0,223,223,446
SUNSHINE COAST,2010,4,287,287,574,0,0,0,287,287,574
SUNSHINE COAST,2010,5,276,276,552,0,0,0,276,276,552
SUNSHINE COAST,2010,6,264,265,529,0,0,0,264,265,529
SUNSHINE COAST,2010,7,312,311,623,0,0,0,312,311,623
SUNSHINE COAST,2010,8,268,268,536,0,0,0,268,268,536
SUNSHINE COAST,2010,9,288,286,574,0,0,0,288,286,574
SUNSHINE COAST,2010,10,313,312,625,0,0,0,313,312,625
SUNSHINE COAST,2010,11,295,293,588,0,0,0,295,293,588
SUNSHINE COAST,2010,12,327,323,650,0,0,0,327,323,650
SUNSHINE COAST,2011,1,355,353,708,0,0,0,355,353,708
SUNSHINE COAST,2011,2,259,256,515,0,0,0,259,256,515
SUNSHINE COAST,2011,3,285,280,565,0,0,0,285,280,565
SUNSHINE COAST,2011,4,310,309,619,0,0,0,310,309,619
SUNSHINE COAST,2011,5,262,261,523,0,0,0,262,261,523
SUNSHINE COAST,2011,6,240,237,477,0,0,0,240,237,477
SUNSHINE COAST,2011,7,260,259,519,0,0,0,260,259,519
SUNSHINE COAST,2011,8,219,218,437,0,0,0,219,218,437
SUNSHINE COAST,2011,9,239,239,478,0,0,0,239,239,478
SUNSHINE COAST,2011,10,233,233,466,0,0,0,233,233,466
SUNSHINE COAST,2011,11,209,209,418,0,0,0,209,209,418
SUNSHINE COAST,2011,12,256,256,512,0,0,0,256,256,512
SUNSHINE COAST,2012,1,274,274,548,0,0,0,274,274,548
SUNSHINE COAST,2012,2,189,189,378,0,0,0,189,189,378
SUNSHINE COAST,2012,3,206,203,409,0,0,0,206,203,409
SUNSHINE COAST,2012,4,234,234,468,0,0,0,234,234,468
SUNSHINE COAST,2012,5,202,202,404,0,0,0,202,202,404
SUNSHINE COAST,2012,6,206,204,410,0,0,0,206,204,410
SUNSHINE COAST,2012,7,242,242,484,10,10,20,252,252,504
SUNSHINE COAST,2012,8,196,196,392,8,8,16,204,204,408
SUNSHINE COAST,2012,9,242,242,484,6,6,12,248,248,496
SUNSHINE COAST,2012,10,229,229,458,0,0,0,229,229,458
SUNSHINE COAST,2012,11,228,228,456,0,0,0,228,228,456
SUNSHINE COAST,2012,12,252,252,504,0,0,0,252,252,504
SUNSHINE COAST,2013,1,245,244,489,0,0,0,245,244,489
SUNSHINE COAST,2013,2,178,175,353,0,0,0,178,175,353
SUNSHINE COAST,2013,3,214,212,426,0,0,0,214,212,426
SUNSHINE COAST,2013,4,258,257,515,0,0,0,258,257,515
SUNSHINE COAST,2013,5,216,216,432,0,0,0,216,216,432
SUNSHINE COAST,2013,6,239,239,478,4,4,8,243,243,486
SUNSHINE COAST,2013,7,263,263,526,9,9,18,272,272,544
SUNSHINE COAST,2013,8,246,246,492,8,8,16,254,254,508
SUNSHINE COAST,2013,9,269,269,538,9,9,18,278,278,556
SUNSHINE COAST,2013,10,273,272,545,4,4,8,277,276,553
SUNSHINE COAST,2013,11,254,255,509,0,0,0,254,255,509
SUNSHINE COAST,2013,12,295,294,589,0,0,0,295,294,589
SUNSHINE COAST,2014,1,291,289,580,0,0,0,291,289,580
SUNSHINE COAST,2014,2,217,217,434,0,0,0,217,217,434
SUNSHINE COAST,2014,3,255,253,508,0,0,0,255,253,508
SUNSHINE COAST,2014,4,273,272,545,0,0,0,273,272,545
SUNSHINE COAST,2014,5,220,219,439,0,0,0,220,219,439
SUNSHINE COAST,2014,6,226,226,452,2,2,4,228,228,456
SUNSHINE COAST,2014,7,251,251,502,11,11,22,262,262,524
SUNSHINE COAST,2014,8,219,218,437,10,10,20,229,228,457
SUNSHINE COAST,2014,9,248,248,496,10,10,20,258,258,516
SUNSHINE COAST,2014,10,259,258,517,9,9,18,268,267,535
SUNSHINE COAST,2014,11,237,237,474,0,0,0,237,237,474
SUNSHINE COAST,2014,12,258,258,516,0,0,0,258,258,516
SUNSHINE COAST,2015,1,272,271,543,0,0,0,272,271,543
SUNSHINE COAST,2015,2,181,180,361,0,0,0,181,180,361
SUNSHINE COAST,2015,3,209,209,418,0,0,0,209,209,418
SUNSHINE COAST,2015,4,255,255,510,0,0,0,255,255,510
SUNSHINE COAST,2015,5,207,207,414,0,0,0,207,207,414
SUNSHINE COAST,2015,6,220,220,440,2,2,4,222,222,444
SUNSHINE COAST,2015,7,260,260,520,13,13,26,273,273,546
SUNSHINE COAST,2015,8,244,244,488,13,13,26,257,257,514
SUNSHINE COAST,2015,9,282,280,562,13,13,26,295,293,588
SUNSHINE COAST,2015,10,284,283,567,9,9,18,293,292,585
SUNSHINE COAST,2015,11,260,258,518,0,0,0,260,258,518
SUNSHINE COAST,2015,12,296,296,592,7,7,14,303,303,606
SUNSHINE COAST,2016,1,320,318,638,11,10,21,331,328,659
SUNSHINE COAST,2016,2,225,224,449,8,8,16,233,232,465
SUNSHINE COAST,2016,3,265,265,530,0,0,0,265,265,530
SUNSHINE COAST,2016,4,290,290,580,0,0,0,290,290,580
SUNSHINE COAST,2016,5,243,242,485,0,0,0,243,242,485
SUNSHINE COAST,2016,6,251,249,500,0,0,0,251,249,500
SUNSHINE COAST,2016,7,313,312,625,17,17,34,330,329,659
SUNSHINE COAST,2016,8,268,268,536,13,13,26,281,281,562
SUNSHINE COAST,2016,9,308,307,615,14,14,28,322,321,643
SUNSHINE COAST,2016,10,331,330,661,13,13,26,344,343,687
SUNSHINE COAST,2016,11,324,324,648,0,0,0,324,324,648
SUNSHINE COAST,2016,12,356,355,711,0,0,0,356,355,711
SUNSHINE COAST,2017,1,365,362,727,0,0,0,365,362,727
SUNSHINE COAST,2017,2,259,259,518,0,0,0,259,259,518
SUNSHINE COAST,2017,3,293,291,584,0,0,0,293,291,584
SUNSHINE COAST,2017,4,367,366,733,0,0,0,367,366,733
SUNSHINE COAST,2017,5,279,278,557,0,0,0,279,278,557
SUNSHINE COAST,2017,6,280,280,560,0,0,0,280,280,560
SUNSHINE COAST,2017,7,346,345,691,14,14,28,360,359,719
SUNSHINE COAST,2017,8,305,305,610,13,13,26,318,318,636
SUNSHINE COAST,2017,9,341,340,681,14,14,28,355,354,709
SUNSHINE COAST,2017,10,373,370,743,14,14,28,387,384,771
SUNSHINE COAST,2017,11,351,350,701,0,0,0,351,350,701
SUNSHINE COAST,2017,12,414,413,827,0,0,0,414,413,827
SUNSHINE COAST,2018,1,424,424,848,0,0,0,424,424,848
SUNSHINE COAST,2018,2,295,296,591,0,0,0,295,296,591
SUNSHINE COAST,2018,3,336,335,671,0,0,0,336,335,671
SUNSHINE COAST,2018,4,373,372,745,0,0,0,373,372,745
SUNSHINE COAST,2018,5,300,299,599,0,0,0,300,299,599
SUNSHINE COAST,2018,6,305,304,609,0,0,0,305,304,609
SUNSHINE COAST,2018,7,374,370,744,15,15,30,389,385,774
SUNSHINE COAST,2018,8,345,344,689,18,18,36,363,362,725
SUNSHINE COAST,2018,9,361,361,722,16,15,31,377,376,753
SUNSHINE COAST,2018,10,383,383,766,13,13,26,396,396,792
SUNSHINE COAST,2018,11,357,356,713,0,0,0,357,356,713
SUNSHINE COAST,2018,12,404,404,808,0,0,0,404,404,808
SUNSHINE COAST,2019,1,398,397,795,0,0,0,398,397,795
SUNSHINE COAST,2019,2,286,286,572,0,0,0,286,286,572
SUNSHINE COAST,2019,3,334,332,666,0,0,0,334,332,666
SUNSHINE COAST,2019,4,417,418,835,0,0,0,417,418,835
SUNSHINE COAST,2019,5,339,336,675,0,0,0,339,336,675
SUNSHINE COAST,2019,6,332,332,664,0,0,0,332,332,664
SUNSHINE COAST,2019,7,391,391,782,16,15,31,407,406,813
SUNSHINE COAST,2019,8,353,352,705,17,17,34,370,369,739
SUNSHINE COAST,2019,9,388,386,774,18,18,36,406,404,810
SUNSHINE COAST,2019,10,397,397,794,12,12,24,409,409,818
SUNSHINE COAST,2019,11,373,372,745,0,0,0,373,372,745
SUNSHINE COAST,2019,12,401,400,801,0,0,0,401,400,801
SUNSHINE COAST,2020,1,341,339,680,0,0,0,341,339,680
SUNSHINE COAST,2020,2,295,296,591,0,0,0,295,296,591
SUNSHINE COAST,2020,3,265,264,529,0,0,0,265,264,529
SUNSHINE COAST,2020,4,0,0,0,0,0,0,0,0,0
SUNSHINE COAST,2020,5,0,0,0,0,0,0,0,0,0
SUNSHINE COAST,2020,6,0,0,0,0,0,0,0,0,0
SUNSHINE COAST,2020,7,42,42,84,0,0,0,42,42,84
SUNSHINE COAST,2020,8,24,24,48,0,0,0,24,24,48
SUNSHINE COAST,2020,9,29,29,58,0,0,0,29,29,58
SUNSHINE COAST,2020,10,39,39,78,0,0,0,39,39,78
SUNSHINE COAST,2020,11,57,57,114,0,0,0,57,57,114
SUNSHINE COAST,2020,12,222,222,444,0,0,0,222,222,444
SUNSHINE COAST,2021,1,269,267,536,0,0,0,269,267,536
SUNSHINE COAST,2021,2,220,219,439,0,0,0,220,219,439
SUNSHINE COAST,2021,3,395,392,787,0,0,0,395,392,787
SUNSHINE COAST,2021,4,508,506,1014,0,0,0,508,506,1014
SUNSHINE COAST,2021,5,438,437,875,0,0,0,438,437,875
SUNSHINE COAST,2021,6,350,350,700,0,0,0,350,350,700
SUNSHINE COAST,2021,7,235,239,474,5,5,10,240,244,484
SUNSHINE COAST,2021,8,91,92,183,0,0,0,91,92,183
SUNSHINE COAST,2021,9,84,84,168,0,0,0,84,84,168
SUNSHINE COAST,2021,10,83,83,166,0,0,0,83,83,166
SUNSHINE COAST,2021,11,68,68,136,0,0,0,68,68,136
SUNSHINE COAST,2021,12,369,367,736,0,0,0,369,367,736
SUNSHINE COAST,2022,1,523,522,1045,0,0,0,523,522,1045
SUNSHINE COAST,2022,2,317,314,631,0,0,0,317,314,631
SUNSHINE COAST,2022,3,474,470,944,0,0,0,474,470,944
SUNSHINE COAST,2022,4,641,637,1278,0,0,0,641,637,1278
SUNSHINE COAST,2022,5,551,552,1103,0,0,0,551,552,1103
SUNSHINE COAST,2022,6,486,485,971,0,0,0,486,485,971
SUNSHINE COAST,2022,7,462,459,921,6,6,12,468,465,933
SUNSHINE COAST,2022,8,414,414,828,9,9,18,423,423,846
SUNSHINE COAST,2022,9,458,455,913,8,8,16,466,463,929
SUNSHINE COAST,2022,10,474,474,948,5,5,10,479,479,958
SUNSHINE COAST,2022,11,460,459,919,0,0,0,460,459,919
SUNSHINE COAST,2022,12,530,524,1054,0,0,0,530,524,1054
SUNSHINE COAST,2023,1,560,557,1117,0,0,0,560,557,1117
SUNSHINE COAST,2023,2,412,409,821,0,0,0,412,409,821
SUNSHINE COAST,2023,3,508,508,1016,0,0,0,508,508,1016
SUNSHINE COAST,2023,4,567,565,1132,0,0,0,567,565,1132
SUNSHINE COAST,2023,5,549,548,1097,0,0,0,549,548,1097
SUNSHINE COAST,2023,6,548,548,1096,3,3,6,551,551,1102
SUNSHINE COAST,2023,7,586,587,1173,13,13,26,599,600,1199
SUNSHINE COAST,2023,8,522,521,1043,12,12,24,534,533,1067
SUNSHINE COAST,2023,9,539,536,1075,13,13,26,552,549,1101
SUNSHINE COAST,2023,10,585,584,1169,7,7,14,592,591,1183
SUNSHINE COAST,2023,11,556,556,1112,0,0,0,556,556,1112
SUNSHINE COAST,2023,12,632,630,1262,0,0,0,632,630,1262
SUNSHINE COAST,2024,1,679,677,1356,0,0,0,679,677,1356
SUNSHINE COAST,2024,2,522,520,1042,0,0,0,522,520,1042
SUNSHINE COAST,2024,3,556,556,1112,0,0,0,556,556,1112
SUNSHINE COAST,2024,4,572,573,1145,0,0,0,572,573,1145
SUNSHINE COAST,2024,5,387,387,774,0,0,0,387,387,774
SUNSHINE COAST,2024,6,374,373,747,3,3,6,377,376,753
SUNSHINE COAST,2024,7,426,424,850,13,13,26,439,437,876
SUNSHINE COAST,2024,8,392,391,783,11,11,22,403,402,805
SUNSHINE COAST,2024,9,412,411,823,12,12,24,424,423,847
SUNSHINE COAST,2024,10,426,424,850,8,8,16,434,432,866
SUNSHINE COAST,2024,11,438,441,879,0,0,0,438,441,879
SUNSHINE COAST,2024,12,516,514,1030,9,9,18,525,523,1048
SUNSHINE COAST,2025,1,531,529,1060,13,13,26,544,542,1086
SUNSHINE COAST,2025,2,393,393,786,12,12,24,405,405,810
SUNSHINE COAST,2025,3,415,414,829,9,9,18,424,423,847
SUNSHINE COAST,2025,4,440,439,879,13,13,26,453,452,905
SUNSHINE COAST,2025,5,421,422,843,13,13,26,434,435,869
SUNSHINE COAST,2025,6,421,420,841,16,16,32,437,436,873
SYDNEY,1985,1,4655,4653,9308,844,827,1671,5499,5480,10979
SYDNEY,1985,2,4261,4274,8535,767,766,1533,5028,5040,10068
SYDNEY,1985,3,4872,4864,9736,846,828,1674,5718,5692,11410
SYDNEY,1985,4,4674,4658,9332,810,796,1606,5484,5454,10938
SYDNEY,1985,5,5112,5078,10190,851,840,1691,5963,5918,11881
SYDNEY,1985,6,4560,4574,9134,827,819,1646,5387,5393,10780
SYDNEY,1985,7,4227,4220,8447,771,763,1534,4998,4983,9981
SYDNEY,1985,8,5024,4973,9997,866,871,1737,5890,5844,11734
SYDNEY,1985,9,5069,5035,10104,852,837,1689,5921,5872,11793
SYDNEY,1985,10,5273,5273,10546,866,857,1723,6139,6130,12269
SYDNEY,1985,11,4945,4953,9898,871,858,1729,5816,5811,11627
SYDNEY,1985,12,5013,4986,9999,922,913,1835,5935,5899,11834
SYDNEY,1986,1,4822,4842,9664,926,921,1847,5748,5763,11511
SYDNEY,1986,2,4397,4426,8823,808,800,1608,5205,5226,10431
SYDNEY,1986,3,4964,4849,9813,909,912,1821,5873,5761,11634
SYDNEY,1986,4,4866,4945,9811,878,885,1763,5744,5830,11574
SYDNEY,1986,5,5166,5203,10369,921,924,1845,6087,6127,12214
SYDNEY,1986,6,4761,4749,9510,890,896,1786,5651,5645,11296
SYDNEY,1986,7,4951,4960,9911,913,913,1826,5864,5873,11737
SYDNEY,1986,8,5203,5190,10393,942,941,1883,6145,6131,12276
SYDNEY,1986,9,5126,5111,10237,869,851,1720,5995,5962,11957
SYDNEY,1986,10,5371,5334,10705,963,958,1921,6334,6292,12626
SYDNEY,1986,11,5014,5007,10021,983,985,1968,5997,5992,11989
SYDNEY,1986,12,5135,5140,10275,1022,1021,2043,6157,6161,12318
SYDNEY,1987,1,4971,4907,9878,1054,1045,2099,6025,5952,11977
SYDNEY,1987,2,4614,4587,9201,936,933,1869,5550,5520,11070
SYDNEY,1987,3,5131,5046,10177,1026,1021,2047,6157,6067,12224
SYDNEY,1987,4,5206,5114,10320,977,972,1949,6183,6086,12269
SYDNEY,1987,5,4909,4903,9812,1031,1028,2059,5940,5931,11871
SYDNEY,1987,6,4921,4965,9886,979,981,1960,5900,5946,11846
SYDNEY,1987,7,5476,5443,10919,1047,1036,2083,6523,6479,13002
SYDNEY,1987,8,5204,5258,10462,1062,1051,2113,6266,6309,12575
SYDNEY,1987,9,5276,5290,10566,1023,1027,2050,6299,6317,12616
SYDNEY,1987,10,5445,5432,10877,1090,1097,2187,6535,6529,13064
SYDNEY,1987,11,5220,5250,10470,1087,1078,2165,6307,6328,12635
SYDNEY,1987,12,5273,5315,10588,1158,1135,2293,6431,6450,12881
SYDNEY,1988,1,5019,5057,10076,1189,1160,2349,6208,6217,12425
SYDNEY,1988,2,4962,4985,9947,1071,1034,2105,6033,6019,12052
SYDNEY,1988,3,5406,5464,10870,1115,1096,2211,6521,6560,13081
SYDNEY,1988,4,5180,5154,10334,1116,1103,2219,6296,6257,12553
SYDNEY,1988,5,5409,5395,10804,1154,1144,2298,6563,6539,13102
SYDNEY,1988,6,5420,5355,10775,1107,1104,2211,6527,6459,12986
SYDNEY,1988,7,6042,5996,12038,1178,1172,2350,7220,7168,14388
SYDNEY,1988,8,5882,5902,11784,1179,1165,2344,7061,7067,14128
SYDNEY,1988,9,5842,5870,11712,1143,1127,2270,6985,6997,13982
SYDNEY,1988,10,5882,5856,11738,1222,1199,2421,7104,7055,14159
SYDNEY,1988,11,5544,5562,11106,1255,1242,2497,6799,6804,13603
SYDNEY,1988,12,5619,5542,11161,1345,1335,2680,6964,6877,13841
SYDNEY,1989,1,5365,5305,10670,1374,1351,2725,6739,6656,13395
SYDNEY,1989,2,5006,5062,10068,1221,1203,2424,6227,6265,12492
SYDNEY,1989,3,5842,5746,11588,1299,1268,2567,7141,7014,14155
SYDNEY,1989,4,5214,5179,10393,1292,1258,2550,6506,6437,12943
SYDNEY,1989,5,5492,5489,10981,1312,1250,2562,6804,6739,13543
SYDNEY,1989,6,5475,5416,10891,1234,1192,2426,6709,6608,13317
SYDNEY,1989,7,5339,5213,10552,1313,1266,2579,6652,6479,13131
SYDNEY,1989,8,3615,3559,7174,1336,1290,2626,4951,4849,9800
SYDNEY,1989,9,2561,2543,5104,1320,1280,2600,3881,3823,7704
SYDNEY,1989,10,3587,3644,7231,1367,1321,2688,4954,4965,9919
SYDNEY,1989,11,3809,3861,7670,1350,1324,2674,5159,5185,10344
SYDNEY,1989,12,4188,4205,8393,1388,1367,2755,5576,5572,11148
SYDNEY,1990,1,4516,4494,9010,1414,1390,2804,5930,5884,11814
SYDNEY,1990,2,4591,4549,9140,1300,1264,2564,5891,5813,11704
SYDNEY,1990,3,5125,5071,10196,1415,1381,2796,6540,6452,12992
SYDNEY,1990,4,5417,5340,10757,1341,1295,2636,6758,6635,13393
SYDNEY,1990,5,5584,5514,11098,1389,1358,2747,6973,6872,13845
SYDNEY,1990,6,5262,5350,10612,1330,1302,2632,6592,6652,13244
SYDNEY,1990,7,5946,5901,11847,1380,1347,2727,7326,7248,14574
SYDNEY,1990,8,5558,5530,11088,1394,1370,2764,6952,6900,13852
SYDNEY,1990,9,5382,5355,10737,1310,1299,2609,6692,6654,13346
SYDNEY,1990,10,5813,5900,11713,1403,1378,2781,7216,7278,14494
SYDNEY,1990,11,5586,5591,11177,1352,1324,2676,6938,6915,13853
SYDNEY,1990,12,5599,5623,11222,1398,1378,2776,6997,7001,13998
SYDNEY,1991,1,5223,5264,10487,1424,1417,2841,6647,6681,13328
SYDNEY,1991,2,5019,5009,10028,1269,1255,2524,6288,6264,12552
SYDNEY,1991,3,5618,5604,11222,1395,1384,2779,7013,6988,14001
SYDNEY,1991,4,5726,5667,11393,1257,1238,2495,6983,6905,13888
SYDNEY,1991,5,5836,5827,11663,1294,1275,2569,7130,7102,14232
SYDNEY,1991,6,5605,5670,11275,1269,1259,2528,6874,6929,13803
SYDNEY,1991,7,6203,6204,12407,1349,1335,2684,7552,7539,15091
SYDNEY,1991,8,6011,6033,12044,1360,1339,2699,7371,7372,14743
SYDNEY,1991,9,6083,6088,12171,1311,1297,2608,7394,7385,14779
SYDNEY,1991,10,6659,6427,13086,1343,1330,2673,8002,7757,15759
SYDNEY,1991,11,6401,6286,12687,1367,1360,2727,7768,7646,15414
SYDNEY,1991,12,6388,6421,12809,1432,1424,2856,7820,7845,15665
SYDNEY,1992,1,5957,5945,11902,1447,1444,2891,7404,7389,14793
SYDNEY,1992,2,5775,5763,11538,1346,1343,2689,7121,7106,14227
SYDNEY,1992,3,6319,6308,12627,1406,1395,2801,7725,7703,15428
SYDNEY,1992,4,6518,6598,13116,1404,1395,2799,7922,7993,15915
SYDNEY,1992,5,6422,6389,12811,1457,1458,2915,7879,7847,15726
SYDNEY,1992,6,6312,6313,12625,1407,1396,2803,7719,7709,15428
SYDNEY,1992,7,6902,6819,13721,1457,1450,2907,8359,8269,16628
SYDNEY,1992,8,6597,6573,13170,1467,1451,2918,8064,8024,16088
SYDNEY,1992,9,7109,7058,14167,1435,1421,2856,8544,8479,17023
SYDNEY,1992,10,7459,7407,14866,1491,1487,2978,8950,8894,17844
SYDNEY,1992,11,6934,6918,13852,1531,1508,3039,8465,8426,16891
SYDNEY,1992,12,6972,7065,14037,1617,1600,3217,8589,8665,17254
SYDNEY,1993,1,6774,6767,13541,1593,1575,3168,8367,8342,16709
SYDNEY,1993,2,6542,6535,13077,1456,1448,2904,7998,7983,15981
SYDNEY,1993,3,7139,7113,14252,1572,1563,3135,8711,8676,17387
SYDNEY,1993,4,7024,7037,14061,1506,1494,3000,8530,8531,17061
SYDNEY,1993,5,6918,6921,13839,1544,1538,3082,8462,8459,16921
SYDNEY,1993,6,6903,6925,13828,1475,1465,2940,8378,8390,16768
SYDNEY,1993,7,7151,7176,14327,1531,1532,3063,8682,8708,17390
SYDNEY,1993,8,7019,7075,14094,1529,1520,3049,8548,8595,17143
SYDNEY,1993,9,7053,7009,14062,1488,1478,2966,8541,8487,17028
SYDNEY,1993,10,7474,7458,14932,1550,1535,3085,9024,8993,18017
SYDNEY,1993,11,7035,7054,14089,1422,1411,2833,8457,8465,16922
SYDNEY,1993,12,7051,7073,14124,1506,1499,3005,8557,8572,17129
SYDNEY,1994,1,6648,6653,13301,1521,1507,3028,8169,8160,16329
SYDNEY,1994,2,6579,6587,13166,1363,1348,2711,7942,7935,15877
SYDNEY,1994,3,7419,7443,14862,1477,1463,2940,8896,8906,17802
SYDNEY,1994,4,7288,7267,14555,1406,1428,2834,8694,8695,17389
SYDNEY,1994,5,7483,7386,14869,1456,1478,2934,8939,8864,17803
SYDNEY,1994,6,7509,7494,15003,1411,1417,2828,8920,8911,17831
SYDNEY,1994,7,7755,7796,15551,1493,1515,3008,9248,9311,18559
SYDNEY,1994,8,7793,7758,15551,1457,1479,2936,9250,9237,18487
SYDNEY,1994,9,7667,7690,15357,1465,1474,2939,9132,9164,18296
SYDNEY,1994,10,7817,7799,15616,1538,1544,3082,9355,9343,18698
SYDNEY,1994,11,7378,7351,14729,1543,1560,3103,8921,8911,17832
SYDNEY,1994,12,7643,7642,15285,1610,1614,3224,9253,9256,18509
SYDNEY,1995,1,7132,7133,14265,1634,1641,3275,8766,8774,17540
SYDNEY,1995,2,7084,7113,14197,1483,1484,2967,8567,8597,17164
SYDNEY,1995,3,7830,7829,15659,1606,1614,3220,9436,9443,18879
SYDNEY,1995,4,7906,7892,15798,1575,1581,3156,9481,9473,18954
SYDNEY,1995,5,7970,7994,15964,1632,1626,3258,9602,9620,19222
SYDNEY,1995,6,7963,7959,15922,1575,1571,3146,9538,9530,19068
SYDNEY,1995,7,8099,8110,16209,1663,1655,3318,9762,9765,19527
SYDNEY,1995,8,8218,8215,16433,1649,1639,3288,9867,9854,19721
SYDNEY,1995,9,8007,8029,16036,1600,1587,3187,9607,9616,19223
SYDNEY,1995,10,8225,8278,16503,1668,1647,3315,9893,9925,19818
SYDNEY,1995,11,8106,8158,16264,1659,1667,3326,9765,9825,19590
SYDNEY,1995,12,7916,7933,15849,1772,1773,3545,9688,9706,19394
SYDNEY,1996,1,7836,7823,15659,1775,1784,3559,9611,9607,19218
SYDNEY,1996,2,7730,7765,15495,1676,1686,3362,9406,9451,18857
SYDNEY,1996,3,8337,8378,16715,1763,1773,3536,10100,10151,20251
SYDNEY,1996,4,8108,8126,16234,1725,1729,3454,9833,9855,19688
SYDNEY,1996,5,8505,8539,17044,1763,1761,3524,10268,10300,20568
SYDNEY,1996,6,8062,8050,16112,1713,1718,3431,9775,9768,19543
SYDNEY,1996,7,8665,8706,17371,1776,1797,3573,10441,10503,20944
SYDNEY,1996,8,8596,8612,17208,1778,1779,3557,10374,10391,20765
SYDNEY,1996,9,8407,8421,16828,1722,1715,3437,10129,10136,20265
SYDNEY,1996,10,8721,8732,17453,1773,1764,3537,10494,10496,20990
SYDNEY,1996,11,8427,8492,16919,1789,1740,3529,10216,10232,20448
SYDNEY,1996,12,8301,8346,16647,1861,1823,3684,10162,10169,20331
SYDNEY,1997,1,7939,7966,15905,1874,1834,3708,9813,9800,19613
SYDNEY,1997,2,7840,7878,15718,1689,1647,3336,9529,9525,19054
SYDNEY,1997,3,8591,8651,17242,1842,1783,3625,10433,10434,20867
SYDNEY,1997,4,8306,8329,16635,1788,1771,3559,10094,10100,20194
SYDNEY,1997,5,8376,8374,16750,1846,1828,3674,10222,10202,20424
SYDNEY,1997,6,8061,8075,16136,1792,1769,3561,9853,9844,19697
SYDNEY,1997,7,8823,8835,17658,1897,1866,3763,10720,10701,21421
SYDNEY,1997,8,8738,8741,17479,1895,1874,3769,10633,10615,21248
SYDNEY,1997,9,8527,8530,17057,1815,1784,3599,10342,10314,20656
SYDNEY,1997,10,8828,8848,17676,1918,1871,3789,10746,10719,21465
SYDNEY,1997,11,8348,8389,16737,1968,1907,3875,10316,10296,20612
SYDNEY,1997,12,8193,8248,16441,2033,1968,4001,10226,10216,20442
SYDNEY,1998,1,7933,7971,15904,2018,1970,3988,9951,9941,19892
SYDNEY,1998,2,7819,7849,15668,1812,1760,3572,9631,9609,19240
SYDNEY,1998,3,8614,8668,17282,1989,1925,3914,10603,10593,21196
SYDNEY,1998,4,8413,8423,16836,1947,1918,3865,10360,10341,20701
SYDNEY,1998,5,8700,8717,17417,2012,1976,3988,10712,10693,21405
SYDNEY,1998,6,8376,8411,16787,1879,1847,3726,10255,10258,20513
SYDNEY,1998,7,8989,9003,17992,1985,1961,3946,10974,10964,21938
SYDNEY,1998,8,8784,8837,17621,2015,1970,3985,10799,10807,21606
SYDNEY,1998,9,8746,8755,17501,1919,1881,3800,10665,10636,21301
SYDNEY,1998,10,8880,8901,17781,2002,1981,3983,10882,10882,21764
SYDNEY,1998,11,8507,8562,17069,1907,1844,3751,10414,10406,20820
SYDNEY,1998,12,8382,8420,16802,1983,1943,3926,10365,10363,20728
SYDNEY,1999,1,7800,7850,15650,2013,1977,3990,9813,9827,19640
SYDNEY,1999,2,7742,7807,15549,1814,1768,3582,9556,9575,19131
SYDNEY,1999,3,8606,8654,17260,1978,1933,3911,10584,10587,21171
SYDNEY,1999,4,8288,8286,16574,1871,1835,3706,10159,10121,20280
SYDNEY,1999,5,8466,8480,16946,1880,1862,3742,10346,10342,20688
SYDNEY,1999,6,8251,8257,16508,1814,1786,3600,10065,10043,20108
SYDNEY,1999,7,8900,8905,17805,1974,1954,3928,10874,10859,21733
SYDNEY,1999,8,8961,8966,17927,1974,1950,3924,10935,10916,21851
SYDNEY,1999,9,8761,8752,17513,1895,1877,3772,10656,10629,21285
SYDNEY,1999,10,8887,8903,17790,1949,1921,3870,10836,10824,21660
SYDNEY,1999,11,8584,8635,17219,1947,1911,3858,10531,10546,21077
SYDNEY,1999,12,8677,8686,17363,2034,2003,4037,10711,10689,21400
SYDNEY,2000,1,8056,8110,16166,2059,2047,4106,10115,10157,20272
SYDNEY,2000,2,8047,8064,16111,1914,1895,3809,9961,9959,19920
SYDNEY,2000,3,8708,8718,17426,2065,2028,4093,10773,10746,21519
SYDNEY,2000,4,8272,8283,16555,2073,2035,4108,10345,10318,20663
SYDNEY,2000,5,8860,8875,17735,2069,2034,4103,10929,10909,21838
SYDNEY,2000,6,9174,9184,18358,2039,1985,4024,11213,11169,22382
SYDNEY,2000,7,9566,9566,19132,2191,2141,4332,11757,11707,23464
SYDNEY,2000,8,9768,9753,19521,2153,2100,4253,11921,11853,23774
SYDNEY,2000,9,9768,9743,19511,2153,2100,4253,11921,11843,23764
SYDNEY,2000,10,10109,10127,20236,2169,2143,4312,12278,12270,24548
SYDNEY,2000,11,9782,9746,19528,2053,2031,4084,11835,11777,23612
SYDNEY,2000,12,9697,9672,19369,2179,2152,4331,11876,11824,23700
SYDNEY,2001,1,9436,9430,18866,2154,2115,4269,11590,11545,23135
SYDNEY,2001,2,9121,9128,18249,1918,1889,3807,11039,11017,22056
SYDNEY,2001,3,10489,10486,20975,2138,2095,4233,12627,12581,25208
SYDNEY,2001,4,9858,9843,19701,2076,2025,4101,11934,11868,23802
SYDNEY,2001,5,9904,9904,19808,2111,2072,4183,12015,11976,23991
SYDNEY,2001,6,9153,9171,18324,2038,1992,4030,11191,11163,22354
SYDNEY,2001,7,9664,9703,19367,2089,2046,4135,11753,11749,23502
SYDNEY,2001,8,9844,9839,19683,2054,2013,4067,11898,11852,23750
SYDNEY,2001,9,7363,7361,14724,1951,1926,3877,9314,9287,18601
SYDNEY,2001,10,7411,7430,14841,1974,1934,3908,9385,9364,18749
SYDNEY,2001,11,7431,7469,14900,1877,1828,3705,9308,9297,18605
SYDNEY,2001,12,7279,7300,14579,2040,1999,4039,9319,9299,18618
SYDNEY,2002,1,7040,7090,14130,1988,1956,3944,9028,9046,18074
SYDNEY,2002,2,6739,6782,13521,1787,1761,3548,8526,8543,17069
SYDNEY,2002,3,6891,6930,13821,1969,1925,3894,8860,8855,17715
SYDNEY,2002,4,6784,6832,13616,1908,1872,3780,8692,8704,17396
SYDNEY,2002,5,7059,7101,14160,1954,1908,3862,9013,9009,18022
SYDNEY,2002,6,6875,6918,13793,1902,1848,3750,8777,8766,17543
SYDNEY,2002,7,7693,7699,15392,1983,1972,3955,9676,9671,19347
SYDNEY,2002,8,7589,7571,15160,1965,1951,3916,9554,9522,19076
SYDNEY,2002,9,7606,7623,15229,1876,1853,3729,9482,9476,18958
SYDNEY,2002,10,7968,7966,15934,1956,1928,3884,9924,9894,19818
SYDNEY,2002,11,7604,7578,15182,1983,1968,3951,9587,9546,19133
SYDNEY,2002,12,7576,7554,15130,2126,2119,4245,9702,9673,19375
SYDNEY,2003,1,7116,7113,14229,2118,2113,4231,9234,9226,18460
SYDNEY,2003,2,6833,6830,13663,1916,1904,3820,8749,8734,17483
SYDNEY,2003,3,7684,7677,15361,2076,2061,4137,9760,9738,19498
SYDNEY,2003,4,7151,7152,14303,1939,1925,3864,9090,9077,18167
SYDNEY,2003,5,7383,7382,14765,1861,1840,3701,9244,9222,18466
SYDNEY,2003,6,7204,7248,14452,1824,1815,3639,9028,9063,18091
SYDNEY,2003,7,7608,7622,15230,2044,2028,4072,9652,9650,19302
SYDNEY,2003,8,7545,7556,15101,2117,2099,4216,9662,9655,19317
SYDNEY,2003,9,7853,7854,15707,2109,2097,4206,9962,9951,19913
SYDNEY,2003,10,8192,8201,16393,2179,2179,4358,10371,10380,20751
SYDNEY,2003,11,7898,7904,15802,2184,2166,4350,10082,10070,20152
SYDNEY,2003,12,7739,7737,15476,2279,2267,4546,10018,10004,20022
SYDNEY,2004,1,7423,7457,14880,2291,2281,4572,9714,9738,19452
SYDNEY,2004,2,7558,7572,15130,2135,2134,4269,9693,9706,19399
SYDNEY,2004,3,8320,8320,16640,2317,2318,4635,10637,10638,21275
SYDNEY,2004,4,7817,7825,15642,2281,2273,4554,10098,10098,20196
SYDNEY,2004,5,8153,8152,16305,2365,2358,4723,10518,10510,21028
SYDNEY,2004,6,8189,8218,16407,2285,2288,4573,10474,10506,20980
SYDNEY,2004,7,8480,8485,16965,2406,2408,4814,10886,10893,21779
SYDNEY,2004,8,8636,8643,17279,2376,2373,4749,11012,11016,22028
SYDNEY,2004,9,8575,8579,17154,2337,2336,4673,10912,10915,21827
SYDNEY,2004,10,8654,8665,17319,2392,2378,4770,11046,11043,22089
SYDNEY,2004,11,8403,8397,16800,2364,2357,4721,10767,10754,21521
SYDNEY,2004,12,8434,8437,16871,2536,2527,5063,10970,10964,21934
SYDNEY,2005,1,7749,7766,15515,2588,2589,5177,10337,10355,20692
SYDNEY,2005,2,7652,7662,15314,2283,2282,4565,9935,9944,19879
SYDNEY,2005,3,8471,8464,16935,2472,2461,4933,10943,10925,21868
SYDNEY,2005,4,8112,8110,16222,2427,2415,4842,10539,10525,21064
SYDNEY,2005,5,8426,8456,16882,2444,2427,4871,10870,10883,21753
SYDNEY,2005,6,8221,8239,16460,2376,2360,4736,10597,10599,21196
SYDNEY,2005,7,8498,8518,17016,2521,2502,5023,11019,11020,22039
SYDNEY,2005,8,8655,8652,17307,2441,2434,4875,11096,11086,22182
SYDNEY,2005,9,8519,8509,17028,2422,2406,4828,10941,10915,21856
SYDNEY,2005,10,8570,8579,17149,2485,2476,4961,11055,11055,22110
SYDNEY,2005,11,8350,8348,16698,2392,2391,4783,10742,10739,21481
SYDNEY,2005,12,8259,8256,16515,2556,2553,5109,10815,10809,21624
SYDNEY,2006,1,7677,7697,15374,2596,2603,5199,10273,10300,20573
SYDNEY,2006,2,7767,7768,15535,2298,2297,4595,10065,10065,20130
SYDNEY,2006,3,8717,8718,17435,2496,2502,4998,11213,11220,22433
SYDNEY,2006,4,8155,8169,16324,2400,2391,4791,10555,10560,21115
SYDNEY,2006,5,8660,8711,17371,2408,2406,4814,11068,11117,22185
SYDNEY,2006,6,8259,8271,16530,2339,2326,4665,10598,10597,21195
SYDNEY,2006,7,8749,8594,17343,2470,2469,4939,11219,11063,22282
SYDNEY,2006,8,8792,8768,17560,2412,2405,4817,11204,11173,22377
SYDNEY,2006,9,8654,8659,17313,2366,2360,4726,11020,11019,22039
SYDNEY,2006,10,8809,8829,17638,2439,2437,4876,11248,11266,22514
SYDNEY,2006,11,8737,8740,17477,2394,2390,4784,11131,11130,22261
SYDNEY,2006,12,8473,8454,16927,2513,2505,5018,10986,10959,21945
SYDNEY,2007,1,8102,8145,16247,2523,2515,5038,10625,10660,21285
SYDNEY,2007,2,8003,8016,16019,2295,2285,4580,10298,10301,20599
SYDNEY,2007,3,9056,9036,18092,2475,2459,4934,11531,11495,23026
SYDNEY,2007,4,8458,8448,16906,2343,2357,4700,10801,10805,21606
SYDNEY,2007,5,8964,8960,17924,2394,2374,4768,11358,11334,22692
SYDNEY,2007,6,8490,8561,17051,2368,2356,4724,10858,10917,21775
SYDNEY,2007,7,8872,8921,17793,2494,2479,4973,11366,11400,22766
SYDNEY,2007,8,9211,9236,18447,2475,2460,4935,11686,11696,23382
SYDNEY,2007,9,8685,8687,17372,2421,2410,4831,11106,11097,22203
SYDNEY,2007,10,9088,9132,18220,2493,2487,4980,11581,11619,23200
SYDNEY,2007,11,8854,8889,17743,2457,2453,4910,11311,11342,22653
SYDNEY,2007,12,8767,8804,17571,2584,2579,5163,11351,11383,22734
SYDNEY,2008,1,8578,8656,17234,2611,2616,5227,11189,11272,22461
SYDNEY,2008,2,8743,8838,17581,2418,2419,4837,11161,11257,22418
SYDNEY,2008,3,9293,9332,18625,2566,2561,5127,11859,11893,23752
SYDNEY,2008,4,9099,9182,18281,2476,2469,4945,11575,11651,23226
SYDNEY,2008,5,9378,9404,18782,2520,2510,5030,11898,11914,23812
SYDNEY,2008,6,8840,8955,17795,2416,2408,4824,11256,11363,22619
SYDNEY,2008,7,9397,9448,18845,2589,2577,5166,11986,12025,24011
SYDNEY,2008,8,9237,9288,18525,2504,2504,5008,11741,11792,23533
SYDNEY,2008,9,9136,9160,18296,2410,2399,4809,11546,11559,23105
SYDNEY,2008,10,9533,9562,19095,2543,2531,5074,12076,12093,24169
SYDNEY,2008,11,9009,9024,18033,2509,2488,4997,11518,11512,23030
SYDNEY,2008,12,8853,8867,17720,2602,2590,5192,11455,11457,22912
SYDNEY,2009,1,8282,8302,16584,2611,2596,5207,10893,10898,21791
SYDNEY,2009,2,7958,7982,15940,2273,2257,4530,10231,10239,20470
SYDNEY,2009,3,8885,8900,17785,2491,2470,4961,11376,11370,22746
SYDNEY,2009,4,8536,8542,17078,2425,2408,4833,10961,10950,21911
SYDNEY,2009,5,8601,8606,17207,2434,2414,4848,11035,11020,22055
SYDNEY,2009,6,8308,8305,16613,2345,2338,4683,10653,10643,21296
SYDNEY,2009,7,8977,8986,17963,2571,2549,5120,11548,11535,23083
SYDNEY,2009,8,8770,8783,17553,2565,2541,5106,11335,11324,22659
SYDNEY,2009,9,8720,8763,17483,2482,2460,4942,11202,11223,22425
SYDNEY,2009,10,9368,9346,18714,2601,2575,5176,11969,11921,23890
SYDNEY,2009,11,9059,9066,18125,2507,2487,4994,11566,11553,23119
SYDNEY,2009,12,8909,8889,17798,2763,2737,5500,11672,11626,23298
SYDNEY,2010,1,8512,8539,17051,2796,2776,5572,11308,11315,22623
SYDNEY,2010,2,8440,8447,16887,2447,2442,4889,10887,10889,21776
SYDNEY,2010,3,9618,9619,19237,2668,2641,5309,12286,12260,24546
SYDNEY,2010,4,9448,9477,18925,2517,2518,5035,11965,11995,23960
SYDNEY,2010,5,9680,9696,19376,2532,2529,5061,12212,12225,24437
SYDNEY,2010,6,9285,9278,18563,2491,2488,4979,11776,11766,23542
SYDNEY,2010,7,9899,9895,19794,2678,2668,5346,12577,12563,25140
SYDNEY,2010,8,9624,9641,19265,2619,2615,5234,12243,12256,24499
SYDNEY,2010,9,9424,9469,18893,2548,2521,5069,11972,11990,23962
SYDNEY,2010,10,9828,9837,19665,2653,2618,5271,12481,12455,24936
SYDNEY,2010,11,9579,9592,19171,2612,2582,5194,12191,12174,24365
SYDNEY,2010,12,9692,9713,19405,2794,2763,5557,12486,12476,24962
SYDNEY,2011,1,8982,9012,17994,2830,2824,5654,11812,11836,23648
SYDNEY,2011,2,8625,8648,17273,2504,2497,5001,11129,11145,22274
SYDNEY,2011,3,9862,9882,19744,2743,2722,5465,12605,12604,25209
SYDNEY,2011,4,9391,9377,18768,2686,2671,5357,12077,12048,24125
SYDNEY,2011,5,9621,9654,19275,2660,2659,5319,12281,12313,24594
SYDNEY,2011,6,8906,8917,17823,2491,2475,4966,11397,11392,22789
SYDNEY,2011,7,9529,9550,19079,2800,2791,5591,12329,12341,24670
SYDNEY,2011,8,9617,9639,19256,2749,2746,5495,12366,12385,24751
SYDNEY,2011,9,9370,9394,18764,2686,2677,5363,12056,12071,24127
SYDNEY,2011,10,9362,9381,18743,2827,2821,5648,12189,12202,24391
SYDNEY,2011,11,9428,9455,18883,2716,2700,5416,12144,12155,24299
SYDNEY,2011,12,9358,9365,18723,2867,2859,5726,12225,12224,24449
SYDNEY,2012,1,8778,8812,17590,2927,2914,5841,11705,11726,23431
SYDNEY,2012,2,9108,9133,18241,2626,2628,5254,11734,11761,23495
SYDNEY,2012,3,9787,9781,19568,2744,2732,5476,12531,12513,25044
SYDNEY,2012,4,9472,9525,18997,2722,2706,5428,12194,12231,24425
SYDNEY,2012,5,9618,9634,19252,2678,2676,5354,12296,12310,24606
SYDNEY,2012,6,9135,9121,18256,2681,2685,5366,11816,11806,23622
SYDNEY,2012,7,10140,10178,20318,2910,2896,5806,13050,13074,26124
SYDNEY,2012,8,10359,10371,20730,2856,2832,5688,13215,13203,26418
SYDNEY,2012,9,10088,10103,20191,2813,2803,5616,12901,12906,25807
SYDNEY,2012,10,10356,10372,20728,2889,2865,5754,13245,13237,26482
SYDNEY,2012,11,9994,10018,20012,2785,2760,5545,12779,12778,25557
SYDNEY,2012,12,9763,9760,19523,2970,2959,5929,12733,12719,25452
SYDNEY,2013,1,9206,9225,18431,2987,2972,5959,12193,12197,24390
SYDNEY,2013,2,8899,8923,17822,2592,2574,5166,11491,11497,22988
SYDNEY,2013,3,10014,10008,20022,2881,2865,5746,12895,12873,25768
SYDNEY,2013,4,10052,10080,20132,2828,2810,5638,12880,12890,25770
SYDNEY,2013,5,10047,10059,20106,2772,2757,5529,12819,12816,25635
SYDNEY,2013,6,9583,9588,19171,2730,2714,5444,12313,12302,24615
SYDNEY,2013,7,10355,10383,20738,2981,2971,5952,13336,13354,26690
SYDNEY,2013,8,10142,10140,20282,2875,2860,5735,13017,13000,26017
SYDNEY,2013,9,10166,10200,20366,2885,2868,5753,13051,13068,26119
SYDNEY,2013,10,10474,10476,20950,3000,2981,5981,13474,13457,26931
SYDNEY,2013,11,9875,9871,19746,2908,2896,5804,12783,12767,25550
SYDNEY,2013,12,9892,9892,19784,3105,3088,6193,12997,12980,25977
SYDNEY,2014,1,9313,9305,18618,3115,3101,6216,12428,12406,24834
SYDNEY,2014,2,8793,8808,17601,2688,2668,5356,11481,11476,22957
SYDNEY,2014,3,9938,9958,19896,2983,2961,5944,12921,12919,25840
SYDNEY,2014,4,9832,9847,19679,2904,2893,5797,12736,12740,25476
SYDNEY,2014,5,10015,10014,20029,2798,2784,5582,12813,12798,25611
SYDNEY,2014,6,9560,9571,19131,2796,2775,5571,12356,12346,24702
SYDNEY,2014,7,10232,10229,20461,2989,2967,5956,13221,13196,26417
SYDNEY,2014,8,9989,9988,19977,2909,2901,5810,12898,12889,25787
SYDNEY,2014,9,10077,10073,20150,2838,2836,5674,12915,12909,25824
SYDNEY,2014,10,10398,10405,20803,2948,2934,5882,13346,13339,26685
SYDNEY,2014,11,9679,9697,19376,2790,2784,5574,12469,12481,24950
SYDNEY,2014,12,9877,9910,19787,3095,3090,6185,12972,13000,25972
SYDNEY,2015,1,9350,9429,18779,3134,3128,6262,12484,12557,25041
SYDNEY,2015,2,9048,9059,18107,2626,2624,5250,11674,11683,23357
SYDNEY,2015,3,10287,10324,20611,2855,2845,5700,13142,13169,26311
SYDNEY,2015,4,9911,9934,19845,2789,2784,5573,12700,12718,25418
SYDNEY,2015,5,10079,10110,20189,2725,2717,5442,12804,12827,25631
SYDNEY,2015,6,9986,10009,19995,2698,2699,5397,12684,12708,25392
SYDNEY,2015,7,10618,10650,21268,2940,2929,5869,13558,13579,27137
SYDNEY,2015,8,10430,10432,20862,2795,2798,5593,13225,13230,26455
SYDNEY,2015,9,10437,10450,20887,2744,2735,5479,13181,13185,26366
SYDNEY,2015,10,10653,10644,21297,2877,2872,5749,13530,13516,27046
SYDNEY,2015,11,10191,10239,20430,2829,2809,5638,13020,13048,26068
SYDNEY,2015,12,10236,10242,20478,3256,3245,6501,13492,13487,26979
SYDNEY,2016,1,9548,9598,19146,3333,3326,6659,12881,12924,25805
SYDNEY,2016,2,9829,9853,19682,2899,2889,5788,12728,12742,25470
SYDNEY,2016,3,10554,10576,21130,3099,3090,6189,13653,13666,27319
SYDNEY,2016,4,10138,10180,20318,3013,3006,6019,13151,13186,26337
SYDNEY,2016,5,10103,10152,20255,2948,2952,5900,13051,13104,26155
SYDNEY,2016,6,9706,9748,19454,2943,2932,5875,12649,12680,25329
SYDNEY,2016,7,10579,10620,21199,3248,3246,6494,13827,13866,27693
SYDNEY,2016,8,10624,10646,21270,3110,3115,6225,13734,13761,27495
SYDNEY,2016,9,10459,10491,20950,3026,3021,6047,13485,13512,26997
SYDNEY,2016,10,10541,10566,21107,3154,3151,6305,13695,13717,27412
SYDNEY,2016,11,10331,10350,20681,3052,3051,6103,13383,13401,26784
SYDNEY,2016,12,10216,10234,20450,3390,3380,6770,13606,13614,27220
SYDNEY,2017,1,9584,9647,19231,3496,3485,6981,13080,13132,26212
SYDNEY,2017,2,9486,9508,18994,2966,2958,5924,12452,12466,24918
SYDNEY,2017,3,10505,10528,21033,3220,3211,6431,13725,13739,27464
SYDNEY,2017,4,9921,9955,19876,3167,3158,6325,13088,13113,26201
SYDNEY,2017,5,10208,10239,20447,3067,3069,6136,13275,13308,26583
SYDNEY,2017,6,9745,9783,19528,3112,3105,6217,12857,12888,25745
SYDNEY,2017,7,10518,10554,21072,3650,3652,7302,14168,14206,28374
SYDNEY,2017,8,10413,10421,20834,3228,3229,6457,13641,13650,27291
SYDNEY,2017,9,10011,10023,20034,3148,3145,6293,13159,13168,26327
SYDNEY,2017,10,10467,10488,20955,3260,3255,6515,13727,13743,27470
SYDNEY,2017,11,10254,10258,20512,3162,3161,6323,13416,13419,26835
SYDNEY,2017,12,9910,9922,19832,3514,3507,7021,13424,13429,26853
SYDNEY,2018,1,9462,9505,18967,3587,3582,7169,13049,13087,26136
SYDNEY,2018,2,9304,9319,18623,3112,3108,6220,12416,12427,24843
SYDNEY,2018,3,10365,10362,20727,3391,3381,6772,13756,13743,27499
SYDNEY,2018,4,9897,9933,19830,3326,3323,6649,13223,13256,26479
SYDNEY,2018,5,10057,10061,20118,3267,3265,6532,13324,13326,26650
SYDNEY,2018,6,9554,9567,19121,3218,3207,6425,12772,12774,25546
SYDNEY,2018,7,10325,10397,20722,3547,3539,7086,13872,13936,27808
SYDNEY,2018,8,10239,10264,20503,3390,3381,6771,13629,13645,27274
SYDNEY,2018,9,9947,9955,19902,3265,3265,6530,13212,13220,26432
SYDNEY,2018,10,10630,10683,21313,3448,3448,6896,14078,14131,28209
SYDNEY,2018,11,10062,10088,20150,3380,3382,6762,13442,13470,26912
SYDNEY,2018,12,9694,9699,19393,3696,3699,7395,13390,13398,26788
SYDNEY,2019,1,9444,9482,18926,3769,3764,7533,13213,13246,26459
SYDNEY,2019,2,9330,9342,18672,3185,3191,6376,12515,12533,25048
SYDNEY,2019,3,10319,10343,20662,3434,3430,6864,13753,13773,27526
SYDNEY,2019,4,10086,10104,20190,3366,3379,6745,13452,13483,26935
SYDNEY,2019,5,10311,10339,20650,3296,3298,6594,13607,13637,27244
SYDNEY,2019,6,9681,9698,19379,3261,3260,6521,12942,12958,25900
SYDNEY,2019,7,10668,10690,21358,3494,3493,6987,14162,14183,28345
SYDNEY,2019,8,10140,10150,20290,3352,3354,6706,13492,13504,26996
SYDNEY,2019,9,10203,10253,20456,3274,3267,6541,13477,13520,26997
SYDNEY,2019,10,10827,10830,21657,3447,3450,6897,14274,14280,28554
SYDNEY,2019,11,10138,10118,20256,3348,3345,6693,13486,13463,26949
SYDNEY,2019,12,9872,9908,19780,3706,3705,7411,13578,13613,27191
SYDNEY,2020,1,9316,9372,18688,3776,3771,7547,13092,13143,26235
SYDNEY,2020,2,9296,9298,18594,2986,2983,5969,12282,12281,24563
SYDNEY,2020,3,7983,8011,15994,2340,2336,4676,10323,10347,20670
SYDNEY,2020,4,981,981,1962,783,778,1561,1764,1759,3523
SYDNEY,2020,5,851,870,1721,932,907,1839,1783,1777,3560
SYDNEY,2020,6,1226,1243,2469,905,901,1806,2131,2144,4275
SYDNEY,2020,7,1993,1990,3983,926,911,1837,2919,2901,5820
SYDNEY,2020,8,1329,1322,2651,1032,1003,2035,2361,2325,4686
SYDNEY,2020,9,1364,1347,2711,990,968,1958,2354,2315,4669
SYDNEY,2020,10,1812,1772,3584,1115,1096,2211,2927,2868,5795
SYDNEY,2020,11,2425,2433,4858,1167,1146,2313,3592,3579,7171
SYDNEY,2020,12,4313,4334,8647,1183,1178,2361,5496,5512,11008
SYDNEY,2021,1,2155,2150,4305,1103,1096,2199,3258,3246,6504
SYDNEY,2021,2,3635,3644,7279,944,936,1880,4579,4580,9159
SYDNEY,2021,3,6332,6359,12691,1078,1068,2146,7410,7427,14837
SYDNEY,2021,4,7573,7581,15154,1132,1114,2246,8705,8695,17400
SYDNEY,2021,5,7677,7692,15369,1324,1311,2635,9001,9003,18004
SYDNEY,2021,6,5999,5998,11997,1231,1210,2441,7230,7208,14438
SYDNEY,2021,7,1888,1879,3767,1113,1094,2207,3001,2973,5974
SYDNEY,2021,8,1218,1204,2422,1122,1094,2216,2340,2298,4638
SYDNEY,2021,9,1167,1166,2333,1098,1054,2152,2265,2220,4485
SYDNEY,2021,10,1226,1228,2454,1132,1106,2238,2358,2334,4692
SYDNEY,2021,11,3252,3255,6507,1241,1223,2464,4493,4478,8971
SYDNEY,2021,12,6500,6488,12988,1434,1407,2841,7934,7895,15829
SYDNEY,2022,1,5946,5964,11910,1512,1470,2982,7458,7434,14892
SYDNEY,2022,2,5544,5541,11085,1402,1366,2768,6946,6907,13853
SYDNEY,2022,3,7726,7736,15462,1655,1626,3281,9381,9362,18743
SYDNEY,2022,4,9314,9316,18630,1768,1761,3529,11082,11077,22159
SYDNEY,2022,5,9598,9630,19228,1833,1832,3665,11431,11462,22893
SYDNEY,2022,6,9026,9027,18053,1937,1924,3861,10963,10951,21914
SYDNEY,2022,7,9203,9236,18439,2296,2283,4579,11499,11519,23018
SYDNEY,2022,8,9181,9187,18368,2279,2275,4554,11460,11462,22922
SYDNEY,2022,9,8725,8719,17444,2231,2230,4461,10956,10949,21905
SYDNEY,2022,10,8990,8988,17978,2410,2405,4815,11400,11393,22793
SYDNEY,2022,11,9065,9086,18151,2594,2593,5187,11659,11679,23338
SYDNEY,2022,12,9127,9125,18252,2886,2879,5765,12013,12004,24017
SYDNEY,2023,1,8752,8787,17539,2991,3001,5992,11743,11788,23531
SYDNEY,2023,2,8526,8544,17070,2648,2643,5291,11174,11187,22361
SYDNEY,2023,3,9734,9778,19512,2918,2913,5831,12652,12691,25343
SYDNEY,2023,4,9099,9106,18205,2956,2940,5896,12055,12046,24101
SYDNEY,2023,5,9440,9468,18908,2953,2938,5891,12393,12406,24799
SYDNEY,2023,6,9087,9103,18190,3019,3001,6020,12106,12104,24210
SYDNEY,2023,7,9473,9492,18965,3260,3264,6524,12733,12756,25489
SYDNEY,2023,8,9559,9571,19130,3216,3219,6435,12775,12790,25565
SYDNEY,2023,9,9301,9323,18624,3154,3150,6304,12455,12473,24928
SYDNEY,2023,10,9449,9469,18918,3219,3202,6421,12668,12671,25339
SYDNEY,2023,11,9086,9100,18186,3263,3256,6519,12349,12356,24705
SYDNEY,2023,12,8959,8971,17930,3740,3726,7466,12699,12697,25396
SYDNEY,2024,1,8854,8887,17741,3770,3762,7532,12624,12649,25273
SYDNEY,2024,2,8619,8615,17234,3254,3248,6502,11873,11863,23736
SYDNEY,2024,3,9310,9322,18632,3375,3380,6755,12685,12702,25387
SYDNEY,2024,4,9304,9304,18608,3259,3251,6510,12563,12555,25118
SYDNEY,2024,5,9409,9425,18834,3221,3202,6423,12630,12627,25257
SYDNEY,2024,6,8793,8803,17596,3157,3158,6315,11950,11961,23911
SYDNEY,2024,7,9575,9625,19200,3386,3379,6765,12961,13004,25965
SYDNEY,2024,8,8986,9000,17986,3287,3284,6571,12273,12284,24557
SYDNEY,2024,9,8945,8971,17916,3210,3204,6414,12155,12175,24330
SYDNEY,2024,10,9399,9425,18824,3340,3329,6669,12739,12754,25493
SYDNEY,2024,11,8795,8781,17576,3321,3315,6636,12116,12096,24212
SYDNEY,2024,12,8727,8745,17472,3687,3684,7371,12414,12429,24843
SYDNEY,2025,1,8259,8292,16551,3824,3810,7634,12083,12102,24185
SYDNEY,2025,2,7861,7874,15735,3231,3216,6447,11092,11090,22182
SYDNEY,2025,3,8623,8643,17266,3378,3339,6717,12001,11982,23983
SYDNEY,2025,4,8914,8945,17859,3318,3283,6601,12232,12228,24460
SYDNEY,2025,5,8864,8866,17730,3272,3231,6503,12136,12097,24233
SYDNEY,2025,6,8516,8539,17055,3280,3231,6511,11796,11770,23566
TOWNSVILLE,1985,1,694,689,1383,9,10,19,703,699,1402
TOWNSVILLE,1985,2,623,625,1248,8,8,16,631,633,1264
TOWNSVILLE,1985,3,710,715,1425,8,8,16,718,723,1441
TOWNSVILLE,1985,4,682,688,1370,9,9,18,691,697,1388
TOWNSVILLE,1985,5,795,799,1594,9,9,18,804,808,1612
TOWNSVILLE,1985,6,733,735,1468,8,8,16,741,743,1484
TOWNSVILLE,1985,7,792,791,1583,10,10,20,802,801,1603
TOWNSVILLE,1985,8,779,778,1557,8,8,16,787,786,1573
TOWNSVILLE,1985,9,764,772,1536,9,8,17,773,780,1553
TOWNSVILLE,1985,10,732,737,1469,9,10,19,741,747,1488
TOWNSVILLE,1985,11,741,741,1482,8,8,16,749,749,1498
TOWNSVILLE,1985,12,746,740,1486,9,9,18,755,749,1504
TOWNSVILLE,1986,1,706,717,1423,9,9,18,715,726,1441
TOWNSVILLE,1986,2,566,570,1136,8,8,16,574,578,1152
TOWNSVILLE,1986,3,677,679,1356,8,8,16,685,687,1372
TOWNSVILLE,1986,4,653,641,1294,13,13,26,666,654,1320
TOWNSVILLE,1986,5,764,752,1516,16,15,31,780,767,1547
TOWNSVILLE,1986,6,693,694,1387,17,16,33,710,710,1420
TOWNSVILLE,1986,7,731,730,1461,14,14,28,745,744,1489
TOWNSVILLE,1986,8,771,748,1519,14,14,28,785,762,1547
TOWNSVILLE,1986,9,738,714,1452,16,15,31,754,729,1483
TOWNSVILLE,1986,10,780,753,1533,13,13,26,793,766,1559
TOWNSVILLE,1986,11,750,720,1470,13,14,27,763,734,1497
TOWNSVILLE,1986,12,755,734,1489,13,13,26,768,747,1515
TOWNSVILLE,1987,1,733,715,1448,14,16,30,747,731,1478
TOWNSVILLE,1987,2,638,628,1266,12,12,24,650,640,1290
TOWNSVILLE,1987,3,721,700,1421,12,12,24,733,712,1445
TOWNSVILLE,1987,4,720,694,1414,11,10,21,731,704,1435
TOWNSVILLE,1987,5,773,748,1521,9,12,21,782,760,1542
TOWNSVILLE,1987,6,677,671,1348,8,8,16,685,679,1364
TOWNSVILLE,1987,7,724,721,1445,9,9,18,733,730,1463
TOWNSVILLE,1987,8,708,704,1412,9,9,18,717,713,1430
TOWNSVILLE,1987,9,687,688,1375,12,12,24,699,700,1399
TOWNSVILLE,1987,10,713,715,1428,14,14,28,727,729,1456
TOWNSVILLE,1987,11,636,634,1270,13,13,26,649,647,1296
TOWNSVILLE,1987,12,640,639,1279,13,12,25,653,651,1304
TOWNSVILLE,1988,1,629,625,1254,19,20,39,648,645,1293
TOWNSVILLE,1988,2,566,565,1131,12,13,25,578,578,1156
TOWNSVILLE,1988,3,660,657,1317,13,12,25,673,669,1342
TOWNSVILLE,1988,4,741,672,1413,15,15,30,756,687,1443
TOWNSVILLE,1988,5,724,721,1445,14,14,28,738,735,1473
TOWNSVILLE,1988,6,704,699,1403,12,12,24,716,711,1427
TOWNSVILLE,1988,7,727,725,1452,14,14,28,741,739,1480
TOWNSVILLE,1988,8,721,716,1437,14,15,29,735,731,1466
TOWNSVILLE,1988,9,749,724,1473,15,14,29,764,738,1502
TOWNSVILLE,1988,10,736,754,1490,13,15,28,749,769,1518
TOWNSVILLE,1988,11,676,688,1364,19,18,37,695,706,1401
TOWNSVILLE,1988,12,703,693,1396,26,24,50,729,717,1446
TOWNSVILLE,1989,1,679,671,1350,21,22,43,700,693,1393
TOWNSVILLE,1989,2,608,638,1246,21,21,42,629,659,1288
TOWNSVILLE,1989,3,684,691,1375,24,24,48,708,715,1423
TOWNSVILLE,1989,4,701,713,1414,23,22,45,724,735,1459
TOWNSVILLE,1989,5,743,805,1548,22,22,44,765,827,1592
TOWNSVILLE,1989,6,703,707,1410,23,24,47,726,731,1457
TOWNSVILLE,1989,7,714,718,1432,24,23,47,738,741,1479
TOWNSVILLE,1989,8,551,550,1101,21,20,41,572,570,1142
TOWNSVILLE,1989,9,314,318,632,23,24,47,337,342,679
TOWNSVILLE,1989,10,348,357,705,21,20,41,369,377,746
TOWNSVILLE,1989,11,306,304,610,18,17,35,324,321,645
TOWNSVILLE,1989,12,314,311,625,14,15,29,328,326,654
TOWNSVILLE,1990,1,347,343,690,12,12,24,359,355,714
TOWNSVILLE,1990,2,365,357,722,12,12,24,377,369,746
TOWNSVILLE,1990,3,426,431,857,16,15,31,442,446,888
TOWNSVILLE,1990,4,460,458,918,12,13,25,472,471,943
TOWNSVILLE,1990,5,490,489,979,13,13,26,503,502,1005
TOWNSVILLE,1990,6,530,533,1063,14,14,28,544,547,1091
TOWNSVILLE,1990,7,534,533,1067,13,14,27,547,547,1094
TOWNSVILLE,1990,8,549,548,1097,13,13,26,562,561,1123
TOWNSVILLE,1990,9,516,519,1035,16,15,31,532,534,1066
TOWNSVILLE,1990,10,538,535,1073,13,13,26,551,548,1099
TOWNSVILLE,1990,11,488,482,970,13,13,26,501,495,996
TOWNSVILLE,1990,12,429,424,853,14,14,28,443,438,881
TOWNSVILLE,1991,1,641,640,1281,18,18,36,659,658,1317
TOWNSVILLE,1991,2,575,575,1150,12,12,24,587,587,1174
TOWNSVILLE,1991,3,644,645,1289,14,14,28,658,659,1317
TOWNSVILLE,1991,4,608,609,1217,0,0,0,608,609,1217
TOWNSVILLE,1991,5,618,617,1235,0,0,0,618,617,1235
TOWNSVILLE,1991,6,607,606,1213,0,0,0,607,606,1213
TOWNSVILLE,1991,7,630,629,1259,0,0,0,630,629,1259
TOWNSVILLE,1991,8,657,651,1308,0,0,0,657,651,1308
TOWNSVILLE,1991,9,606,603,1209,0,0,0,606,603,1209
TOWNSVILLE,1991,10,631,628,1259,0,0,0,631,628,1259
TOWNSVILLE,1991,11,611,616,1227,0,0,0,611,616,1227
TOWNSVILLE,1991,12,612,608,1220,0,0,0,612,608,1220
TOWNSVILLE,1992,1,597,595,1192,0,0,0,597,595,1192
TOWNSVILLE,1992,2,564,571,1135,0,0,0,564,571,1135
TOWNSVILLE,1992,3,558,555,1113,0,0,0,558,555,1113
TOWNSVILLE,1992,4,561,560,1121,0,0,0,561,560,1121
TOWNSVILLE,1992,5,572,571,1143,0,0,0,572,571,1143
TOWNSVILLE,1992,6,554,559,1113,0,0,0,554,559,1113
TOWNSVILLE,1992,7,598,597,1195,0,0,0,598,597,1195
TOWNSVILLE,1992,8,585,587,1172,0,0,0,585,587,1172
TOWNSVILLE,1992,9,600,606,1206,0,0,0,600,606,1206
TOWNSVILLE,1992,10,640,650,1290,0,0,0,640,650,1290
TOWNSVILLE,1992,11,620,621,1241,8,8,16,628,629,1257
TOWNSVILLE,1992,12,621,626,1247,10,10,20,631,636,1267
TOWNSVILLE,1993,1,601,604,1205,8,8,16,609,612,1221
TOWNSVILLE,1993,2,562,564,1126,8,8,16,570,572,1142
TOWNSVILLE,1993,3,592,594,1186,8,8,16,600,602,1202
TOWNSVILLE,1993,4,574,577,1151,9,9,18,583,586,1169
TOWNSVILLE,1993,5,555,560,1115,8,8,16,563,568,1131
TOWNSVILLE,1993,6,560,556,1116,9,9,18,569,565,1134
TOWNSVILLE,1993,7,587,589,1176,11,11,22,598,600,1198
TOWNSVILLE,1993,8,590,592,1182,10,10,20,600,602,1202
TOWNSVILLE,1993,9,625,634,1259,8,8,16,633,642,1275
TOWNSVILLE,1993,10,631,631,1262,9,9,18,640,640,1280
TOWNSVILLE,1993,11,621,625,1246,8,8,16,629,633,1262
TOWNSVILLE,1993,12,621,619,1240,8,8,16,629,627,1256
TOWNSVILLE,1994,1,635,632,1267,10,10,20,645,642,1287
TOWNSVILLE,1994,2,575,577,1152,8,8,16,583,585,1168
TOWNSVILLE,1994,3,657,657,1314,9,9,18,666,666,1332
TOWNSVILLE,1994,4,629,631,1260,5,5,10,634,636,1270
TOWNSVILLE,1994,5,655,654,1309,4,4,8,659,658,1317
TOWNSVILLE,1994,6,641,641,1282,4,4,8,645,645,1290
TOWNSVILLE,1994,7,643,647,1290,5,5,10,648,652,1300
TOWNSVILLE,1994,8,651,649,1300,4,4,8,655,653,1308
TOWNSVILLE,1994,9,669,674,1343,4,4,8,673,678,1351
TOWNSVILLE,1994,10,701,702,1403,5,5,10,706,707,1413
TOWNSVILLE,1994,11,671,672,1343,0,0,0,671,672,1343
TOWNSVILLE,1994,12,663,666,1329,0,0,0,663,666,1329
TOWNSVILLE,1995,1,656,652,1308,0,0,0,656,652,1308
TOWNSVILLE,1995,2,588,591,1179,0,0,0,588,591,1179
TOWNSVILLE,1995,3,681,681,1362,0,0,0,681,681,1362
TOWNSVILLE,1995,4,662,660,1322,0,0,0,662,660,1322
TOWNSVILLE,1995,5,680,679,1359,0,0,0,680,679,1359
TOWNSVILLE,1995,6,676,678,1354,0,0,0,676,678,1354
TOWNSVILLE,1995,7,739,740,1479,0,0,0,739,740,1479
TOWNSVILLE,1995,8,743,746,1489,0,0,0,743,746,1489
TOWNSVILLE,1995,9,722,722,1444,0,0,0,722,722,1444
TOWNSVILLE,1995,10,739,741,1480,0,0,0,739,741,1480
TOWNSVILLE,1995,11,701,697,1398,0,0,0,701,697,1398
TOWNSVILLE,1995,12,692,696,1388,0,0,0,692,696,1388
TOWNSVILLE,1996,1,717,716,1433,0,0,0,717,716,1433
TOWNSVILLE,1996,2,649,649,1298,0,0,0,649,649,1298
TOWNSVILLE,1996,3,708,709,1417,0,0,0,708,709,1417
TOWNSVILLE,1996,4,712,712,1424,0,0,0,712,712,1424
TOWNSVILLE,1996,5,734,732,1466,0,0,0,734,732,1466
TOWNSVILLE,1996,6,694,693,1387,0,0,0,694,693,1387
TOWNSVILLE,1996,7,760,761,1521,0,0,0,760,761,1521
TOWNSVILLE,1996,8,730,727,1457,0,0,0,730,727,1457
TOWNSVILLE,1996,9,742,742,1484,0,0,0,742,742,1484
TOWNSVILLE,1996,10,800,799,1599,0,0,0,800,799,1599
TOWNSVILLE,1996,11,786,796,1582,0,0,0,786,796,1582
TOWNSVILLE,1996,12,778,778,1556,0,0,0,778,778,1556
TOWNSVILLE,1997,1,755,758,1513,0,0,0,755,758,1513
TOWNSVILLE,1997,2,681,684,1365,0,0,0,681,684,1365
TOWNSVILLE,1997,3,730,731,1461,0,0,0,730,731,1461
TOWNSVILLE,1997,4,742,739,1481,0,0,0,742,739,1481
TOWNSVILLE,1997,5,758,754,1512,4,1,5,762,755,1517
TOWNSVILLE,1997,6,734,738,1472,13,14,27,747,752,1499
TOWNSVILLE,1997,7,795,792,1587,12,12,24,807,804,1611
TOWNSVILLE,1997,8,769,771,1540,15,15,30,784,786,1570
TOWNSVILLE,1997,9,756,756,1512,2,0,2,758,756,1514
TOWNSVILLE,1997,10,782,781,1563,9,7,16,791,788,1579
TOWNSVILLE,1997,11,732,734,1466,0,0,0,732,734,1466
TOWNSVILLE,1997,12,728,730,1458,0,0,0,728,730,1458
TOWNSVILLE,1998,1,695,691,1386,0,0,0,695,691,1386
TOWNSVILLE,1998,2,616,614,1230,0,0,0,616,614,1230
TOWNSVILLE,1998,3,688,689,1377,0,0,0,688,689,1377
TOWNSVILLE,1998,4,690,682,1372,0,0,0,690,682,1372
TOWNSVILLE,1998,5,704,707,1411,0,0,0,704,707,1411
TOWNSVILLE,1998,6,702,697,1399,0,0,0,702,697,1399
TOWNSVILLE,1998,7,780,782,1562,0,0,0,780,782,1562
TOWNSVILLE,1998,8,796,796,1592,0,0,0,796,796,1592
TOWNSVILLE,1998,9,753,758,1511,0,0,0,753,758,1511
TOWNSVILLE,1998,10,777,780,1557,6,6,12,783,786,1569
TOWNSVILLE,1998,11,749,747,1496,7,7,14,756,754,1510
TOWNSVILLE,1998,12,749,751,1500,9,9,18,758,760,1518
TOWNSVILLE,1999,1,699,700,1399,8,5,13,707,705,1412
TOWNSVILLE,1999,2,645,643,1288,6,6,12,651,649,1300
TOWNSVILLE,1999,3,742,740,1482,0,0,0,742,740,1482
TOWNSVILLE,1999,4,740,741,1481,0,0,0,740,741,1481
TOWNSVILLE,1999,5,746,748,1494,0,0,0,746,748,1494
TOWNSVILLE,1999,6,757,755,1512,0,0,0,757,755,1512
TOWNSVILLE,1999,7,775,777,1552,0,0,0,775,777,1552
TOWNSVILLE,1999,8,750,753,1503,0,0,0,750,753,1503
TOWNSVILLE,1999,9,745,740,1485,0,0,0,745,740,1485
TOWNSVILLE,1999,10,744,743,1487,0,0,0,744,743,1487
TOWNSVILLE,1999,11,719,714,1433,0,0,0,719,714,1433
TOWNSVILLE,1999,12,710,709,1419,0,0,0,710,709,1419
TOWNSVILLE,2000,1,693,686,1379,0,0,0,693,686,1379
TOWNSVILLE,2000,2,734,724,1458,0,0,0,734,724,1458
TOWNSVILLE,2000,3,824,817,1641,0,0,0,824,817,1641
TOWNSVILLE,2000,4,727,723,1450,0,0,0,727,723,1450
TOWNSVILLE,2000,5,809,805,1614,0,0,0,809,805,1614
TOWNSVILLE,2000,6,787,786,1573,0,0,0,787,786,1573
TOWNSVILLE,2000,7,802,796,1598,0,0,0,802,796,1598
TOWNSVILLE,2000,8,819,814,1633,0,0,0,819,814,1633
TOWNSVILLE,2000,9,791,788,1579,0,0,0,791,788,1579
TOWNSVILLE,2000,10,844,843,1687,0,0,0,844,843,1687
TOWNSVILLE,2000,11,815,821,1636,0,0,0,815,821,1636
TOWNSVILLE,2000,12,760,763,1523,0,0,0,760,763,1523
TOWNSVILLE,2001,1,720,712,1432,0,0,0,720,712,1432
TOWNSVILLE,2001,2,724,733,1457,0,0,0,724,733,1457
TOWNSVILLE,2001,3,829,830,1659,0,0,0,829,830,1659
TOWNSVILLE,2001,4,825,816,1641,0,0,0,825,816,1641
TOWNSVILLE,2001,5,863,861,1724,0,0,0,863,861,1724
TOWNSVILLE,2001,6,723,721,1444,0,0,0,723,721,1444
TOWNSVILLE,2001,7,571,548,1119,0,0,0,571,548,1119
TOWNSVILLE,2001,8,566,556,1122,0,0,0,566,556,1122
TOWNSVILLE,2001,9,500,490,990,0,0,0,500,490,990
TOWNSVILLE,2001,10,522,515,1037,2,1,3,524,516,1040
TOWNSVILLE,2001,11,562,551,1113,8,8,16,570,559,1129
TOWNSVILLE,2001,12,551,542,1093,8,7,15,559,549,1108
TOWNSVILLE,2002,1,527,517,1044,0,0,0,527,517,1044
TOWNSVILLE,2002,2,495,486,981,0,0,0,495,486,981
TOWNSVILLE,2002,3,525,520,1045,0,0,0,525,520,1045
TOWNSVILLE,2002,4,525,514,1039,0,0,0,525,514,1039
TOWNSVILLE,2002,5,537,534,1071,0,0,0,537,534,1071
TOWNSVILLE,2002,6,502,497,999,0,0,0,502,497,999
TOWNSVILLE,2002,7,572,565,1137,0,0,0,572,565,1137
TOWNSVILLE,2002,8,648,643,1291,0,0,0,648,643,1291
TOWNSVILLE,2002,9,627,619,1246,0,0,0,627,619,1246
TOWNSVILLE,2002,10,646,640,1286,0,0,0,646,640,1286
TOWNSVILLE,2002,11,618,613,1231,0,0,0,618,613,1231
TOWNSVILLE,2002,12,604,597,1201,0,0,0,604,597,1201
TOWNSVILLE,2003,1,648,640,1288,0,0,0,648,640,1288
TOWNSVILLE,2003,2,615,605,1220,0,0,0,615,605,1220
TOWNSVILLE,2003,3,672,663,1335,0,0,0,672,663,1335
TOWNSVILLE,2003,4,643,639,1282,0,0,0,643,639,1282
TOWNSVILLE,2003,5,696,690,1386,0,0,0,696,690,1386
TOWNSVILLE,2003,6,651,654,1305,0,0,0,651,654,1305
TOWNSVILLE,2003,7,694,692,1386,0,0,0,694,692,1386
TOWNSVILLE,2003,8,705,712,1417,0,0,0,705,712,1417
TOWNSVILLE,2003,9,708,705,1413,0,0,0,708,705,1413
TOWNSVILLE,2003,10,745,747,1492,0,0,0,745,747,1492
TOWNSVILLE,2003,11,717,715,1432,0,0,0,717,715,1432
TOWNSVILLE,2003,12,723,722,1445,0,0,0,723,722,1445
TOWNSVILLE,2004,1,719,717,1436,0,0,0,719,717,1436
TOWNSVILLE,2004,2,684,680,1364,0,0,0,684,680,1364
TOWNSVILLE,2004,3,747,745,1492,0,0,0,747,745,1492
TOWNSVILLE,2004,4,734,734,1468,0,0,0,734,734,1468
TOWNSVILLE,2004,5,768,769,1537,0,0,0,768,769,1537
TOWNSVILLE,2004,6,761,759,1520,0,0,0,761,759,1520
TOWNSVILLE,2004,7,801,805,1606,0,0,0,801,805,1606
TOWNSVILLE,2004,8,788,790,1578,0,0,0,788,790,1578
TOWNSVILLE,2004,9,786,790,1576,0,0,0,786,790,1576
TOWNSVILLE,2004,10,784,787,1571,0,0,0,784,787,1571
TOWNSVILLE,2004,11,757,762,1519,0,0,0,757,762,1519
TOWNSVILLE,2004,12,741,752,1493,0,0,0,741,752,1493
TOWNSVILLE,2005,1,780,783,1563,0,0,0,780,783,1563
TOWNSVILLE,2005,2,791,795,1586,0,0,0,791,795,1586
TOWNSVILLE,2005,3,909,921,1830,0,0,0,909,921,1830
TOWNSVILLE,2005,4,1004,1010,2014,0,0,0,1004,1010,2014
TOWNSVILLE,2005,5,941,947,1888,0,0,0,941,947,1888
TOWNSVILLE,2005,6,936,941,1877,0,0,0,936,941,1877
TOWNSVILLE,2005,7,946,953,1899,0,0,0,946,953,1899
TOWNSVILLE,2005,8,973,974,1947,0,0,0,973,974,1947
TOWNSVILLE,2005,9,909,917,1826,0,0,0,909,917,1826
TOWNSVILLE,2005,10,934,940,1874,0,0,0,934,940,1874
TOWNSVILLE,2005,11,986,990,1976,0,0,0,986,990,1976
TOWNSVILLE,2005,12,927,930,1857,0,0,0,927,930,1857
TOWNSVILLE,2006,1,896,893,1789,0,0,0,896,893,1789
TOWNSVILLE,2006,2,859,855,1714,0,0,0,859,855,1714
TOWNSVILLE,2006,3,935,934,1869,2,1,3,937,935,1872
TOWNSVILLE,2006,4,881,884,1765,0,1,1,881,885,1766
TOWNSVILLE,2006,5,923,921,1844,1,1,2,924,922,1846
TOWNSVILLE,2006,6,896,894,1790,0,0,0,896,894,1790
TOWNSVILLE,2006,7,936,934,1870,0,0,0,936,934,1870
TOWNSVILLE,2006,8,940,937,1877,0,0,0,940,937,1877
TOWNSVILLE,2006,9,905,904,1809,0,0,0,905,904,1809
TOWNSVILLE,2006,10,938,939,1877,0,0,0,938,939,1877
TOWNSVILLE,2006,11,894,891,1785,0,0,0,894,891,1785
TOWNSVILLE,2006,12,847,846,1693,0,0,0,847,846,1693
TOWNSVILLE,2007,1,827,825,1652,0,0,0,827,825,1652
TOWNSVILLE,2007,2,849,848,1697,0,0,0,849,848,1697
TOWNSVILLE,2007,3,927,925,1852,0,0,0,927,925,1852
TOWNSVILLE,2007,4,796,791,1587,0,0,0,796,791,1587
TOWNSVILLE,2007,5,863,865,1728,0,0,0,863,865,1728
TOWNSVILLE,2007,6,836,845,1681,0,0,0,836,845,1681
TOWNSVILLE,2007,7,842,849,1691,0,0,0,842,849,1691
TOWNSVILLE,2007,8,862,859,1721,0,0,0,862,859,1721
TOWNSVILLE,2007,9,800,800,1600,0,0,0,800,800,1600
TOWNSVILLE,2007,10,882,878,1760,0,0,0,882,878,1760
TOWNSVILLE,2007,11,853,853,1706,0,0,0,853,853,1706
TOWNSVILLE,2007,12,838,831,1669,0,0,0,838,831,1669
TOWNSVILLE,2008,1,802,800,1602,0,0,0,802,800,1602
TOWNSVILLE,2008,2,810,813,1623,0,0,0,810,813,1623
TOWNSVILLE,2008,3,850,852,1702,0,0,0,850,852,1702
TOWNSVILLE,2008,4,814,818,1632,0,0,0,814,818,1632
TOWNSVILLE,2008,5,860,862,1722,0,0,0,860,862,1722
TOWNSVILLE,2008,6,844,848,1692,0,0,0,844,848,1692
TOWNSVILLE,2008,7,910,906,1816,0,0,0,910,906,1816
TOWNSVILLE,2008,8,896,898,1794,0,0,0,896,898,1794
TOWNSVILLE,2008,9,826,821,1647,0,0,0,826,821,1647
TOWNSVILLE,2008,10,861,864,1725,0,0,0,861,864,1725
TOWNSVILLE,2008,11,825,831,1656,0,0,0,825,831,1656
TOWNSVILLE,2008,12,817,826,1643,0,0,0,817,826,1643
TOWNSVILLE,2009,1,731,745,1476,0,0,0,731,745,1476
TOWNSVILLE,2009,2,759,772,1531,0,0,0,759,772,1531
TOWNSVILLE,2009,3,876,889,1765,0,0,0,876,889,1765
TOWNSVILLE,2009,4,977,978,1955,0,0,0,977,978,1955
TOWNSVILLE,2009,5,1017,1021,2038,0,0,0,1017,1021,2038
TOWNSVILLE,2009,6,993,1005,1998,0,0,0,993,1005,1998
TOWNSVILLE,2009,7,1059,1073,2132,0,0,0,1059,1073,2132
TOWNSVILLE,2009,8,1003,1007,2010,0,0,0,1003,1007,2010
TOWNSVILLE,2009,9,993,1007,2000,0,0,0,993,1007,2000
TOWNSVILLE,2009,10,1100,1111,2211,0,0,0,1100,1111,2211
TOWNSVILLE,2009,11,1132,1136,2268,0,0,0,1132,1136,2268
TOWNSVILLE,2009,12,1066,1087,2153,0,0,0,1066,1087,2153
TOWNSVILLE,2010,1,1037,1043,2080,0,0,0,1037,1043,2080
TOWNSVILLE,2010,2,893,909,1802,0,0,0,893,909,1802
TOWNSVILLE,2010,3,995,1008,2003,0,0,0,995,1008,2003
TOWNSVILLE,2010,4,1131,1140,2271,0,0,0,1131,1140,2271
TOWNSVILLE,2010,5,1223,1234,2457,0,0,0,1223,1234,2457
TOWNSVILLE,2010,6,1222,1232,2454,0,0,0,1222,1232,2454
TOWNSVILLE,2010,7,1287,1306,2593,0,0,0,1287,1306,2593
TOWNSVILLE,2010,8,1315,1321,2636,0,0,0,1315,1321,2636
TOWNSVILLE,2010,9,1232,1251,2483,0,0,0,1232,1251,2483
TOWNSVILLE,2010,10,1242,1253,2495,0,0,0,1242,1253,2495
TOWNSVILLE,2010,11,1262,1280,2542,0,0,0,1262,1280,2542
TOWNSVILLE,2010,12,1202,1231,2433,7,8,15,1209,1239,2448
TOWNSVILLE,2011,1,1077,1086,2163,9,8,17,1086,1094,2180
TOWNSVILLE,2011,2,1054,1066,2120,8,8,16,1062,1074,2136
TOWNSVILLE,2011,3,1229,1244,2473,7,7,14,1236,1251,2487
TOWNSVILLE,2011,4,1173,1185,2358,4,5,9,1177,1190,2367
TOWNSVILLE,2011,5,1250,1264,2514,5,4,9,1255,1268,2523
TOWNSVILLE,2011,6,1215,1214,2429,4,4,8,1219,1218,2437
TOWNSVILLE,2011,7,1242,1255,2497,5,5,10,1247,1260,2507
TOWNSVILLE,2011,8,1285,1300,2585,4,4,8,1289,1304,2593
TOWNSVILLE,2011,9,1223,1237,2460,4,4,8,1227,1241,2468
TOWNSVILLE,2011,10,1173,1168,2341,2,3,5,1175,1171,2346
TOWNSVILLE,2011,11,1179,1191,2370,0,0,0,1179,1191,2370
TOWNSVILLE,2011,12,1108,1123,2231,0,0,0,1108,1123,2231
TOWNSVILLE,2012,1,1016,1031,2047,0,0,0,1016,1031,2047
TOWNSVILLE,2012,2,1130,1151,2281,0,0,0,1130,1151,2281
TOWNSVILLE,2012,3,1170,1184,2354,0,0,0,1170,1184,2354
TOWNSVILLE,2012,4,1124,1134,2258,0,0,0,1124,1134,2258
TOWNSVILLE,2012,5,1181,1202,2383,0,0,0,1181,1202,2383
TOWNSVILLE,2012,6,1128,1144,2272,0,0,0,1128,1144,2272
TOWNSVILLE,2012,7,1179,1194,2373,0,0,0,1179,1194,2373
TOWNSVILLE,2012,8,1216,1239,2455,0,0,0,1216,1239,2455
TOWNSVILLE,2012,9,1143,1156,2299,0,0,0,1143,1156,2299
TOWNSVILLE,2012,10,1215,1227,2442,0,0,0,1215,1227,2442
TOWNSVILLE,2012,11,1180,1193,2373,0,0,0,1180,1193,2373
TOWNSVILLE,2012,12,1068,1074,2142,0,0,0,1068,1074,2142
TOWNSVILLE,2013,1,1040,1060,2100,0,0,0,1040,1060,2100
TOWNSVILLE,2013,2,1040,1060,2100,0,0,0,1040,1060,2100
TOWNSVILLE,2013,3,1146,1157,2303,0,0,0,1146,1157,2303
TOWNSVILLE,2013,4,1125,1139,2264,0,0,0,1125,1139,2264
TOWNSVILLE,2013,5,1203,1228,2431,0,0,0,1203,1228,2431
TOWNSVILLE,2013,6,1093,1108,2201,0,0,0,1093,1108,2201
TOWNSVILLE,2013,7,1195,1212,2407,0,0,0,1195,1212,2407
TOWNSVILLE,2013,8,1173,1197,2370,0,0,0,1173,1197,2370
TOWNSVILLE,2013,9,1143,1152,2295,0,0,0,1143,1152,2295
TOWNSVILLE,2013,10,1199,1214,2413,0,0,0,1199,1214,2413
TOWNSVILLE,2013,11,1094,1118,2212,0,0,0,1094,1118,2212
TOWNSVILLE,2013,12,1059,1076,2135,0,0,0,1059,1076,2135
TOWNSVILLE,2014,1,1001,1017,2018,0,0,0,1001,1017,2018
TOWNSVILLE,2014,2,988,1005,1993,0,0,0,988,1005,1993
TOWNSVILLE,2014,3,1038,1057,2095,0,0,0,1038,1057,2095
TOWNSVILLE,2014,4,1002,1017,2019,0,0,0,1002,1017,2019
TOWNSVILLE,2014,5,1104,1127,2231,0,0,0,1104,1127,2231
TOWNSVILLE,2014,6,1070,1089,2159,0,0,0,1070,1089,2159
TOWNSVILLE,2014,7,1148,1165,2313,0,0,0,1148,1165,2313
TOWNSVILLE,2014,8,1106,1126,2232,0,0,0,1106,1126,2232
TOWNSVILLE,2014,9,1106,1120,2226,0,0,0,1106,1120,2226
TOWNSVILLE,2014,10,1140,1160,2300,0,0,0,1140,1160,2300
TOWNSVILLE,2014,11,1044,1061,2105,0,0,0,1044,1061,2105
TOWNSVILLE,2014,12,1018,1032,2050,0,0,0,1018,1032,2050
TOWNSVILLE,2015,1,1018,1018,2036,0,0,0,1018,1018,2036
TOWNSVILLE,2015,2,976,980,1956,0,0,0,976,980,1956
TOWNSVILLE,2015,3,1083,1085,2168,0,0,0,1083,1085,2168
TOWNSVILLE,2015,4,1024,1025,2049,0,0,0,1024,1025,2049
TOWNSVILLE,2015,5,1042,1042,2084,0,0,0,1042,1042,2084
TOWNSVILLE,2015,6,1017,1018,2035,0,0,0,1017,1018,2035
TOWNSVILLE,2015,7,1116,1116,2232,0,0,0,1116,1116,2232
TOWNSVILLE,2015,8,1088,1089,2177,0,0,0,1088,1089,2177
TOWNSVILLE,2015,9,1067,1068,2135,12,13,25,1079,1081,2160
TOWNSVILLE,2015,10,1070,1074,2144,13,13,26,1083,1087,2170
TOWNSVILLE,2015,11,1025,1024,2049,5,6,11,1030,1030,2060
TOWNSVILLE,2015,12,989,990,1979,14,13,27,1003,1003,2006
TOWNSVILLE,2016,1,964,965,1929,13,13,26,977,978,1955
TOWNSVILLE,2016,2,987,990,1977,12,13,25,999,1003,2002
TOWNSVILLE,2016,3,1049,1045,2094,13,12,25,1062,1057,2119
TOWNSVILLE,2016,4,1021,1025,2046,12,13,25,1033,1038,2071
TOWNSVILLE,2016,5,1059,1061,2120,14,13,27,1073,1074,2147
TOWNSVILLE,2016,6,1065,1065,2130,13,13,26,1078,1078,2156
TOWNSVILLE,2016,7,1089,1087,2176,13,13,26,1102,1100,2202
TOWNSVILLE,2016,8,1157,1153,2310,12,13,25,1169,1166,2335
TOWNSVILLE,2016,9,1095,1098,2193,13,12,25,1108,1110,2218
TOWNSVILLE,2016,10,1080,1078,2158,13,14,27,1093,1092,2185
TOWNSVILLE,2016,11,1071,1056,2127,12,12,24,1083,1068,2151
TOWNSVILLE,2016,12,1015,1019,2034,13,13,26,1028,1032,2060
TOWNSVILLE,2017,1,1014,1015,2029,14,13,27,1028,1028,2056
TOWNSVILLE,2017,2,970,974,1944,12,12,24,982,986,1968
TOWNSVILLE,2017,3,1019,1020,2039,12,12,24,1031,1032,2063
TOWNSVILLE,2017,4,1002,1002,2004,21,21,42,1023,1023,2046
TOWNSVILLE,2017,5,1088,1084,2172,22,23,45,1110,1107,2217
TOWNSVILLE,2017,6,1073,1075,2148,22,21,43,1095,1096,2191
TOWNSVILLE,2017,7,1123,1121,2244,22,23,45,1145,1144,2289
TOWNSVILLE,2017,8,1162,1149,2311,22,21,43,1184,1170,2354
TOWNSVILLE,2017,9,1079,1066,2145,21,22,43,1100,1088,2188
TOWNSVILLE,2017,10,1095,1078,2173,23,21,44,1118,1099,2217
TOWNSVILLE,2017,11,1055,1062,2117,18,18,36,1073,1080,2153
TOWNSVILLE,2017,12,983,996,1979,21,21,42,1004,1017,2021
TOWNSVILLE,2018,1,1030,1031,2061,22,23,45,1052,1054,2106
TOWNSVILLE,2018,2,938,943,1881,20,20,40,958,963,1921
TOWNSVILLE,2018,3,1016,1029,2045,18,17,35,1034,1046,2080
TOWNSVILLE,2018,4,986,991,1977,9,9,18,995,1000,1995
TOWNSVILLE,2018,5,1057,1061,2118,8,8,16,1065,1069,2134
TOWNSVILLE,2018,6,1007,1012,2019,9,9,18,1016,1021,2037
TOWNSVILLE,2018,7,1075,1072,2147,9,9,18,1084,1081,2165
TOWNSVILLE,2018,8,1060,1069,2129,9,9,18,1069,1078,2147
TOWNSVILLE,2018,9,993,998,1991,8,8,16,1001,1006,2007
TOWNSVILLE,2018,10,1050,1055,2105,0,0,0,1050,1055,2105
TOWNSVILLE,2018,11,995,1000,1995,0,0,0,995,1000,1995
TOWNSVILLE,2018,12,888,890,1778,0,0,0,888,890,1778
TOWNSVILLE,2019,1,927,931,1858,0,0,0,927,931,1858
TOWNSVILLE,2019,2,812,813,1625,0,0,0,812,813,1625
TOWNSVILLE,2019,3,967,958,1925,0,0,0,967,958,1925
TOWNSVILLE,2019,4,992,998,1990,0,0,0,992,998,1990
TOWNSVILLE,2019,5,1079,1088,2167,0,0,0,1079,1088,2167
TOWNSVILLE,2019,6,998,1002,2000,0,0,0,998,1002,2000
TOWNSVILLE,2019,7,1078,1089,2167,0,0,0,1078,1089,2167
TOWNSVILLE,2019,8,1060,1070,2130,0,0,0,1060,1070,2130
TOWNSVILLE,2019,9,1042,1053,2095,0,0,0,1042,1053,2095
TOWNSVILLE,2019,10,1072,1079,2151,0,0,0,1072,1079,2151
TOWNSVILLE,2019,11,1005,1011,2016,0,0,0,1005,1011,2016
TOWNSVILLE,2019,12,970,963,1933,0,0,0,970,963,1933
TOWNSVILLE,2020,1,958,964,1922,0,0,0,958,964,1922
TOWNSVILLE,2020,2,921,927,1848,0,0,0,921,927,1848
TOWNSVILLE,2020,3,877,878,1755,0,0,0,877,878,1755
TOWNSVILLE,2020,4,221,219,440,0,0,0,221,219,440
TOWNSVILLE,2020,5,237,238,475,0,0,0,237,238,475
TOWNSVILLE,2020,6,323,321,644,0,0,0,323,321,644
TOWNSVILLE,2020,7,551,553,1104,0,0,0,551,553,1104
TOWNSVILLE,2020,8,610,615,1225,0,0,0,610,615,1225
TOWNSVILLE,2020,9,670,674,1344,0,0,0,670,674,1344
TOWNSVILLE,2020,10,691,702,1393,0,0,0,691,702,1393
TOWNSVILLE,2020,11,708,716,1424,0,0,0,708,716,1424
TOWNSVILLE,2020,12,739,745,1484,0,0,0,739,745,1484
TOWNSVILLE,2021,1,667,670,1337,0,0,0,667,670,1337
TOWNSVILLE,2021,2,703,710,1413,0,0,0,703,710,1413
TOWNSVILLE,2021,3,832,836,1668,0,0,0,832,836,1668
TOWNSVILLE,2021,4,780,804,1584,0,0,0,780,804,1584
TOWNSVILLE,2021,5,839,846,1685,0,0,0,839,846,1685
TOWNSVILLE,2021,6,863,885,1748,0,0,0,863,885,1748
TOWNSVILLE,2021,7,855,867,1722,0,0,0,855,867,1722
TOWNSVILLE,2021,8,750,751,1501,0,0,0,750,751,1501
TOWNSVILLE,2021,9,848,851,1699,0,0,0,848,851,1699
TOWNSVILLE,2021,10,849,856,1705,0,0,0,849,856,1705
TOWNSVILLE,2021,11,908,908,1816,0,0,0,908,908,1816
TOWNSVILLE,2021,12,972,981,1953,0,0,0,972,981,1953
TOWNSVILLE,2022,1,822,828,1650,0,0,0,822,828,1650
TOWNSVILLE,2022,2,754,756,1510,0,0,0,754,756,1510
TOWNSVILLE,2022,3,991,992,1983,0,0,0,991,992,1983
TOWNSVILLE,2022,4,955,958,1913,0,0,0,955,958,1913
TOWNSVILLE,2022,5,1056,1047,2103,0,0,0,1056,1047,2103
TOWNSVILLE,2022,6,1079,1081,2160,0,0,0,1079,1081,2160
TOWNSVILLE,2022,7,1027,1032,2059,0,0,0,1027,1032,2059
TOWNSVILLE,2022,8,1075,1077,2152,0,0,0,1075,1077,2152
TOWNSVILLE,2022,9,999,1005,2004,0,0,0,999,1005,2004
TOWNSVILLE,2022,10,1012,1021,2033,0,0,0,1012,1021,2033
TOWNSVILLE,2022,11,1030,1038,2068,0,0,0,1030,1038,2068
TOWNSVILLE,2022,12,966,970,1936,0,0,0,966,970,1936
TOWNSVILLE,2023,1,961,960,1921,0,0,0,961,960,1921
TOWNSVILLE,2023,2,922,924,1846,0,0,0,922,924,1846
TOWNSVILLE,2023,3,1078,1084,2162,0,0,0,1078,1084,2162
TOWNSVILLE,2023,4,1002,1007,2009,0,0,0,1002,1007,2009
TOWNSVILLE,2023,5,1121,1121,2242,0,0,0,1121,1121,2242
TOWNSVILLE,2023,6,1063,1072,2135,0,0,0,1063,1072,2135
TOWNSVILLE,2023,7,1063,1061,2124,0,0,0,1063,1061,2124
TOWNSVILLE,2023,8,1109,1115,2224,0,0,0,1109,1115,2224
TOWNSVILLE,2023,9,1037,1041,2078,0,0,0,1037,1041,2078
TOWNSVILLE,2023,10,1086,1085,2171,0,0,0,1086,1085,2171
TOWNSVILLE,2023,11,1056,1059,2115,0,0,0,1056,1059,2115
TOWNSVILLE,2023,12,949,953,1902,0,0,0,949,953,1902
TOWNSVILLE,2024,1,903,902,1805,0,0,0,903,902,1805
TOWNSVILLE,2024,2,909,913,1822,0,0,0,909,913,1822
TOWNSVILLE,2024,3,1005,1010,2015,0,0,0,1005,1010,2015
TOWNSVILLE,2024,4,995,1006,2001,0,0,0,995,1006,2001
TOWNSVILLE,2024,5,1018,1024,2042,0,0,0,1018,1024,2042
TOWNSVILLE,2024,6,955,954,1909,0,0,0,955,954,1909
TOWNSVILLE,2024,7,1105,1107,2212,0,0,0,1105,1107,2212
TOWNSVILLE,2024,8,1069,1072,2141,0,0,0,1069,1072,2141
TOWNSVILLE,2024,9,1045,1047,2092,0,0,0,1045,1047,2092
TOWNSVILLE,2024,10,1084,1086,2170,0,0,0,1084,1086,2170
TOWNSVILLE,2024,11,985,989,1974,0,0,0,985,989,1974
TOWNSVILLE,2024,12,956,958,1914,0,0,0,956,958,1914
TOWNSVILLE,2025,1,920,921,1841,0,0,0,920,921,1841
TOWNSVILLE,2025,2,871,871,1742,0,0,0,871,871,1742
TOWNSVILLE,2025,3,938,939,1877,0,0,0,938,939,1877
TOWNSVILLE,2025,4,996,1008,2004,0,0,0,996,1008,2004
TOWNSVILLE,2025,5,1004,1015,2019,0,0,0,1004,1015,2019
TOWNSVILLE,2025,6,980,999,1979,0,0,0,980,999,1979
All Australian Airports,1985,1,34670,34670,69340,1759,1731,3490,36429,36401,72830
All Australian Airports,1985,2,31181,31181,62362,1599,1578,3177,32780,32759,65539
All Australian Airports,1985,3,35812,35812,71624,1762,1750,3512,37574,37562,75136
All Australian Airports,1985,4,34463,34463,68926,1693,1670,3363,36156,36133,72289
All Australian Airports,1985,5,37863,37863,75726,1774,1749,3523,39637,39612,79249
All Australian Airports,1985,6,34215,34215,68430,1715,1696,3411,35930,35911,71841
All Australian Airports,1985,7,34088,34088,68176,1673,1640,3313,35761,35728,71489
All Australian Airports,1985,8,37299,37299,74598,1800,1779,3579,39099,39078,78177
All Australian Airports,1985,9,35965,35965,71930,1742,1721,3463,37707,37686,75393
All Australian Airports,1985,10,37207,37207,74414,1767,1753,3520,38974,38960,77934
All Australian Airports,1985,11,35955,35955,71910,1834,1823,3657,37789,37778,75567
All Australian Airports,1985,12,36472,36472,72944,1945,1938,3883,38417,38410,76827
All Australian Airports,1986,1,35804,35804,71608,1981,1969,3950,37785,37773,75558
All Australian Airports,1986,2,31883,31883,63766,1718,1706,3424,33601,33589,67190
All Australian Airports,1986,3,35225,35225,70450,1926,1924,3850,37151,37149,74300
All Australian Airports,1986,4,35040,35040,70080,1941,1941,3882,36981,36981,73962
All Australian Airports,1986,5,36834,36834,73668,2051,2044,4095,38885,38878,77763
All Australian Airports,1986,6,34678,34678,69356,1979,1977,3956,36657,36655,73312
All Australian Airports,1986,7,35573,35573,71146,2035,2027,4062,37608,37600,75208
All Australian Airports,1986,8,36781,36781,73562,2079,2073,4152,38860,38854,77714
All Australian Airports,1986,9,36729,36729,73458,1913,1906,3819,38642,38635,77277
All Australian Airports,1986,10,36695,36695,73390,2133,2119,4252,38828,38814,77642
All Australian Airports,1986,11,34938,34938,69876,2153,2148,4301,37091,37086,74177
All Australian Airports,1986,12,37517,37517,75034,2241,2234,4475,39758,39751,79509
All Australian Airports,1987,1,35518,35518,71036,2303,2297,4600,37821,37815,75636
All Australian Airports,1987,2,33194,33194,66388,2035,2026,4061,35229,35220,70449
All Australian Airports,1987,3,35950,35950,71900,2207,2203,4410,38157,38153,76310
All Australian Airports,1987,4,35736,35736,71472,2122,2112,4234,37858,37848,75706
All Australian Airports,1987,5,34216,34216,68432,2221,2212,4433,36437,36428,72865
All Australian Airports,1987,6,34302,34302,68604,2113,2111,4224,36415,36413,72828
All Australian Airports,1987,7,36872,36872,73744,2256,2240,4496,39128,39112,78240
All Australian Airports,1987,8,35812,35812,71624,2269,2259,4528,38081,38071,76152
All Australian Airports,1987,9,36264,36264,72528,2198,2190,4388,38462,38454,76916
All Australian Airports,1987,10,37469,37469,74938,2328,2308,4636,39797,39777,79574
All Australian Airports,1987,11,36667,36667,73334,2286,2274,4560,38953,38941,77894
All Australian Airports,1987,12,37913,37913,75826,2457,2437,4894,40370,40350,80720
All Australian Airports,1988,1,35486,35486,70972,2530,2512,5042,38016,37998,76014
All Australian Airports,1988,2,33515,33515,67030,2278,2245,4523,35793,35760,71553
All Australian Airports,1988,3,37193,37193,74386,2350,2330,4680,39543,39523,79066
All Australian Airports,1988,4,35852,35852,71704,2410,2385,4795,38262,38237,76499
All Australian Airports,1988,5,36162,36162,72324,2506,2482,4988,38668,38644,77312
All Australian Airports,1988,6,36417,36417,72834,2430,2408,4838,38847,38825,77672
All Australian Airports,1988,7,39467,39467,78934,2570,2551,5121,42037,42018,84055
All Australian Airports,1988,8,40066,40066,80132,2547,2520,5067,42613,42586,85199
All Australian Airports,1988,9,40441,40441,80882,2469,2435,4904,42910,42876,85786
All Australian Airports,1988,10,39981,39981,79962,2597,2577,5174,42578,42558,85136
All Australian Airports,1988,11,37938,37938,75876,2643,2616,5259,40581,40554,81135
All Australian Airports,1988,12,37962,37962,75924,2885,2858,5743,40847,40820,81667
All Australian Airports,1989,1,37156,37156,74312,2936,2896,5832,40092,40052,80144
All Australian Airports,1989,2,34391,34391,68782,2594,2558,5152,36985,36949,73934
All Australian Airports,1989,3,37501,37501,75002,2747,2700,5447,40248,40201,80449
All Australian Airports,1989,4,35663,35663,71326,2762,2727,5489,38425,38390,76815
All Australian Airports,1989,5,36759,36759,73518,2778,2715,5493,39537,39474,79011
All Australian Airports,1989,6,35108,35108,70216,2646,2604,5250,37754,37712,75466
All Australian Airports,1989,7,36075,36075,72150,2799,2749,5548,38874,38824,77698
All Australian Airports,1989,8,28818,28818,57636,2824,2778,5602,31642,31596,63238
All Australian Airports,1989,9,22160,22160,44320,2823,2772,5595,24983,24932,49915
All Australian Airports,1989,10,26147,26147,52294,2929,2867,5796,29076,29014,58090
All Australian Airports,1989,11,27709,27709,55418,2917,2862,5779,30626,30571,61197
All Australian Airports,1989,12,28833,28833,57666,3029,2993,6022,31862,31826,63688
All Australian Airports,1990,1,30592,30592,61184,3074,3027,6101,33666,33619,67285
All Australian Airports,1990,2,28707,28707,57414,2779,2728,5507,31486,31435,62921
All Australian Airports,1990,3,32357,32357,64714,3040,2992,6032,35397,35349,70746
All Australian Airports,1990,4,33873,33873,67746,2940,2890,5830,36813,36763,73576
All Australian Airports,1990,5,35219,35219,70438,3024,2993,6017,38243,38212,76455
All Australian Airports,1990,6,34105,34105,68210,2934,2897,5831,37039,37002,74041
All Australian Airports,1990,7,36419,36419,72838,3056,3016,6072,39475,39435,78910
All Australian Airports,1990,8,35941,35941,71882,3074,3038,6112,39015,38979,77994
All Australian Airports,1990,9,36236,36236,72472,2971,2953,5924,39207,39189,78396
All Australian Airports,1990,10,39250,39250,78500,3114,3091,6205,42364,42341,84705
All Australian Airports,1990,11,37188,37188,74376,3122,3087,6209,40310,40275,80585
All Australian Airports,1990,12,35305,35305,70610,3273,3244,6517,38578,38549,77127
All Australian Airports,1991,1,37068,37068,74136,3293,3281,6574,40361,40349,80710
All Australian Airports,1991,2,33831,33831,67662,2933,2916,5849,36764,36747,73511
All Australian Airports,1991,3,37322,37322,74644,3235,3218,6453,40557,40540,81097
All Australian Airports,1991,4,38070,38070,76140,2910,2897,5807,40980,40967,81947
All Australian Airports,1991,5,39047,39047,78094,2987,2967,5954,42034,42014,84048
All Australian Airports,1991,6,38506,38506,77012,2991,2974,5965,41497,41480,82977
All Australian Airports,1991,7,41158,41158,82316,3100,3088,6188,44258,44246,88504
All Australian Airports,1991,8,39839,39839,79678,3109,3092,6201,42948,42931,85879
All Australian Airports,1991,9,39849,39849,79698,2993,2988,5981,42842,42837,85679
All Australian Airports,1991,10,42247,42247,84494,3088,3075,6163,45335,45322,90657
All Australian Airports,1991,11,41630,41630,83260,3139,3134,6273,44769,44764,89533
All Australian Airports,1991,12,41254,41254,82508,3310,3300,6610,44564,44554,89118
All Australian Airports,1992,1,40729,40729,81458,3330,3325,6655,44059,44054,88113
All Australian Airports,1992,2,38030,38030,76060,3112,3112,6224,41142,41142,82284
All Australian Airports,1992,3,41314,41314,82628,3304,3298,6602,44618,44612,89230
All Australian Airports,1992,4,41245,41245,82490,3278,3262,6540,44523,44507,89030
All Australian Airports,1992,5,41861,41861,83722,3377,3373,6750,45238,45234,90472
All Australian Airports,1992,6,41584,41584,83168,3250,3243,6493,44834,44827,89661
All Australian Airports,1992,7,43983,43983,87966,3372,3349,6721,47355,47332,94687
All Australian Airports,1992,8,42167,42167,84334,3415,3406,6821,45582,45573,91155
All Australian Airports,1992,9,44195,44195,88390,3334,3322,6656,47529,47517,95046
All Australian Airports,1992,10,45739,45739,91478,3484,3482,6966,49223,49221,98444
All Australian Airports,1992,11,43473,43473,86946,3530,3503,7033,47003,46976,93979
All Australian Airports,1992,12,44472,44472,88944,3774,3755,7529,48246,48227,96473
All Australian Airports,1993,1,42926,42926,85852,3729,3727,7456,46655,46653,93308
All Australian Airports,1993,2,40449,40449,80898,3389,3381,6770,43838,43830,87668
All Australian Airports,1993,3,44596,44596,89192,3665,3650,7315,48261,48246,96507
All Australian Airports,1993,4,44170,44170,88340,3572,3557,7129,47742,47727,95469
All Australian Airports,1993,5,43563,43563,87126,3680,3680,7360,47243,47243,94486
All Australian Airports,1993,6,43146,43146,86292,3526,3519,7045,46672,46665,93337
All Australian Airports,1993,7,44088,44088,88176,3717,3705,7422,47805,47793,95598
All Australian Airports,1993,8,44230,44230,88460,3673,3652,7325,47903,47882,95785
All Australian Airports,1993,9,44372,44372,88744,3606,3583,7189,47978,47955,95933
All Australian Airports,1993,10,46191,46191,92382,3776,3746,7522,49967,49937,99904
All Australian Airports,1993,11,44565,44565,89130,3558,3536,7094,48123,48101,96224
All Australian Airports,1993,12,45216,45216,90432,3786,3755,7541,49002,48971,97973
All Australian Airports,1994,1,43413,43413,86826,3803,3786,7589,47216,47199,94415
All Australian Airports,1994,2,40735,40735,81470,3390,3363,6753,44125,44098,88223
All Australian Airports,1994,3,46486,46486,92972,3679,3655,7334,50165,50141,100306
All Australian Airports,1994,4,44427,44427,88854,3510,3498,7008,47937,47925,95862
All Australian Airports,1994,5,45655,45655,91310,3628,3603,7231,49283,49258,98541
All Australian Airports,1994,6,44993,44993,89986,3528,3506,7034,48521,48499,97020
All Australian Airports,1994,7,47448,47448,94896,3714,3695,7409,51162,51143,102305
All Australian Airports,1994,8,47616,47616,95232,3651,3632,7283,51267,51248,102515
All Australian Airports,1994,9,46950,46950,93900,3646,3619,7265,50596,50569,101165
All Australian Airports,1994,10,48357,48357,96714,3812,3778,7590,52169,52135,104304
All Australian Airports,1994,11,46359,46359,92718,3804,3767,7571,50163,50126,100289
All Australian Airports,1994,12,47584,47584,95168,3962,3927,7889,51546,51511,103057
All Australian Airports,1995,1,45318,45318,90636,4010,3970,7980,49328,49288,98616
All Australian Airports,1995,2,42933,42933,85866,3606,3570,7176,46539,46503,93042
All Australian Airports,1995,3,48138,48138,96276,3947,3920,7867,52085,52058,104143
All Australian Airports,1995,4,47166,47166,94332,3881,3849,7730,51047,51015,102062
All Australian Airports,1995,5,48249,48249,96498,3979,3947,7926,52228,52196,104424
All Australian Airports,1995,6,47164,47164,94328,3900,3862,7762,51064,51026,102090
All Australian Airports,1995,7,48695,48695,97390,4074,4024,8098,52769,52719,105488
All Australian Airports,1995,8,49143,49143,98286,4050,3998,8048,53193,53141,106334
All Australian Airports,1995,9,48004,48004,96008,3915,3875,7790,51919,51879,103798
All Australian Airports,1995,10,49797,49797,99594,4076,4022,8098,53873,53819,107692
All Australian Airports,1995,11,48511,48511,97022,4017,3981,7998,52528,52492,105020
All Australian Airports,1995,12,47825,47825,95650,4266,4228,8494,52091,52053,104144
All Australian Airports,1996,1,48089,48089,96178,4270,4240,8510,52359,52329,104688
All Australian Airports,1996,2,46132,46132,92264,4061,4023,8084,50193,50155,100348
All Australian Airports,1996,3,49265,49265,98530,4250,4214,8464,53515,53479,106994
All Australian Airports,1996,4,48457,48457,96914,4154,4125,8279,52611,52582,105193
All Australian Airports,1996,5,49839,49839,99678,4252,4199,8451,54091,54038,108129
All Australian Airports,1996,6,47315,47315,94630,4173,4121,8294,51488,51436,102924
All Australian Airports,1996,7,50956,50956,101912,4374,4345,8719,55330,55301,110631
All Australian Airports,1996,8,50246,50246,100492,4355,4309,8664,54601,54555,109156
All Australian Airports,1996,9,49027,49027,98054,4271,4210,8481,53298,53237,106535
All Australian Airports,1996,10,51330,51330,102660,4350,4301,8651,55680,55631,111311
All Australian Airports,1996,11,49277,49277,98554,4346,4292,8638,53623,53569,107192
All Australian Airports,1996,12,48858,48858,97716,4567,4521,9088,53425,53379,106804
All Australian Airports,1997,1,47507,47507,95014,4551,4521,9072,52058,52028,104086
All Australian Airports,1997,2,44937,44937,89874,4089,4048,8137,49026,48985,98011
All Australian Airports,1997,3,48835,48835,97670,4458,4401,8859,53293,53236,106529
All Australian Airports,1997,4,47851,47851,95702,4240,4194,8434,52091,52045,104136
All Australian Airports,1997,5,48564,48564,97128,4377,4324,8701,52941,52888,105829
All Australian Airports,1997,6,47092,47092,94184,4259,4195,8454,51351,51287,102638
All Australian Airports,1997,7,50638,50638,101276,4502,4444,8946,55140,55082,110222
All Australian Airports,1997,8,49701,49701,99402,4494,4439,8933,54195,54140,108335
All Australian Airports,1997,9,49254,49254,98508,4288,4218,8506,53542,53472,107014
All Australian Airports,1997,10,50964,50964,101928,4499,4432,8931,55463,55396,110859
All Australian Airports,1997,11,48079,48079,96158,4494,4452,8946,52573,52531,105104
All Australian Airports,1997,12,48301,48301,96602,4668,4615,9283,52969,52916,105885
All Australian Airports,1998,1,46997,46997,93994,4654,4619,9273,51651,51616,103267
All Australian Airports,1998,2,44341,44341,88682,4124,4084,8208,48465,48425,96890
All Australian Airports,1998,3,49365,49365,98730,4490,4429,8919,53855,53794,107649
All Australian Airports,1998,4,48119,48119,96238,4386,4349,8735,52505,52468,104973
All Australian Airports,1998,5,48726,48726,97452,4537,4487,9024,53263,53213,106476
All Australian Airports,1998,6,47376,47376,94752,4294,4247,8541,51670,51623,103293
All Australian Airports,1998,7,50304,50304,100608,4510,4474,8984,54814,54778,109592
All Australian Airports,1998,8,49760,49760,99520,4566,4503,9069,54326,54263,108589
All Australian Airports,1998,9,49751,49751,99502,4400,4348,8748,54151,54099,108250
All Australian Airports,1998,10,50954,50954,101908,4568,4519,9087,55522,55473,110995
All Australian Airports,1998,11,49204,49204,98408,4324,4269,8593,53528,53473,107001
All Australian Airports,1998,12,49616,49616,99232,4494,4463,8957,54110,54079,108189
All Australian Airports,1999,1,47314,47314,94628,4559,4539,9098,51873,51853,103726
All Australian Airports,1999,2,45302,45302,90604,4098,4059,8157,49400,49361,98761
All Australian Airports,1999,3,50772,50772,101544,4484,4443,8927,55256,55215,110471
All Australian Airports,1999,4,48842,48842,97684,4312,4262,8574,53154,53104,106258
All Australian Airports,1999,5,49547,49547,99094,4383,4345,8728,53930,53892,107822
All Australian Airports,1999,6,48368,48368,96736,4180,4149,8329,52548,52517,105065
All Australian Airports,1999,7,49836,49836,99672,4496,4461,8957,54332,54297,108629
All Australian Airports,1999,8,50098,50098,100196,4491,4447,8938,54589,54545,109134
All Australian Airports,1999,9,49297,49297,98594,4347,4301,8648,53644,53598,107242
All Australian Airports,1999,10,50302,50302,100604,4482,4431,8913,54784,54733,109517
All Australian Airports,1999,11,48839,48839,97678,4392,4333,8725,53231,53172,106403
All Australian Airports,1999,12,49095,49095,98190,4598,4562,9160,53693,53657,107350
All Australian Airports,2000,1,46320,46320,92640,4673,4641,9314,50993,50961,101954
All Australian Airports,2000,2,45871,45871,91742,4351,4313,8664,50222,50184,100406
All Australian Airports,2000,3,50400,50400,100800,4623,4576,9199,55023,54976,109999
All Australian Airports,2000,4,47852,47852,95704,4615,4575,9190,52467,52427,104894
All Australian Airports,2000,5,50984,50984,101968,4631,4582,9213,55615,55566,111181
All Australian Airports,2000,6,50583,50583,101166,4527,4471,8998,55110,55054,110164
All Australian Airports,2000,7,51801,51801,103602,4848,4796,9644,56649,56597,113246
All Australian Airports,2000,8,53116,53116,106232,4797,4741,9538,57913,57857,115770
All Australian Airports,2000,9,51541,51541,103082,4734,4675,9409,56275,56216,112491
All Australian Airports,2000,10,53691,53691,107382,4808,4770,9578,58499,58461,116960
All Australian Airports,2000,11,52127,52127,104254,4643,4609,9252,56770,56736,113506
All Australian Airports,2000,12,51494,51494,102988,4946,4909,9855,56440,56403,112843
All Australian Airports,2001,1,50819,50819,101638,4906,4861,9767,55725,55680,111405
All Australian Airports,2001,2,47966,47966,95932,4289,4238,8527,52255,52204,104459
All Australian Airports,2001,3,54166,54166,108332,4779,4715,9494,58945,58881,117826
All Australian Airports,2001,4,51824,51824,103648,4685,4637,9322,56509,56461,112970
All Australian Airports,2001,5,52923,52923,105846,4711,4674,9385,57634,57597,115231
All Australian Airports,2001,6,48870,48870,97740,4579,4552,9131,53449,53422,106871
All Australian Airports,2001,7,49879,49879,99758,4679,4647,9326,54558,54526,109084
All Australian Airports,2001,8,50611,50611,101222,4651,4628,9279,55262,55239,110501
All Australian Airports,2001,9,38495,38495,76990,4456,4423,8879,42951,42918,85869
All Australian Airports,2001,10,38548,38548,77096,4505,4472,8977,43053,43020,86073
All Australian Airports,2001,11,39859,39859,79718,4246,4214,8460,44105,44073,88178
All Australian Airports,2001,12,39967,39967,79934,4595,4570,9165,44562,44537,89099
All Australian Airports,2002,1,39227,39227,78454,4491,4483,8974,43718,43710,87428
All Australian Airports,2002,2,37123,37123,74246,4004,3997,8001,41127,41120,82247
All Australian Airports,2002,3,38889,38889,77778,4403,4389,8792,43292,43278,86570
All Australian Airports,2002,4,38199,38199,76398,4177,4165,8342,42376,42364,84740
All Australian Airports,2002,5,39751,39751,79502,4350,4337,8687,44101,44088,88189
All Australian Airports,2002,6,38148,38148,76296,4246,4219,8465,42394,42367,84761
All Australian Airports,2002,7,41669,41669,83338,4526,4517,9043,46195,46186,92381
All Australian Airports,2002,8,41566,41566,83132,4531,4510,9041,46097,46076,92173
All Australian Airports,2002,9,41303,41303,82606,4336,4309,8645,45639,45612,91251
All Australian Airports,2002,10,42712,42712,85424,4487,4459,8946,47199,47171,94370
All Australian Airports,2002,11,40119,40119,80238,4493,4469,8962,44612,44588,89200
All Australian Airports,2002,12,40005,40005,80010,4704,4683,9387,44709,44688,89397
All Australian Airports,2003,1,38983,38983,77966,4692,4674,9366,43675,43657,87332
All Australian Airports,2003,2,36770,36770,73540,4223,4200,8423,40993,40970,81963
All Australian Airports,2003,3,40344,40344,80688,4593,4577,9170,44937,44921,89858
All Australian Airports,2003,4,38308,38308,76616,4364,4351,8715,42672,42659,85331
All Australian Airports,2003,5,39779,39779,79558,4176,4156,8332,43955,43935,87890
All Australian Airports,2003,6,38473,38473,76946,4028,4027,8055,42501,42500,85001
All Australian Airports,2003,7,40636,40636,81272,4442,4446,8888,45078,45082,90160
All Australian Airports,2003,8,40065,40065,80130,4564,4548,9112,44629,44613,89242
All Australian Airports,2003,9,40751,40751,81502,4535,4525,9060,45286,45276,90562
All Australian Airports,2003,10,42368,42368,84736,4760,4746,9506,47128,47114,94242
All Australian Airports,2003,11,40736,40736,81472,4873,4865,9738,45609,45601,91210
All Australian Airports,2003,12,40874,40874,81748,5103,5096,10199,45977,45970,91947
All Australian Airports,2004,1,40201,40201,80402,5183,5180,10363,45384,45381,90765
All Australian Airports,2004,2,39684,39684,79368,4810,4822,9632,44494,44506,89000
All Australian Airports,2004,3,43506,43506,87012,5181,5182,10363,48687,48688,97375
All Australian Airports,2004,4,41603,41603,83206,5112,5107,10219,46715,46710,93425
All Australian Airports,2004,5,42649,42649,85298,5282,5282,10564,47931,47931,95862
All Australian Airports,2004,6,43109,43109,86218,5145,5153,10298,48254,48262,96516
All Australian Airports,2004,7,45090,45090,90180,5528,5524,11052,50618,50614,101232
All Australian Airports,2004,8,45825,45825,91650,5482,5495,10977,51307,51320,102627
All Australian Airports,2004,9,45293,45293,90586,5385,5388,10773,50678,50681,101359
All Australian Airports,2004,10,46046,46046,92092,5562,5557,11119,51608,51603,103211
All Australian Airports,2004,11,45062,45062,90124,5477,5472,10949,50539,50534,101073
All Australian Airports,2004,12,45610,45610,91220,5830,5827,11657,51440,51437,102877
All Australian Airports,2005,1,43186,43186,86372,5863,5867,11730,49049,49053,98102
All Australian Airports,2005,2,41587,41587,83174,5219,5215,10434,46806,46802,93608
All Australian Airports,2005,3,45764,45764,91528,5649,5644,11293,51413,51408,102821
All Australian Airports,2005,4,44687,44687,89374,5543,5529,11072,50230,50216,100446
All Australian Airports,2005,5,46024,46024,92048,5635,5623,11258,51659,51647,103306
All Australian Airports,2005,6,44920,44920,89840,5522,5517,11039,50442,50437,100879
All Australian Airports,2005,7,46220,46220,92440,5829,5823,11652,52049,52043,104092
All Australian Airports,2005,8,46988,46988,93976,5699,5691,11390,52687,52679,105366
All Australian Airports,2005,9,45658,45658,91316,5537,5528,11065,51195,51186,102381
All Australian Airports,2005,10,46516,46516,93032,5667,5666,11333,52183,52182,104365
All Australian Airports,2005,11,45156,45156,90312,5348,5347,10695,50504,50503,101007
All Australian Airports,2005,12,44885,44885,89770,5683,5679,11362,50568,50564,101132
All Australian Airports,2006,1,42745,42745,85490,5767,5769,11536,48512,48514,97026
All Australian Airports,2006,2,41432,41432,82864,5125,5122,10247,46557,46554,93111
All Australian Airports,2006,3,46659,46659,93318,5555,5557,11112,52214,52216,104430
All Australian Airports,2006,4,43688,43688,87376,5345,5342,10687,49033,49030,98063
All Australian Airports,2006,5,46887,46887,93774,5379,5372,10751,52266,52259,104525
All Australian Airports,2006,6,44576,44576,89152,5291,5271,10562,49867,49847,99714
All Australian Airports,2006,7,45832,45832,91664,5646,5634,11280,51478,51466,102944
All Australian Airports,2006,8,46511,46511,93022,5551,5544,11095,52062,52055,104117
All Australian Airports,2006,9,45325,45325,90650,5443,5433,10876,50768,50758,101526
All Australian Airports,2006,10,46024,46024,92048,5513,5512,11025,51537,51536,103073
All Australian Airports,2006,11,45139,45139,90278,5456,5448,10904,50595,50587,101182
All Australian Airports,2006,12,44084,44084,88168,5741,5734,11475,49825,49818,99643
All Australian Airports,2007,1,42620,42620,85240,5758,5751,11509,48378,48371,96749
All Australian Airports,2007,2,41158,41158,82316,5190,5171,10361,46348,46329,92677
All Australian Airports,2007,3,46572,46572,93144,5683,5659,11342,52255,52231,104486
All Australian Airports,2007,4,43939,43939,87878,5424,5429,10853,49363,49368,98731
All Australian Airports,2007,5,46717,46717,93434,5534,5522,11056,52251,52239,104490
All Australian Airports,2007,6,44699,44699,89398,5459,5439,10898,50158,50138,100296
All Australian Airports,2007,7,46523,46523,93046,5724,5710,11434,52247,52233,104480
All Australian Airports,2007,8,47743,47743,95486,5681,5657,11338,53424,53400,106824
All Australian Airports,2007,9,45192,45192,90384,5555,5541,11096,50747,50733,101480
All Australian Airports,2007,10,47704,47704,95408,5721,5706,11427,53425,53410,106835
All Australian Airports,2007,11,46390,46390,92780,5621,5611,11232,52011,52001,104012
All Australian Airports,2007,12,46121,46121,92242,5994,5990,11984,52115,52111,104226
All Australian Airports,2008,1,45726,45726,91452,6036,6036,12072,51762,51762,103524
All Australian Airports,2008,2,44869,44869,89738,5559,5548,11107,50428,50417,100845
All Australian Airports,2008,3,47416,47416,94832,5871,5866,11737,53287,53282,106569
All Australian Airports,2008,4,46685,46685,93370,5772,5758,11530,52457,52443,104900
All Australian Airports,2008,5,48466,48466,96932,5932,5924,11856,54398,54390,108788
All Australian Airports,2008,6,46462,46462,92924,5776,5769,11545,52238,52231,104469
All Australian Airports,2008,7,48863,48863,97726,6174,6165,12339,55037,55028,110065
All Australian Airports,2008,8,48244,48244,96488,6030,6034,12064,54274,54278,108552
All Australian Airports,2008,9,47568,47568,95136,5886,5879,11765,53454,53447,106901
All Australian Airports,2008,10,49758,49758,99516,6151,6128,12279,55909,55886,111795
All Australian Airports,2008,11,47299,47299,94598,6043,6027,12070,53342,53326,106668
All Australian Airports,2008,12,47004,47004,94008,6502,6476,12978,53506,53480,106986
All Australian Airports,2009,1,44493,44493,88986,6506,6480,12986,50999,50973,101972
All Australian Airports,2009,2,41580,41580,83160,5634,5599,11233,47214,47179,94393
All Australian Airports,2009,3,46527,46527,93054,6182,6149,12331,52709,52676,105385
All Australian Airports,2009,4,45622,45622,91244,6046,6016,12062,51668,51638,103306
All Australian Airports,2009,5,46550,46550,93100,6058,6030,12088,52608,52580,105188
All Australian Airports,2009,6,45535,45535,91070,5921,5898,11819,51456,51433,102889
All Australian Airports,2009,7,48421,48421,96842,6366,6335,12701,54787,54756,109543
All Australian Airports,2009,8,47006,47006,94012,6405,6370,12775,53411,53376,106787
All Australian Airports,2009,9,46917,46917,93834,6220,6196,12416,53137,53113,106250
All Australian Airports,2009,10,48808,48808,97616,6453,6421,12874,55261,55229,110490
All Australian Airports,2009,11,46958,46958,93916,6256,6232,12488,53214,53190,106404
All Australian Airports,2009,12,46886,46886,93772,6764,6730,13494,53650,53616,107266
All Australian Airports,2010,1,45369,45369,90738,6867,6842,13709,52236,52211,104447
All Australian Airports,2010,2,43979,43979,87958,6069,6050,12119,50048,50029,100077
All Australian Airports,2010,3,50283,50283,100566,6628,6589,13217,56911,56872,113783
All Australian Airports,2010,4,49779,49779,99558,6319,6315,12634,56098,56094,112192
All Australian Airports,2010,5,50649,50649,101298,6392,6390,12782,57041,57039,114080
All Australian Airports,2010,6,49279,49279,98558,6322,6322,12644,55601,55601,111202
All Australian Airports,2010,7,52565,52565,105130,6869,6857,13726,59434,59422,118856
All Australian Airports,2010,8,51655,51655,103310,6713,6713,13426,58368,58368,116736
All Australian Airports,2010,9,50847,50847,101694,6536,6503,13039,57383,57350,114733
All Australian Airports,2010,10,52211,52211,104422,6685,6653,13338,58896,58864,117760
All Australian Airports,2010,11,51123,51123,102246,6530,6500,13030,57653,57623,115276
All Australian Airports,2010,12,52122,52122,104244,7061,7039,14100,59183,59161,118344
All Australian Airports,2011,1,48440,48440,96880,7219,7210,14429,55659,55650,111309
All Australian Airports,2011,2,45609,45609,91218,6282,6268,12550,51891,51877,103768
All Australian Airports,2011,3,52333,52333,104666,6874,6835,13709,59207,59168,118375
All Australian Airports,2011,4,50323,50323,100646,6772,6757,13529,57095,57080,114175
All Australian Airports,2011,5,51782,51782,103564,6791,6785,13576,58573,58567,117140
All Australian Airports,2011,6,48585,48585,97170,6338,6318,12656,54923,54903,109826
All Australian Airports,2011,7,51895,51895,103790,7039,7026,14065,58934,58921,117855
All Australian Airports,2011,8,52557,52557,105114,6940,6949,13889,59497,59506,119003
All Australian Airports,2011,9,50999,50999,101998,6735,6720,13455,57734,57719,115453
All Australian Airports,2011,10,51209,51209,102418,6965,6968,13933,58174,58177,116351
All Australian Airports,2011,11,51000,51000,102000,6707,6675,13382,57707,57675,115382
All Australian Airports,2011,12,50824,50824,101648,7193,7182,14375,58017,58006,116023
All Australian Airports,2012,1,49228,49228,98456,7340,7322,14662,56568,56550,113118
All Australian Airports,2012,2,49322,49322,98644,6471,6469,12940,55793,55791,111584
All Australian Airports,2012,3,53209,53209,106418,6797,6775,13572,60006,59984,119990
All Australian Airports,2012,4,51372,51372,102744,6807,6802,13609,58179,58174,116353
All Australian Airports,2012,5,52545,52545,105090,6628,6623,13251,59173,59168,118341
All Australian Airports,2012,6,50057,50057,100114,6664,6676,13340,56721,56733,113454
All Australian Airports,2012,7,54770,54770,109540,7306,7282,14588,62076,62052,124128
All Australian Airports,2012,8,55522,55522,111044,7185,7145,14330,62707,62667,125374
All Australian Airports,2012,9,53425,53425,106850,6980,6964,13944,60405,60389,120794
All Australian Airports,2012,10,55950,55950,111900,7139,7125,14264,63089,63075,126164
All Australian Airports,2012,11,54319,54319,108638,6880,6835,13715,61199,61154,122353
All Australian Airports,2012,12,52143,52143,104286,7448,7435,14883,59591,59578,119169
All Australian Airports,2013,1,51211,51211,102422,7471,7442,14913,58682,58653,117335
All Australian Airports,2013,2,48054,48054,96108,6509,6478,12987,54563,54532,109095
All Australian Airports,2013,3,53740,53740,107480,7217,7194,14411,60957,60934,121891
All Australian Airports,2013,4,54109,54109,108218,7049,7039,14088,61158,61148,122306
All Australian Airports,2013,5,54686,54686,109372,6951,6923,13874,61637,61609,123246
All Australian Airports,2013,6,51635,51635,103270,6988,6973,13961,58623,58608,117231
All Australian Airports,2013,7,56470,56470,112940,7733,7728,15461,64203,64198,128401
All Australian Airports,2013,8,55323,55323,110646,7573,7557,15130,62896,62880,125776
All Australian Airports,2013,9,54705,54705,109410,7421,7405,14826,62126,62110,124236
All Australian Airports,2013,10,56616,56616,113232,7691,7675,15366,64307,64291,128598
All Australian Airports,2013,11,53216,53216,106432,7369,7363,14732,60585,60579,121164
All Australian Airports,2013,12,52930,52930,105860,8095,8095,16190,61025,61025,122050
All Australian Airports,2014,1,51429,51429,102858,8227,8215,16442,59656,59644,119300
All Australian Airports,2014,2,47544,47544,95088,6986,6971,13957,54530,54515,109045
All Australian Airports,2014,3,53457,53457,106914,7682,7661,15343,61139,61118,122257
All Australian Airports,2014,4,52824,52824,105648,7535,7535,15070,60359,60359,120718
All Australian Airports,2014,5,53641,53641,107282,7284,7267,14551,60925,60908,121833
All Australian Airports,2014,6,51595,51595,103190,7275,7248,14523,58870,58843,117713
All Australian Airports,2014,7,55239,55239,110478,7932,7906,15838,63171,63145,126316
All Australian Airports,2014,8,53607,53607,107214,7685,7682,15367,61292,61289,122581
All Australian Airports,2014,9,53860,53860,107720,7463,7458,14921,61323,61318,122641
All Australian Airports,2014,10,55793,55793,111586,7618,7607,15225,63411,63400,126811
All Australian Airports,2014,11,51845,51845,103690,7144,7148,14292,58989,58993,117982
All Australian Airports,2014,12,52827,52827,105654,8037,8029,16066,60864,60856,121720
All Australian Airports,2015,1,50494,50494,100988,8181,8166,16347,58675,58660,117335
All Australian Airports,2015,2,47706,47706,95412,6879,6877,13756,54585,54583,109168
All Australian Airports,2015,3,54023,54023,108046,7377,7367,14744,61400,61390,122790
All Australian Airports,2015,4,52551,52551,105102,7357,7357,14714,59908,59908,119816
All Australian Airports,2015,5,52974,52974,105948,7154,7147,14301,60128,60121,120249
All Australian Airports,2015,6,52485,52485,104970,7133,7135,14268,59618,59620,119238
All Australian Airports,2015,7,55930,55930,111860,7780,7752,15532,63710,63682,127392
All Australian Airports,2015,8,54276,54276,108552,7462,7468,14930,61738,61744,123482
All Australian Airports,2015,9,54304,54304,108608,7314,7316,14630,61618,61620,123238
All Australian Airports,2015,10,55440,55440,110880,7614,7603,15217,63054,63043,126097
All Australian Airports,2015,11,53295,53295,106590,7252,7178,14430,60547,60473,121020
All Australian Airports,2015,12,53445,53445,106890,8454,8449,16903,61899,61894,123793
All Australian Airports,2016,1,50777,50777,101554,8707,8704,17411,59484,59481,118965
All Australian Airports,2016,2,50973,50973,101946,7544,7539,15083,58517,58512,117029
All Australian Airports,2016,3,54883,54883,109766,7946,7954,15900,62829,62837,125666
All Australian Airports,2016,4,53135,53135,106270,7803,7800,15603,60938,60935,121873
All Australian Airports,2016,5,53112,53112,106224,7662,7668,15330,60774,60780,121554
All Australian Airports,2016,6,51580,51580,103160,7664,7654,15318,59244,59234,118478
All Australian Airports,2016,7,55254,55254,110508,8456,8452,16908,63710,63706,127416
All Australian Airports,2016,8,55812,55812,111624,8079,8091,16170,63891,63903,127794
All Australian Airports,2016,9,55009,55009,110018,7948,7936,15884,62957,62945,125902
All Australian Airports,2016,10,55316,55316,110632,8269,8263,16532,63585,63579,127164
All Australian Airports,2016,11,54099,54099,108198,7877,7875,15752,61976,61974,123950
All Australian Airports,2016,12,53720,53720,107440,8861,8855,17716,62581,62575,125156
All Australian Airports,2017,1,51488,51488,102976,9025,8992,18017,60513,60480,120993
All Australian Airports,2017,2,48976,48976,97952,7629,7622,15251,56605,56598,113203
All Australian Airports,2017,3,54779,54779,109558,8219,8220,16439,62998,62999,125997
All Australian Airports,2017,4,51785,51785,103570,8196,8195,16391,59981,59980,119961
All Australian Airports,2017,5,53546,53546,107092,7869,7886,15755,61415,61432,122847
All Australian Airports,2017,6,51988,51988,103976,7985,7980,15965,59973,59968,119941
All Australian Airports,2017,7,55055,55055,110110,9044,9044,18088,64099,64099,128198
All Australian Airports,2017,8,55256,55256,110512,8412,8416,16828,63668,63672,127340
All Australian Airports,2017,9,53229,53229,106458,8282,8278,16560,61511,61507,123018
All Australian Airports,2017,10,55380,55380,110760,8561,8552,17113,63941,63932,127873
All Australian Airports,2017,11,54049,54049,108098,8168,8152,16320,62217,62201,124418
All Australian Airports,2017,12,52679,52679,105358,9245,9214,18459,61924,61893,123817
All Australian Airports,2018,1,51588,51588,103176,9435,9435,18870,61023,61023,122046
All Australian Airports,2018,2,48581,48581,97162,8026,8029,16055,56607,56610,113217
All Australian Airports,2018,3,53753,53753,107506,8696,8688,17384,62449,62441,124890
All Australian Airports,2018,4,52057,52057,104114,8594,8589,17183,60651,60646,121297
All Australian Airports,2018,5,52777,52777,105554,8309,8312,16621,61086,61089,122175
All Australian Airports,2018,6,49857,49857,99714,8397,8387,16784,58254,58244,116498
All Australian Airports,2018,7,54219,54219,108438,9230,9224,18454,63449,63443,126892
All Australian Airports,2018,8,53893,53893,107786,8905,8896,17801,62798,62789,125587
All Australian Airports,2018,9,52023,52023,104046,8610,8609,17219,60633,60632,121265
All Australian Airports,2018,10,55482,55482,110964,8916,8917,17833,64398,64399,128797
All Australian Airports,2018,11,53238,53238,106476,8592,8591,17183,61830,61829,123659
All Australian Airports,2018,12,51672,51672,103344,9484,9484,18968,61156,61156,122312
All Australian Airports,2019,1,51456,51456,102912,9645,9630,19275,61101,61086,122187
All Australian Airports,2019,2,48624,48624,97248,8206,8203,16409,56830,56827,113657
All Australian Airports,2019,3,53619,53619,107238,8771,8762,17533,62390,62381,124771
All Australian Airports,2019,4,53384,53384,106768,8631,8650,17281,62015,62034,124049
All Australian Airports,2019,5,54345,54345,108690,8365,8371,16736,62710,62716,125426
All Australian Airports,2019,6,50994,50994,101988,8397,8416,16813,59391,59410,118801
All Australian Airports,2019,7,55839,55839,111678,9163,9173,18336,65002,65012,130014
All Australian Airports,2019,8,53458,53458,106916,8813,8824,17637,62271,62282,124553
All Australian Airports,2019,9,53319,53319,106638,8592,8602,17194,61911,61921,123832
All Australian Airports,2019,10,56051,56051,112102,8915,8910,17825,64966,64961,129927
All Australian Airports,2019,11,52514,52514,105028,8662,8659,17321,61176,61173,122349
All Australian Airports,2019,12,52026,52026,104052,9654,9655,19309,61680,61681,123361
All Australian Airports,2020,1,50134,50134,100268,9870,9863,19733,60004,59997,120001
All Australian Airports,2020,2,48327,48327,96654,7860,7866,15726,56187,56193,112380
All Australian Airports,2020,3,43051,43051,86102,5914,5905,11819,48965,48956,97921
All Australian Airports,2020,4,8240,8240,16480,1302,1289,2591,9542,9529,19071
All Australian Airports,2020,5,7820,7820,15640,1592,1556,3148,9412,9376,18788
All Australian Airports,2020,6,10334,10334,20668,1511,1531,3042,11845,11865,23710
All Australian Airports,2020,7,14904,14904,29808,1611,1593,3204,16515,16497,33012
All Australian Airports,2020,8,14250,14250,28500,1769,1750,3519,16019,16000,32019
All Australian Airports,2020,9,16047,16047,32094,1764,1739,3503,17811,17786,35597
All Australian Airports,2020,10,18193,18193,36386,1920,1911,3831,20113,20104,40217
All Australian Airports,2020,11,20641,20641,41282,2000,1983,3983,22641,22624,45265
All Australian Airports,2020,12,30349,30349,60698,2089,2088,4177,32438,32437,64875
All Australian Airports,2021,1,25948,25948,51896,1932,1933,3865,27880,27881,55761
All Australian Airports,2021,2,26186,26186,52372,1669,1663,3332,27855,27849,55704
All Australian Airports,2021,3,37149,37149,74298,1915,1910,3825,39064,39059,78123
All Australian Airports,2021,4,42850,42850,85700,2150,2122,4272,45000,44972,89972
All Australian Airports,2021,5,43718,43718,87436,2666,2652,5318,46384,46370,92754
All Australian Airports,2021,6,36378,36378,72756,2517,2478,4995,38895,38856,77751
All Australian Airports,2021,7,27353,27353,54706,2488,2433,4921,29841,29786,59627
All Australian Airports,2021,8,19364,19364,38728,2185,2157,4342,21549,21521,43070
All Australian Airports,2021,9,20698,20698,41396,2186,2141,4327,22884,22839,45723
All Australian Airports,2021,10,21366,21366,42732,2260,2223,4483,23626,23589,47215
All Australian Airports,2021,11,26901,26901,53802,2434,2418,4852,29335,29319,58654
All Australian Airports,2021,12,39602,39602,79204,2866,2836,5702,42468,42438,84906
All Australian Airports,2022,1,36732,36732,73464,2993,2940,5933,39725,39672,79397
All Australian Airports,2022,2,32229,32229,64458,2891,2822,5713,35120,35051,70171
All Australian Airports,2022,3,43723,43723,87446,3469,3407,6876,47192,47130,94322
All Australian Airports,2022,4,49940,49940,99880,3913,3897,7810,53853,53837,107690
All Australian Airports,2022,5,50836,50836,101672,4223,4218,8441,55059,55054,110113
All Australian Airports,2022,6,49343,49343,98686,4517,4495,9012,53860,53838,107698
All Australian Airports,2022,7,49167,49167,98334,5405,5379,10784,54572,54546,109118
All Australian Airports,2022,8,49234,49234,98468,5364,5357,10721,54598,54591,109189
All Australian Airports,2022,9,47974,47974,95948,5286,5277,10563,53260,53251,106511
All Australian Airports,2022,10,48841,48841,97682,5655,5643,11298,54496,54484,108980
All Australian Airports,2022,11,49144,49144,98288,6166,6160,12326,55310,55304,110614
All Australian Airports,2022,12,49516,49516,99032,6959,6965,13924,56475,56481,112956
All Australian Airports,2023,1,48916,48916,97832,7310,7311,14621,56226,56227,112453
All Australian Airports,2023,2,45948,45948,91896,6390,6368,12758,52338,52316,104654
All Australian Airports,2023,3,52582,52582,105164,7038,7028,14066,59620,59610,119230
All Australian Airports,2023,4,50026,50026,100052,7333,7334,14667,57359,57360,114719
All Australian Airports,2023,5,52399,52399,104798,7200,7194,14394,59599,59593,119192
All Australian Airports,2023,6,50376,50376,100752,7415,7414,14829,57791,57790,115581
All Australian Airports,2023,7,52006,52006,104012,8146,8154,16300,60152,60160,120312
All Australian Airports,2023,8,53074,53074,106148,7989,7982,15971,61063,61056,122119
All Australian Airports,2023,9,51500,51500,103000,7909,7903,15812,59409,59403,118812
All Australian Airports,2023,10,52928,52928,105856,8014,7994,16008,60942,60922,121864
All Australian Airports,2023,11,51194,51194,102388,8056,8044,16100,59250,59238,118488
All Australian Airports,2023,12,50208,50208,100416,9362,9355,18717,59570,59563,119133
All Australian Airports,2024,1,50739,50739,101478,9556,9556,19112,60295,60295,120590
All Australian Airports,2024,2,48655,48655,97310,8266,8260,16526,56921,56915,113836
All Australian Airports,2024,3,51866,51866,103732,8595,8623,17218,60461,60489,120950
All Australian Airports,2024,4,52509,52509,105018,8369,8361,16730,60878,60870,121748
All Australian Airports,2024,5,52390,52390,104780,8168,8146,16314,60558,60536,121094
All Australian Airports,2024,6,49259,49259,98518,8198,8196,16394,57457,57455,114912
All Australian Airports,2024,7,54064,54064,108128,8854,8841,17695,62918,62905,125823
All Australian Airports,2024,8,50965,50965,101930,8580,8578,17158,59545,59543,119088
All Australian Airports,2024,9,50865,50865,101730,8487,8476,16963,59352,59341,118693
All Australian Airports,2024,10,52790,52790,105580,8713,8687,17400,61503,61477,122980
All Australian Airports,2024,11,49490,49490,98980,8598,8579,17177,58088,58069,116157
All Australian Airports,2024,12,49835,49835,99670,9870,9867,19737,59705,59702,119407
All Australian Airports,2025,1,49010,49010,98020,10241,10217,20458,59251,59227,118478
All Australian Airports,2025,2,45039,45039,90078,8548,8537,17085,53587,53576,107163
All Australian Airports,2025,3,48941,48941,97882,8747,8721,17468,57688,57662,115350
All Australian Airports,2025,4,50644,50644,101288,8972,8952,17924,59616,59596,119212
All Australian Airports,2025,5,50296,50296,100592,8679,8645,17324,58975,58941,117916
All Australian Airports,2025,6,48622,48622,97244,8718,8679,17397,57340,57301,114641