airport,Year,Month,Dom_Acm_In,Dom_Acm_Out,Dom_Acm_Total,Int_Acm_In,Int_Acm_Out,Int_Acm_Total,Acm_In,Acm_Out,Acm_Total,AIRPORT,Dom_Pax_In,Dom_Pax_Out,Dom_Pax_Total,Int_Pax_In,Int_Pax_Out,Int_Pax_Total,Pax_In,Pax_Out,Pax_Total
Adelaide,1985,1,1908,1902,3810,35,34,69,1943,1936,3879,Adelaide,81661,81630,163291,5806,4733,10539,87467,86363,173830
Adelaide,1985,2,1672,1668,3340,31,31,62,1703,1699,3402,Adelaide,67452,64219,131671,4260,3555,7815,71712,67774,139486
Adelaide,1985,3,1878,1878,3756,39,40,79,1917,1918,3835,Adelaide,77448,79177,156625,5288,5157,10445,82736,84334,167070
Adelaide,1985,4,1803,1804,3607,28,29,57,1831,1833,3664,Adelaide,76105,77891,153996,3346,4721,8067,79451,82612,162063
Adelaide,1985,5,2014,2033,4047,31,30,61,2045,2063,4108,Adelaide,83597,88333,171930,3943,5037,8980,87540,93370,180910
Adelaide,1985,6,1783,1787,3570,32,32,64,1815,1819,3634,Adelaide,75907,73384,149291,4304,4905,9209,80211,78289,158500
Adelaide,1985,7,1935,1911,3846,29,29,58,1964,1940,3904,Adelaide,73473,74467,147940,3851,3766,7617,77324,78233,155557
Adelaide,1985,8,2156,2119,4275,34,34,68,2190,2153,4343,Adelaide,85479,84196,169675,4056,4822,8878,89535,89018,178553
Adelaide,1985,9,1992,2000,3992,29,29,58,2021,2029,4050,Adelaide,86165,81845,168010,5283,3531,8814,91448,85376,176824
Adelaide,1985,10,2090,2089,4179,35,35,70,2125,2124,4249,Adelaide,88607,80708,169315,5286,2970,8256,93893,83678,177571
Adelaide,1985,11,2207,2228,4435,55,55,110,2262,2283,4545,Adelaide,83986,88134,172120,4903,4107,9010,88889,92241,181130
Adelaide,1985,12,2088,2079,4167,65,65,130,2153,2144,4297,Adelaide,78000,79883,157883,5027,5377,10404,83027,85260,168287
Adelaide,1986,1,2000,1997,3997,70,71,141,2070,2068,4138,Adelaide,83677,83327,167004,6341,5521,11862,90018,88848,178866
Adelaide,1986,2,1927,1887,3814,62,62,124,1989,1949,3938,Adelaide,76173,71699,147872,5204,3761,8965,81377,75460,156837
Adelaide,1986,3,2158,2161,4319,70,71,141,2228,2232,4460,Adelaide,87624,88288,175912,5466,5979,11445,93090,94267,187357
Adelaide,1986,4,2187,2182,4369,68,68,136,2255,2250,4505,Adelaide,80118,82628,162746,3791,6316,10107,83909,88944,172853
Adelaide,1986,5,2406,2432,4838,70,70,140,2476,2502,4978,Adelaide,85314,88981,174295,5231,7070,12301,90545,96051,186596
Adelaide,1986,6,2428,2391,4819,67,67,134,2495,2458,4953,Adelaide,75394,74831,150225,5394,5506,10900,80788,80337,161125
Adelaide,1986,7,2470,2528,4998,69,70,139,2539,2598,5137,Adelaide,75629,75906,151535,5279,5665,10944,80908,81571,162479
Adelaide,1986,8,2501,2550,5051,70,69,139,2571,2619,5190,Adelaide,86256,86477,172733,6065,5195,11260,92321,91672,183993
Adelaide,1986,9,2551,2557,5108,68,69,137,2619,2626,5245,Adelaide,85678,82096,167774,7182,5557,12739,92860,87653,180513
Adelaide,1986,10,1891,1900,3791,72,73,145,1963,1973,3936,Adelaide,95673,93432,189105,7598,4383,11981,103271,97815,201086
Adelaide,1986,11,1775,1770,3545,71,70,141,1846,1840,3686,Adelaide,78346,78852,157198,6006,5070,11076,84352,83922,168274
Adelaide,1986,12,1972,1975,3947,77,77,154,2049,2052,4101,Adelaide,81129,80905,162034,6716,6275,12991,87845,87180,175025
Adelaide,1987,1,1811,1771,3582,71,71,142,1882,1842,3724,Adelaide,81827,82203,164030,7394,6411,13805,89221,88614,177835
Adelaide,1987,2,1742,1748,3490,67,66,133,1809,1814,3623,Adelaide,72995,71189,144184,5470,4329,9799,78465,75518,153983
Adelaide,1987,3,2088,2052,4140,74,75,149,2162,2127,4289,Adelaide,82496,83480,165976,5750,7052,12802,88246,90532,178778
Adelaide,1987,4,1921,1925,3846,63,64,127,1984,1989,3973,Adelaide,82857,83876,166733,4916,6156,11072,87773,90032,177805
Adelaide,1987,5,1888,1891,3779,64,64,128,1952,1955,3907,Adelaide,77770,79459,157229,4564,6034,10598,82334,85493,167827
Adelaide,1987,6,1821,1822,3643,66,67,133,1887,1889,3776,Adelaide,72632,72966,145598,4655,5161,9816,77287,78127,155414
Adelaide,1987,7,1959,1952,3911,68,68,136,2027,2020,4047,Adelaide,87245,88910,176155,6530,5611,12141,93775,94521,188296
Adelaide,1987,8,1981,1957,3938,65,63,128,2046,2020,4066,Adelaide,84874,84708,169582,6011,5629,11640,90885,90337,181222
Adelaide,1987,9,1815,1808,3623,70,69,139,1885,1877,3762,Adelaide,85341,86790,172131,6478,5777,12255,91819,92567,184386
Adelaide,1987,10,2007,1995,4002,71,73,144,2078,2068,4146,Adelaide,96362,90890,187252,7776,4707,12483,104138,95597,199735
Adelaide,1987,11,2030,2027,4057,68,67,135,2098,2094,4192,Adelaide,95943,95842,191785,6313,4681,10994,102256,100523,202779
Adelaide,1987,12,1979,1981,3960,70,72,142,2049,2053,4102,Adelaide,83881,84307,168188,5908,6379,12287,89789,90686,180475
Adelaide,1988,1,1827,1828,3655,75,74,149,1902,1902,3804,Adelaide,85874,83852,169726,7498,6560,14058,93372,90412,183784
Adelaide,1988,2,1822,1825,3647,69,68,137,1891,1893,3784,Adelaide,82848,81326,164174,5796,4601,10397,88644,85927,174571
Adelaide,1988,3,1999,2013,4012,70,70,140,2069,2083,4152,Adelaide,90690,92353,183043,6143,6241,12384,96833,98594,195427
Adelaide,1988,4,1866,1868,3734,63,64,127,1929,1932,3861,Adelaide,86263,89319,175582,5466,6875,12341,91729,96194,187923
Adelaide,1988,5,1904,1907,3811,67,67,134,1971,1974,3945,Adelaide,87630,89403,177033,4197,6040,10237,91827,95443,187270
Adelaide,1988,6,1842,1849,3691,68,68,136,1910,1917,3827,Adelaide,80847,82247,163094,4872,5430,10302,85719,87677,173396
Adelaide,1988,7,2138,2123,4261,66,65,131,2204,2188,4392,Adelaide,99879,100511,200390,6347,5702,12049,106226,106213,212439
Adelaide,1988,8,2073,2064,4137,66,65,131,2139,2129,4268,Adelaide,89970,90682,180652,5888,5534,11422,95858,96216,192074
Adelaide,1988,9,2116,2118,4234,65,66,131,2181,2184,4365,Adelaide,95683,95965,191648,6160,5815,11975,101843,101780,203623
Adelaide,1988,10,2020,2025,4045,66,66,132,2086,2091,4177,Adelaide,99175,93654,192829,7712,4862,12574,106887,98516,205403
Adelaide,1988,11,2117,2108,4225,69,69,138,2186,2177,4363,Adelaide,97510,96716,194226,6615,4764,11379,104125,101480,205605
Adelaide,1988,12,1907,1891,3798,70,71,141,1977,1962,3939,Adelaide,86010,85844,171854,5779,5987,11766,91789,91831,183620
Adelaide,1989,1,1881,1880,3761,74,72,146,1955,1952,3907,Adelaide,82568,82130,164698,7284,6036,13320,89852,88166,178018
Adelaide,1989,2,1806,1813,3619,64,62,126,1870,1875,3745,Adelaide,77327,76909,154236,5748,4585,10333,83075,81494,164569
Adelaide,1989,3,2047,2046,4093,70,69,139,2117,2115,4232,Adelaide,92675,93859,186534,5487,6162,11649,98162,100021,198183
Adelaide,1989,4,1953,1952,3905,82,83,165,2035,2035,4070,Adelaide,87129,90339,177468,5130,6246,11376,92259,96585,188844
Adelaide,1989,5,1973,1981,3954,84,83,167,2057,2064,4121,Adelaide,83322,84847,168169,4075,5943,10018,87397,90790,178187
Adelaide,1989,6,1958,1961,3919,80,78,158,2038,2039,4077,Adelaide,84132,85214,169346,5062,5510,10572,89194,90724,179918
Adelaide,1989,7,2135,2176,4311,86,88,174,2221,2264,4485,Adelaide,98908,99565,198473,6723,5765,12488,105631,105330,210961
Adelaide,1989,8,1812,1827,3639,88,90,178,1900,1917,3817,Adelaide,64509,64790,129299,6288,6661,12949,70797,71451,142248
Adelaide,1989,9,1286,1309,2595,86,85,171,1372,1394,2766,Adelaide,27377,26068,53445,6895,6568,13463,34272,32636,66908
Adelaide,1989,10,1533,1534,3067,93,93,186,1626,1627,3253,Adelaide,44006,42273,86279,8922,5202,14124,52928,47475,100403
Adelaide,1989,11,1695,1714,3409,88,88,176,1783,1802,3585,Adelaide,59229,61244,120473,6981,6010,12991,66210,67254,133464
Adelaide,1989,12,1532,1533,3065,90,89,179,1622,1622,3244,Adelaide,62974,63658,126632,7030,6865,13895,70004,70523,140527
Adelaide,1990,1,1438,1500,2938,93,93,186,1531,1593,3124,Adelaide,69021,69351,138372,8799,7675,16474,77820,77026,154846
Adelaide,1990,2,1548,1551,3099,84,84,168,1632,1635,3267,Adelaide,68815,68006,136821,7620,5683,13303,76435,73689,150124
Adelaide,1990,3,1688,1672,3360,94,93,187,1782,1765,3547,Adelaide,85099,86356,171455,7488,8255,15743,92587,94611,187198
Adelaide,1990,4,1665,1662,3327,90,90,180,1755,1752,3507,Adelaide,85874,88842,174716,7428,8430,15858,93302,97272,190574
Adelaide,1990,5,1757,1756,3513,94,94,188,1851,1850,3701,Adelaide,80495,82744,163239,5471,7577,13048,85966,90321,176287
Adelaide,1990,6,1671,1680,3351,90,90,180,1761,1770,3531,Adelaide,77264,80700,157964,6392,7531,13923,83656,88231,171887
Adelaide,1990,7,1831,1826,3657,91,92,183,1922,1918,3840,Adelaide,93245,92613,185858,8749,7164,15913,101994,99777,201771
Adelaide,1990,8,1851,1866,3717,92,91,183,1943,1957,3900,Adelaide,92572,91809,184381,7633,7886,15519,100205,99695,199900
Adelaide,1990,9,1895,1908,3803,92,92,184,1987,2000,3987,Adelaide,93837,95260,189097,8297,7188,15485,102134,102448,204582
Adelaide,1990,10,2162,2178,4340,100,99,199,2262,2277,4539,Adelaide,112607,106180,218787,9307,5805,15112,121914,111985,233899
Adelaide,1990,11,2077,2063,4140,88,88,176,2165,2151,4316,Adelaide,99347,102733,202080,7845,7732,15577,107192,110465,217657
Adelaide,1990,12,2005,1988,3993,95,95,190,2100,2083,4183,Adelaide,92354,92722,185076,7840,7602,15442,100194,100324,200518
Adelaide,1991,1,2008,2014,4022,99,100,199,2107,2114,4221,Adelaide,99743,101103,200846,10111,8467,18578,109854,109570,219424
Adelaide,1991,2,1922,1888,3810,87,86,173,2009,1974,3983,Adelaide,82877,81822,164699,7757,6561,14318,90634,88383,179017
Adelaide,1991,3,2111,2117,4228,91,92,183,2202,2209,4411,Adelaide,93814,92636,186450,7155,8125,15280,100969,100761,201730
Adelaide,1991,4,2111,2104,4215,86,87,173,2197,2191,4388,Adelaide,95589,99085,194674,6806,8661,15467,102395,107746,210141
Adelaide,1991,5,2066,2044,4110,86,88,174,2152,2132,4284,Adelaide,91931,93739,185670,5375,7596,12971,97306,101335,198641
Adelaide,1991,6,2037,2023,4060,101,102,203,2138,2125,4263,Adelaide,89049,89622,178671,7166,8046,15212,96215,97668,193883
Adelaide,1991,7,2199,2229,4428,103,104,207,2302,2333,4635,Adelaide,115033,116684,231717,9047,8858,17905,124080,125542,249622
Adelaide,1991,8,2226,2194,4420,108,108,216,2334,2302,4636,Adelaide,114883,113590,228473,8228,7673,15901,123111,121263,244374
Adelaide,1991,9,2136,2140,4276,95,97,192,2231,2237,4468,Adelaide,128684,128321,257005,8573,7961,16534,137257,136282,273539
Adelaide,1991,10,2348,2329,4677,95,96,191,2443,2425,4868,Adelaide,146266,136495,282761,11096,7035,18131,157362,143530,300892
Adelaide,1991,11,2348,2352,4700,101,99,200,2449,2451,4900,Adelaide,130156,136690,266846,8315,7736,16051,138471,144426,282897
Adelaide,1991,12,2279,2300,4579,100,100,200,2379,2400,4779,Adelaide,124308,127896,252204,7331,8405,15736,131639,136301,267940
Adelaide,1992,1,2112,2082,4194,100,99,199,2212,2181,4393,Adelaide,117375,117318,234693,9464,8109,17573,126839,125427,252266
Adelaide,1992,2,2033,2039,4072,98,97,195,2131,2136,4267,Adelaide,100446,98822,199268,8648,6261,14909,109094,105083,214177
Adelaide,1992,3,2334,2307,4641,100,102,202,2434,2409,4843,Adelaide,109548,112100,221648,7441,8565,16006,116989,120665,237654
Adelaide,1992,4,2210,2224,4434,101,100,201,2311,2324,4635,Adelaide,110178,112895,223073,7219,9252,16471,117397,122147,239544
Adelaide,1992,5,2268,2278,4546,99,97,196,2367,2375,4742,Adelaide,106035,106886,212921,5971,7988,13959,112006,114874,226880
Adelaide,1992,6,2225,2211,4436,97,98,195,2322,2309,4631,Adelaide,100191,101491,201682,6921,7561,14482,107112,109052,216164
Adelaide,1992,7,2343,2356,4699,102,102,204,2445,2458,4903,Adelaide,115444,117438,232882,9753,9946,19699,125197,127384,252581
Adelaide,1992,8,2390,2378,4768,101,102,203,2491,2480,4971,Adelaide,116241,115220,231461,8487,7914,16401,124728,123134,247862
Adelaide,1992,9,2400,2417,4817,100,99,199,2500,2516,5016,Adelaide,116907,117342,234249,9830,8314,18144,126737,125656,252393
Adelaide,1992,10,2443,2450,4893,105,106,211,2548,2556,5104,Adelaide,127241,122732,249973,12087,7679,19766,139328,130411,269739
Adelaide,1992,11,2467,2457,4924,90,91,181,2557,2548,5105,Adelaide,126558,127379,253937,9285,8656,17941,135843,136035,271878
Adelaide,1992,12,2396,2393,4789,94,92,186,2490,2485,4975,Adelaide,117244,116824,234068,8826,10286,19112,126070,127110,253180
Adelaide,1993,1,2189,2182,4371,91,93,184,2280,2275,4555,Adelaide,118972,120810,239782,11608,8542,20150,130580,129352,259932
Adelaide,1993,2,2181,2158,4339,84,84,168,2265,2242,4507,Adelaide,109834,107570,217404,8654,6639,15293,118488,114209,232697
Adelaide,1993,3,2441,2439,4880,90,90,180,2531,2529,5060,Adelaide,116677,119860,236537,8619,9027,17646,125296,128887,254183
Adelaide,1993,4,2270,2275,4545,99,98,197,2369,2373,4742,Adelaide,122265,123851,246116,8341,9601,17942,130606,133452,264058
Adelaide,1993,5,2297,2301,4598,93,94,187,2390,2395,4785,Adelaide,111963,113182,225145,7059,8815,15874,119022,121997,241019
Adelaide,1993,6,2315,2309,4624,93,93,186,2408,2402,4810,Adelaide,109133,109176,218309,7650,7877,15527,116783,117053,233836
Adelaide,1993,7,2393,2390,4783,101,101,202,2494,2491,4985,Adelaide,122044,125036,247080,11010,9204,20214,133054,134240,267294
Adelaide,1993,8,2451,2412,4863,95,96,191,2546,2508,5054,Adelaide,120077,119204,239281,8538,8082,16620,128615,127286,255901
Adelaide,1993,9,2423,2424,4847,94,95,189,2517,2519,5036,Adelaide,129665,130617,260282,10553,9358,19911,140218,139975,280193
Adelaide,1993,10,2457,2453,4910,99,99,198,2556,2552,5108,Adelaide,135159,131308,266467,11970,7755,19725,147129,139063,286192
Adelaide,1993,11,2440,2440,4880,94,92,186,2534,2532,5066,Adelaide,132903,133660,266563,9388,8592,17980,142291,142252,284543
Adelaide,1993,12,2366,2365,4731,100,99,199,2466,2464,4930,Adelaide,123429,123500,246929,8900,10637,19537,132329,134137,266466
Adelaide,1994,1,2266,2265,4531,98,99,197,2364,2364,4728,Adelaide,128156,129829,257985,11395,8634,20029,139551,138463,278014
Adelaide,1994,2,2190,2186,4376,89,89,178,2279,2275,4554,Adelaide,117017,116825,233842,9896,6851,16747,126913,123676,250589
Adelaide,1994,3,2550,2552,5102,97,98,195,2647,2650,5297,Adelaide,133809,136867,270676,8719,9729,18448,142528,146596,289124
Adelaide,1994,4,2365,2367,4732,94,93,187,2459,2460,4919,Adelaide,126953,133145,260098,8102,9679,17781,135055,142824,277879
Adelaide,1994,5,2491,2485,4976,97,96,193,2588,2581,5169,Adelaide,122452,123099,245551,6250,8464,14714,128702,131563,260265
Adelaide,1994,6,2299,2300,4599,93,95,188,2392,2395,4787,Adelaide,119167,120298,239465,7094,7826,14920,126261,128124,254385
Adelaide,1994,7,2526,2523,5049,97,97,194,2623,2620,5243,Adelaide,136545,140563,277108,10622,9948,20570,147167,150511,297678
Adelaide,1994,8,2604,2603,5207,97,95,192,2701,2698,5399,Adelaide,133179,133122,266301,8534,7828,16362,141713,140950,282663
Adelaide,1994,9,2515,2517,5032,96,95,191,2611,2612,5223,Adelaide,138758,139962,278720,10106,8100,18206,148864,148062,296926
Adelaide,1994,10,2592,2593,5185,94,95,189,2686,2688,5374,Adelaide,148888,146708,295596,11592,7112,18704,160480,153820,314300
Adelaide,1994,11,2607,2599,5206,97,96,193,2704,2695,5399,Adelaide,143969,145559,289528,10131,8148,18279,154100,153707,307807
Adelaide,1994,12,2478,2482,4960,97,98,195,2575,2580,5155,Adelaide,129648,130232,259880,8966,10630,19596,138614,140862,279476
Adelaide,1995,1,2417,2405,4822,97,96,193,2514,2501,5015,Adelaide,141302,143107,284409,11250,8889,20139,152552,151996,304548
Adelaide,1995,2,2362,2354,4716,89,89,178,2451,2443,4894,Adelaide,126089,126934,253023,9130,6914,16044,135219,133848,269067
Adelaide,1995,3,2660,2650,5310,94,96,190,2754,2746,5500,Adelaide,136839,138455,275294,8120,9584,17704,144959,148039,292998
Adelaide,1995,4,2505,2499,5004,87,87,174,2592,2586,5178,Adelaide,137386,141225,278611,8398,8721,17119,145784,149946,295730
Adelaide,1995,5,2716,2694,5410,88,86,174,2804,2780,5584,Adelaide,132471,134087,266558,6882,8291,15173,139353,142378,281731
Adelaide,1995,6,2559,2556,5115,86,88,174,2645,2644,5289,Adelaide,129631,132054,261685,7417,7651,15068,137048,139705,276753
Adelaide,1995,7,2748,2750,5498,88,88,176,2836,2838,5674,Adelaide,147659,149930,297589,10092,9260,19352,157751,159190,316941
Adelaide,1995,8,2846,2848,5694,90,90,180,2936,2938,5874,Adelaide,147918,147934,295852,8867,7549,16416,156785,155483,312268
Adelaide,1995,9,2728,2722,5450,85,84,169,2813,2806,5619,Adelaide,150603,151487,302090,9803,7582,17385,160406,159069,319475
Adelaide,1995,10,2860,2860,5720,88,88,176,2948,2948,5896,Adelaide,158953,156003,314956,10182,7374,17556,169135,163377,332512
Adelaide,1995,11,2726,2724,5450,87,88,175,2813,2812,5625,Adelaide,152432,152615,305047,9491,8875,18366,161923,161490,323413
Adelaide,1995,12,2573,2575,5148,88,88,176,2661,2663,5324,Adelaide,142834,141746,284580,8044,9255,17299,150878,151001,301879
Adelaide,1996,1,2598,2590,5188,94,92,186,2692,2682,5374,Adelaide,148309,148995,297304,9923,8637,18560,158232,157632,315864
Adelaide,1996,2,2552,2557,5109,90,91,181,2642,2648,5290,Adelaide,133309,131541,264850,8401,6914,15315,141710,138455,280165
Adelaide,1996,3,2729,2727,5456,90,90,180,2819,2817,5636,Adelaide,148208,151141,299349,8309,9248,17557,156517,160389,316906
Adelaide,1996,4,2680,2681,5361,91,90,181,2771,2771,5542,Adelaide,150248,152846,303094,7834,9469,17303,158082,162315,320397
Adelaide,1996,5,2747,2740,5487,89,90,179,2836,2830,5666,Adelaide,144829,147978,292807,6754,8634,15388,151583,156612,308195
Adelaide,1996,6,2584,2580,5164,92,90,182,2676,2670,5346,Adelaide,139574,139379,278953,7582,8188,15770,147156,147567,294723
Adelaide,1996,7,2868,2863,5731,92,92,184,2960,2955,5915,Adelaide,155288,157919,313207,9575,9251,18826,164863,167170,332033
Adelaide,1996,8,2887,2893,5780,91,90,181,2978,2983,5961,Adelaide,149788,149929,299717,8437,8076,16513,158225,158005,316230
Adelaide,1996,9,2785,2775,5560,93,91,184,2878,2866,5744,Adelaide,153773,153299,307072,9246,8165,17411,163019,161464,324483
Adelaide,1996,10,2953,2951,5904,88,89,177,3041,3040,6081,Adelaide,164815,161270,326085,10650,7256,17906,175465,168526,343991
Adelaide,1996,11,2852,2857,5709,85,84,169,2937,2941,5878,Adelaide,144249,143144,287393,8254,7305,15559,152503,150449,302952
Adelaide,1996,12,2697,2684,5381,92,91,183,2789,2775,5564,Adelaide,145333,144665,289998,8739,11016,19755,154072,155681,309753
Adelaide,1997,1,2602,2599,5201,90,89,179,2692,2688,5380,Adelaide,144958,144443,289401,10628,8761,19389,155586,153204,308790
Adelaide,1997,2,2578,2581,5159,82,81,163,2660,2662,5322,Adelaide,131677,132708,264385,9105,7659,16764,140782,140367,281149
Adelaide,1997,3,2814,2815,5629,93,91,184,2907,2906,5813,Adelaide,153411,154423,307834,7810,9157,16967,161221,163580,324801
Adelaide,1997,4,2844,2843,5687,89,87,176,2933,2930,5863,Adelaide,151003,155740,306743,7022,8848,15870,158025,164588,322613
Adelaide,1997,5,2827,2827,5654,90,90,180,2917,2917,5834,Adelaide,144422,147578,292000,6472,9269,15741,150894,156847,307741
Adelaide,1997,6,2733,2722,5455,80,80,160,2813,2802,5615,Adelaide,139356,138779,278135,7375,7916,15291,146731,146695,293426
Adelaide,1997,7,2952,2942,5894,84,84,168,3036,3026,6062,Adelaide,155897,158530,314427,9937,9100,19037,165834,167630,333464
Adelaide,1997,8,2961,2968,5929,84,83,167,3045,3051,6096,Adelaide,157418,158429,315847,8846,7939,16785,166264,166368,332632
Adelaide,1997,9,2980,2978,5958,81,80,161,3061,3058,6119,Adelaide,158593,158421,317014,8947,7789,16736,167540,166210,333750
Adelaide,1997,10,3137,3133,6270,84,84,168,3221,3217,6438,Adelaide,175312,169698,345010,11139,7355,18494,186451,177053,363504
Adelaide,1997,11,2995,2994,5989,82,83,165,3077,3077,6154,Adelaide,153918,153107,307025,9446,8657,18103,163364,161764,325128
Adelaide,1997,12,2916,2914,5830,82,81,163,2998,2995,5993,Adelaide,149133,149448,298581,9168,10545,19713,158301,159993,318294
Adelaide,1998,1,2759,2753,5512,82,81,163,2841,2834,5675,Adelaide,150165,149693,299858,9797,9124,18921,159962,158817,318779
Adelaide,1998,2,2761,2756,5517,74,75,149,2835,2831,5666,Adelaide,142826,140739,283565,9706,7361,17067,152532,148100,300632
Adelaide,1998,3,3072,3063,6135,85,85,170,3157,3148,6305,Adelaide,164076,167815,331891,7992,9944,17936,172068,177759,349827
Adelaide,1998,4,2953,2955,5908,81,82,163,3034,3037,6071,Adelaide,156137,159116,315253,7889,9719,17608,164026,168835,332861
Adelaide,1998,5,2964,2963,5927,83,86,169,3047,3049,6096,Adelaide,152938,155393,308331,6504,9856,16360,159442,165249,324691
Adelaide,1998,6,2859,2852,5711,80,78,158,2939,2930,5869,Adelaide,150029,149428,299457,8000,7770,15770,158029,157198,315227
Adelaide,1998,7,3080,3074,6154,79,86,165,3159,3160,6319,Adelaide,164490,166086,330576,9833,9558,19391,174323,175644,349967
Adelaide,1998,8,3058,3051,6109,95,92,187,3153,3143,6296,Adelaide,158031,157422,315453,10037,9176,19213,168068,166598,334666
Adelaide,1998,9,3065,3061,6126,88,89,177,3153,3150,6303,Adelaide,164203,164211,328414,10092,8787,18879,174295,172998,347293
Adelaide,1998,10,3132,3136,6268,91,90,181,3223,3226,6449,Adelaide,176572,173558,350130,11855,9352,21207,188427,182910,371337
Adelaide,1998,11,3035,3020,6055,91,90,181,3126,3110,6236,Adelaide,157658,154120,311778,10534,8372,18906,168192,162492,330684
Adelaide,1998,12,2986,2984,5970,89,91,180,3075,3075,6150,Adelaide,156846,157906,314752,10450,11327,21777,167296,169233,336529
Adelaide,1999,1,2797,2796,5593,90,89,179,2887,2885,5772,Adelaide,151514,152896,304410,12067,10481,22548,163581,163377,326958
Adelaide,1999,2,2752,2747,5499,81,82,163,2833,2829,5662,Adelaide,141194,140050,281244,10018,8079,18097,151212,148129,299341
Adelaide,1999,3,3106,3104,6210,87,87,174,3193,3191,6384,Adelaide,162665,165160,327825,9575,9900,19475,172240,175060,347300
Adelaide,1999,4,2944,2931,5875,84,88,172,3028,3019,6047,Adelaide,162673,163493,326166,8852,10625,19477,171525,174118,345643
Adelaide,1999,5,2876,2875,5751,85,90,175,2961,2965,5926,Adelaide,156641,159730,316371,7057,9639,16696,163698,169369,333067
Adelaide,1999,6,2783,2779,5562,75,77,152,2858,2856,5714,Adelaide,152767,153137,305904,8000,8901,16901,160767,162038,322805
Adelaide,1999,7,2956,2952,5908,74,72,146,3030,3024,6054,Adelaide,167538,169667,337205,11313,9647,20960,178851,179314,358165
Adelaide,1999,8,2992,2997,5989,78,80,158,3070,3077,6147,Adelaide,164896,164793,329689,9570,9967,19537,174466,174760,349226
Adelaide,1999,9,2907,2909,5816,75,76,151,2982,2985,5967,Adelaide,172789,172204,344993,11396,9686,21082,184185,181890,366075
Adelaide,1999,10,3073,3072,6145,81,81,162,3154,3153,6307,Adelaide,183259,178491,361750,13669,9988,23657,196928,188479,385407
Adelaide,1999,11,2947,2970,5917,85,71,156,3032,3041,6073,Adelaide,156590,158670,315260,11373,9303,20676,167963,167973,335936
Adelaide,1999,12,2954,2973,5927,88,75,163,3042,3048,6090,Adelaide,152957,157136,310093,10623,11285,21908,163580,168421,332001
Adelaide,2000,1,2685,2707,5392,88,75,163,2773,2782,5555,Adelaide,152690,151419,304109,12600,10158,22758,165290,161577,326867
Adelaide,2000,2,2785,2788,5573,83,71,154,2868,2859,5727,Adelaide,148268,148009,296277,12498,8095,20593,160766,156104,316870
Adelaide,2000,3,3032,3034,6066,86,77,163,3118,3111,6229,Adelaide,171672,175963,347635,10494,10812,21306,182166,186775,368941
Adelaide,2000,4,2794,2788,5582,74,85,159,2868,2873,5741,Adelaide,168893,170467,339360,11000,12737,23737,179893,183204,363097
Adelaide,2000,5,2976,2971,5947,74,81,155,3050,3052,6102,Adelaide,160803,164203,325006,7765,10890,18655,168568,175093,343661
Adelaide,2000,6,2704,2691,5395,74,82,156,2778,2773,5551,Adelaide,161061,159602,320663,9452,9579,19031,170513,169181,339694
Adelaide,2000,7,2799,2801,5600,76,86,162,2875,2887,5762,Adelaide,162464,161958,324422,13181,12116,25297,175645,174074,349719
Adelaide,2000,8,2988,2994,5982,76,83,159,3064,3077,6141,Adelaide,166852,166670,333522,11577,11424,23001,178429,178094,356523
Adelaide,2000,9,2853,2848,5701,78,82,160,2931,2930,5861,Adelaide,172638,180314,352952,12581,11343,23924,185219,191657,376876
Adelaide,2000,10,3045,3032,6077,80,85,165,3125,3117,6242,Adelaide,182398,170610,353008,13840,9895,23735,196238,180505,376743
Adelaide,2000,11,3059,3059,6118,78,83,161,3137,3142,6279,Adelaide,161199,159817,321016,12124,10650,22774,173323,170467,343790
Adelaide,2000,12,2949,2956,5905,80,84,164,3029,3040,6069,Adelaide,174796,170393,345189,12423,12865,25288,187219,183258,370477
Adelaide,2001,1,2930,2929,5859,80,83,163,3010,3012,6022,Adelaide,178842,182742,361584,12908,11239,24147,191750,193981,385731
Adelaide,2001,2,2798,2794,5592,68,72,140,2866,2866,5732,Adelaide,153902,151966,305868,10674,8310,18984,164576,160276,324852
Adelaide,2001,3,3235,3239,6474,73,78,151,3308,3317,6625,Adelaide,184779,186217,370996,9991,10080,20071,194770,196297,391067
Adelaide,2001,4,3066,3062,6128,76,80,156,3142,3142,6284,Adelaide,188110,192650,380760,9402,10934,20336,197512,203584,401096
Adelaide,2001,5,3147,3144,6291,72,76,148,3219,3220,6439,Adelaide,183637,185569,369206,7358,10058,17416,190995,195627,386622
Adelaide,2001,6,3033,3028,6061,73,76,149,3106,3104,6210,Adelaide,179919,180333,360252,9350,9540,18890,189269,189873,379142
Adelaide,2001,7,3206,3202,6408,74,79,153,3280,3281,6561,Adelaide,202476,201088,403564,11404,10468,21872,213880,211556,425436
Adelaide,2001,8,3251,3236,6487,75,80,155,3326,3316,6642,Adelaide,186452,189084,375536,9823,9193,19016,196275,198277,394552
Adelaide,2001,9,2586,2583,5169,72,76,148,2658,2659,5317,Adelaide,159439,158795,318234,10938,9440,20378,170377,168235,338612
Adelaide,2001,10,2575,2572,5147,75,78,153,2650,2650,5300,Adelaide,159531,155173,314704,12933,9145,22078,172464,164318,336782
Adelaide,2001,11,2643,2631,5274,67,76,143,2710,2707,5417,Adelaide,153176,153714,306890,9686,8967,18653,162862,162681,325543
Adelaide,2001,12,2658,2648,5306,74,83,157,2732,2731,5463,Adelaide,157935,156951,314886,9894,10109,20003,167829,167060,334889
Adelaide,2002,1,2696,2685,5381,69,79,148,2765,2764,5529,Adelaide,158681,159105,317786,10638,9181,19819,169319,168286,337605
Adelaide,2002,2,2521,2509,5030,64,72,136,2585,2581,5166,Adelaide,153111,150565,303676,9245,7261,16506,162356,157826,320182
Adelaide,2002,3,2707,2694,5401,72,81,153,2779,2775,5554,Adelaide,175081,175524,350605,9520,9248,18768,184601,184772,369373
Adelaide,2002,4,2558,2543,5101,60,73,133,2618,2616,5234,Adelaide,160797,163575,324372,8064,9920,17984,168861,173495,342356
Adelaide,2002,5,2606,2583,5189,61,74,135,2667,2657,5324,Adelaide,161306,162698,324004,7399,9532,16931,168705,172230,340935
Adelaide,2002,6,2453,2438,4891,61,74,135,2514,2512,5026,Adelaide,146834,144196,291030,8463,9154,17617,155297,153350,308647
Adelaide,2002,7,2709,2714,5423,76,75,151,2785,2789,5574,Adelaide,169272,169260,338532,11119,9866,20985,180391,179126,359517
Adelaide,2002,8,2829,2830,5659,76,76,152,2905,2906,5811,Adelaide,165574,166644,332218,10171,9170,19341,175745,175814,351559
Adelaide,2002,9,2848,2852,5700,77,75,152,2925,2927,5852,Adelaide,171831,174070,345901,10182,9382,19564,182013,183452,365465
Adelaide,2002,10,2921,2934,5855,74,75,149,2995,3009,6004,Adelaide,188974,184900,373874,11179,8100,19279,200153,193000,393153
Adelaide,2002,11,2740,2741,5481,67,65,132,2807,2806,5613,Adelaide,171460,171331,342791,9875,7582,17457,181335,178913,360248
Adelaide,2002,12,2712,2720,5432,63,64,127,2775,2784,5559,Adelaide,173159,176362,349521,9593,10507,20100,182752,186869,369621
Adelaide,2003,1,2632,2640,5272,63,63,126,2695,2703,5398,Adelaide,171655,172757,344412,11042,9146,20188,182697,181903,364600
Adelaide,2003,2,2531,2536,5067,56,56,112,2587,2592,5179,Adelaide,160695,160604,321299,9785,6665,16450,170480,167269,337749
Adelaide,2003,3,2788,2789,5577,64,63,127,2852,2852,5704,Adelaide,182599,185091,367690,8401,8183,16584,191000,193274,384274
Adelaide,2003,4,2574,2570,5144,73,73,146,2647,2643,5290,Adelaide,175685,177760,353445,6541,7098,13639,182226,184858,367084
Adelaide,2003,5,2544,2536,5080,77,77,154,2621,2613,5234,Adelaide,174160,174837,348997,4880,6339,11219,179040,181176,360216
Adelaide,2003,6,2428,2433,4861,76,76,152,2504,2509,5013,Adelaide,162027,163001,325028,5811,6511,12322,167838,169512,337350
Adelaide,2003,7,2581,2583,5164,82,83,165,2663,2666,5329,Adelaide,186092,184872,370964,9592,8398,17990,195684,193270,388954
Adelaide,2003,8,2625,2627,5252,85,85,170,2710,2712,5422,Adelaide,183544,183635,367179,9165,8981,18146,192709,192616,385325
Adelaide,2003,9,2707,2712,5419,82,81,163,2789,2793,5582,Adelaide,188388,190824,379212,9426,8703,18129,197814,199527,397341
Adelaide,2003,10,2804,2801,5605,82,80,162,2886,2881,5767,Adelaide,213364,209598,422962,11750,7694,19444,225114,217292,442406
Adelaide,2003,11,2731,2729,5460,72,74,146,2803,2803,5606,Adelaide,189252,189429,378681,10046,9603,19649,199298,199032,398330
Adelaide,2003,12,2767,2767,5534,76,74,150,2843,2841,5684,Adelaide,201536,202690,404226,11138,11951,23089,212674,214641,427315
Adelaide,2004,1,2698,2695,5393,75,75,150,2773,2770,5543,Adelaide,197163,197850,395013,13508,11289,24797,210671,209139,419810
Adelaide,2004,2,2675,2686,5361,69,71,140,2744,2757,5501,Adelaide,188669,185407,374076,12530,8745,21275,201199,194152,395351
Adelaide,2004,3,2947,2947,5894,85,83,168,3032,3030,6062,Adelaide,206191,209918,416109,10960,11578,22538,217151,221496,438647
Adelaide,2004,4,2768,2765,5533,79,79,158,2847,2844,5691,Adelaide,197231,199357,396588,11267,11970,23237,208498,211327,419825
Adelaide,2004,5,2533,2548,5081,83,84,167,2616,2632,5248,Adelaide,188099,190019,378118,8731,11527,20258,196830,201546,398376
Adelaide,2004,6,2721,2730,5451,83,82,165,2804,2812,5616,Adelaide,179352,180766,360118,10254,11207,21461,189606,191973,381579
Adelaide,2004,7,2856,2855,5711,85,85,170,2941,2940,5881,Adelaide,209844,210547,420391,14312,11764,26076,224156,222311,446467
Adelaide,2004,8,2855,2866,5721,84,84,168,2939,2950,5889,Adelaide,202637,203068,405705,11938,11625,23563,214575,214693,429268
Adelaide,2004,9,2838,2848,5686,83,84,167,2921,2932,5853,Adelaide,206313,212285,418598,12404,12436,24840,218717,224721,443438
Adelaide,2004,10,2867,2877,5744,86,87,173,2953,2964,5917,Adelaide,220280,213944,434224,14912,10464,25376,235192,224408,459600
Adelaide,2004,11,2908,2925,5833,86,84,170,2994,3009,6003,Adelaide,210371,209711,420082,11890,11101,22991,222261,220812,443073
Adelaide,2004,12,2951,2945,5896,97,97,194,3048,3042,6090,Adelaide,209268,211595,420863,14349,15322,29671,223617,226917,450534
Adelaide,2005,1,2679,2697,5376,97,97,194,2776,2794,5570,Adelaide,201002,202577,403579,16357,14082,30439,217359,216659,434018
Adelaide,2005,2,2718,2711,5429,92,93,185,2810,2804,5614,Adelaide,199071,195713,394784,14947,10875,25822,214018,206588,420606
Adelaide,2005,3,2974,2974,5948,99,100,199,3073,3074,6147,Adelaide,225952,228701,454653,14716,13922,28638,240668,242623,483291
Adelaide,2005,4,2859,2865,5724,99,96,195,2958,2961,5919,Adelaide,220410,227696,448106,13485,14559,28044,233895,242255,476150
Adelaide,2005,5,2907,2916,5823,101,102,203,3008,3018,6026,Adelaide,210948,211819,422767,11771,14314,26085,222719,226133,448852
Adelaide,2005,6,2825,2829,5654,99,99,198,2924,2928,5852,Adelaide,199886,201150,401036,12830,13596,26426,212716,214746,427462
Adelaide,2005,7,2923,2914,5837,102,103,205,3025,3017,6042,Adelaide,233287,234319,467606,16226,13907,30133,249513,248226,497739
Adelaide,2005,8,2987,3003,5990,104,101,205,3091,3104,6195,Adelaide,224802,228638,453440,14766,13102,27868,239568,241740,481308
Adelaide,2005,9,2898,2907,5805,89,90,179,2987,2997,5984,Adelaide,221138,224352,445490,13429,11769,25198,234567,236121,470688
Adelaide,2005,10,2953,2955,5908,100,102,202,3053,3057,6110,Adelaide,243691,241434,485125,15960,12620,28580,259651,254054,513705
Adelaide,2005,11,2731,2739,5470,95,95,190,2826,2834,5660,Adelaide,220297,221854,442151,13653,12548,26201,233950,234402,468352
Adelaide,2005,12,2695,2693,5388,92,92,184,2787,2785,5572,Adelaide,220583,222357,442940,14431,16433,30864,235014,238790,473804
Adelaide,2006,1,2603,2591,5194,92,93,185,2695,2684,5379,Adelaide,217797,217209,435006,16837,14519,31356,234634,231728,466362
Adelaide,2006,2,2648,2651,5299,83,83,166,2731,2734,5465,Adelaide,205750,201411,407161,15580,10304,25884,221330,211715,433045
Adelaide,2006,3,3043,3044,6087,98,97,195,3141,3141,6282,Adelaide,238973,241863,480836,14838,13676,28514,253811,255539,509350
Adelaide,2006,4,2809,2807,5616,121,122,243,2930,2929,5859,Adelaide,233226,237898,471124,15941,17566,33507,249167,255464,504631
Adelaide,2006,5,3017,3010,6027,124,122,246,3141,3132,6273,Adelaide,227121,229568,456689,13450,15116,28566,240571,244684,485255
Adelaide,2006,6,2871,2873,5744,133,131,264,3004,3004,6008,Adelaide,215103,216769,431872,14554,15839,30393,229657,232608,462265
Adelaide,2006,7,2811,2817,5628,136,136,272,2947,2953,5900,Adelaide,241672,243392,485064,20973,17547,38520,262645,260939,523584
Adelaide,2006,8,2920,2927,5847,134,135,269,3054,3062,6116,Adelaide,236228,237747,473975,18345,17044,35389,254573,254791,509364
Adelaide,2006,9,2841,2843,5684,125,124,249,2966,2967,5933,Adelaide,235685,237135,472820,18215,16346,34561,253900,253481,507381
Adelaide,2006,10,2937,2935,5872,127,128,255,3064,3063,6127,Adelaide,257160,250871,508031,21877,15822,37699,279037,266693,545730
Adelaide,2006,11,2907,2910,5817,123,123,246,3030,3033,6063,Adelaide,245908,240884,486792,18211,15523,33734,264119,256407,520526
Adelaide,2006,12,2866,2863,5729,127,128,255,2993,2991,5984,Adelaide,238712,244231,482943,20208,22158,42366,258920,266389,525309
Adelaide,2007,1,2760,2750,5510,126,125,251,2886,2875,5761,Adelaide,232631,234547,467178,22042,17928,39970,254673,252475,507148
Adelaide,2007,2,2647,2647,5294,118,117,235,2765,2764,5529,Adelaide,220136,217088,437224,19381,14132,33513,239517,231220,470737
Adelaide,2007,3,3081,3086,6167,129,128,257,3210,3214,6424,Adelaide,254122,257588,511710,20874,18490,39364,274996,276078,551074
Adelaide,2007,4,2919,2926,5845,122,122,244,3041,3048,6089,Adelaide,244459,249317,493776,17956,20398,38354,262415,269715,532130
Adelaide,2007,5,3074,3081,6155,128,128,256,3202,3209,6411,Adelaide,236339,237644,473983,14657,17770,32427,250996,255414,506410
Adelaide,2007,6,2956,2966,5922,125,124,249,3081,3090,6171,Adelaide,223256,223278,446534,17277,18186,35463,240533,241464,481997
Adelaide,2007,7,3138,3138,6276,125,126,251,3263,3264,6527,Adelaide,256624,258151,514775,21235,18685,39920,277859,276836,554695
Adelaide,2007,8,3174,3182,6356,120,119,239,3294,3301,6595,Adelaide,249327,252099,501426,18744,17726,36470,268071,269825,537896
Adelaide,2007,9,2977,2984,5961,117,118,235,3094,3102,6196,Adelaide,248160,248431,496591,18979,18782,37761,267139,267213,534352
Adelaide,2007,10,3107,3122,6229,129,128,257,3236,3250,6486,Adelaide,274162,270589,544751,22764,16099,38863,296926,286688,583614
Adelaide,2007,11,2929,2933,5862,137,137,274,3066,3070,6136,Adelaide,255705,256161,511866,20060,18046,38106,275765,274207,549972
Adelaide,2007,12,2908,2907,5815,150,150,300,3058,3057,6115,Adelaide,251898,254717,506615,20782,24156,44938,272680,278873,551553
Adelaide,2008,1,2928,2916,5844,145,146,291,3073,3062,6135,Adelaide,259131,259113,518244,25056,20073,45129,284187,279186,563373
Adelaide,2008,2,2840,2812,5652,132,131,263,2972,2943,5915,Adelaide,248622,246113,494735,21507,15549,37056,270129,261662,531791
Adelaide,2008,3,2952,2934,5886,142,142,284,3094,3076,6170,Adelaide,272955,275896,548851,21218,19282,40500,294173,295178,589351
Adelaide,2008,4,2944,2912,5856,137,136,273,3081,3048,6129,Adelaide,263529,269583,533112,19019,21367,40386,282548,290950,573498
Adelaide,2008,5,3044,3042,6086,138,138,276,3182,3180,6362,Adelaide,250437,253129,503566,17470,19098,36568,267907,272227,540134
Adelaide,2008,6,2866,2875,5741,133,132,265,2999,3007,6006,Adelaide,236745,236649,473394,17653,17991,35644,254398,254640,509038
Adelaide,2008,7,2992,2993,5985,138,139,277,3130,3132,6262,Adelaide,267588,270667,538255,22705,19301,42006,290293,289968,580261
Adelaide,2008,8,2978,2976,5954,137,136,273,3115,3112,6227,Adelaide,263204,265323,528527,20289,19088,39377,283493,284411,567904
Adelaide,2008,9,2989,2994,5983,134,134,268,3123,3128,6251,Adelaide,256020,257855,513875,20161,19772,39933,276181,277627,553808
Adelaide,2008,10,3187,3192,6379,135,134,269,3322,3326,6648,Adelaide,285523,281317,566840,24131,17330,41461,309654,298647,608301
Adelaide,2008,11,3026,3026,6052,139,143,282,3165,3169,6334,Adelaide,262677,262175,524852,20339,18220,38559,283016,280395,563411
Adelaide,2008,12,3009,3010,6019,152,151,303,3161,3161,6322,Adelaide,260627,265491,526118,19827,23233,43060,280454,288724,569178
Adelaide,2009,1,2800,2805,5605,152,152,304,2952,2957,5909,Adelaide,259510,258122,517632,25145,19968,45113,284655,278090,562745
Adelaide,2009,2,2721,2718,5439,133,133,266,2854,2851,5705,Adelaide,234778,232142,466920,21389,14795,36184,256167,246937,503104
Adelaide,2009,3,3127,3135,6262,146,147,293,3273,3282,6555,Adelaide,280441,284820,565261,19466,18154,37620,299907,302974,602881
Adelaide,2009,4,3031,3039,6070,142,142,284,3173,3181,6354,Adelaide,274359,281163,555522,20087,21353,41440,294446,302516,596962
Adelaide,2009,5,2933,2937,5870,143,143,286,3076,3080,6156,Adelaide,258273,258930,517203,17085,19321,36406,275358,278251,553609
Adelaide,2009,6,2814,2824,5638,147,146,293,2961,2970,5931,Adelaide,242263,242610,484873,17680,19449,37129,259943,262059,522002
Adelaide,2009,7,2956,2952,5908,148,147,295,3104,3099,6203,Adelaide,269949,272217,542166,24152,21200,45352,294101,293417,587518
Adelaide,2009,8,2888,2898,5786,141,141,282,3029,3039,6068,Adelaide,269480,269355,538835,20859,19768,40627,290339,289123,579462
Adelaide,2009,9,2871,2877,5748,148,148,296,3019,3025,6044,Adelaide,264127,267734,531861,22039,22699,44738,286166,290433,576599
Adelaide,2009,10,2953,2953,5906,158,157,315,3111,3110,6221,Adelaide,284313,277153,561466,26544,20496,47040,310857,297649,608506
Adelaide,2009,11,2789,2798,5587,150,151,301,2939,2949,5888,Adelaide,264644,266874,531518,21906,21543,43449,286550,288417,574967
Adelaide,2009,12,2836,2829,5665,153,153,306,2989,2982,5971,Adelaide,262735,264356,527091,21402,24899,46301,284137,289255,573392
Adelaide,2010,1,2815,2813,5628,154,155,309,2969,2968,5937,Adelaide,260489,258574,519063,26569,22236,48805,287058,280810,567868
Adelaide,2010,2,2757,2756,5513,132,133,265,2889,2889,5778,Adelaide,251775,248044,499819,21576,16706,38282,273351,264750,538101
Adelaide,2010,3,3202,3208,6410,146,144,290,3348,3352,6700,Adelaide,292054,294892,586946,22086,20609,42695,314140,315501,629641
Adelaide,2010,4,3164,3147,6311,139,139,278,3303,3286,6589,Adelaide,290702,296008,586710,22393,23027,45420,313095,319035,632130
Adelaide,2010,5,3210,3208,6418,133,134,267,3343,3342,6685,Adelaide,269597,272381,541978,18231,21100,39331,287828,293481,581309
Adelaide,2010,6,3078,3081,6159,131,130,261,3209,3211,6420,Adelaide,260162,264413,524575,19742,21699,41441,279904,286112,566016
Adelaide,2010,7,3218,3226,6444,134,135,269,3352,3361,6713,Adelaide,293548,297128,590676,25332,21846,47178,318880,318974,637854
Adelaide,2010,8,3123,3128,6251,133,134,267,3256,3262,6518,Adelaide,283786,283560,567346,21613,21756,43369,305399,305316,610715
Adelaide,2010,9,3093,3093,6186,132,132,264,3225,3225,6450,Adelaide,282205,287767,569972,23201,22552,45753,305406,310319,615725
Adelaide,2010,10,3174,3169,6343,137,137,274,3311,3306,6617,Adelaide,313687,301158,614845,27111,19830,46941,340798,320988,661786
Adelaide,2010,11,3060,3046,6106,132,132,264,3192,3178,6370,Adelaide,283723,284665,568388,22317,21729,44046,306040,306394,612434
Adelaide,2010,12,3169,3148,6317,140,137,277,3309,3285,6594,Adelaide,292916,295017,587933,23166,25965,49131,316082,320982,637064
Adelaide,2011,1,2945,2944,5889,136,137,273,3081,3081,6162,Adelaide,275339,273902,549241,26556,22938,49494,301895,296840,598735
Adelaide,2011,2,2719,2711,5430,121,121,242,2840,2832,5672,Adelaide,253474,247288,500762,22587,17514,40101,276061,264802,540863
Adelaide,2011,3,3127,3129,6256,138,137,275,3265,3266,6531,Adelaide,293734,295355,589089,21787,21351,43138,315521,316706,632227
Adelaide,2011,4,2992,2988,5980,144,144,288,3136,3132,6268,Adelaide,282981,286574,569555,22983,25799,48782,305964,312373,618337
Adelaide,2011,5,3066,3063,6129,146,147,293,3212,3210,6422,Adelaide,273748,274350,548098,21287,24027,45314,295035,298377,593412
Adelaide,2011,6,2761,2763,5524,136,134,270,2897,2897,5794,Adelaide,237077,237976,475053,21671,22929,44600,258748,260905,519653
Adelaide,2011,7,2997,2994,5991,146,146,292,3143,3140,6283,Adelaide,273786,277032,550818,28138,25253,53391,301924,302285,604209
Adelaide,2011,8,3004,3002,6006,143,142,285,3147,3144,6291,Adelaide,263100,263060,526160,25653,24324,49977,288753,287384,576137
Adelaide,2011,9,2881,2873,5754,144,144,288,3025,3017,6042,Adelaide,262527,261455,523982,25906,25166,51072,288433,286621,575054
Adelaide,2011,10,2879,2883,5762,151,152,303,3030,3035,6065,Adelaide,278028,273082,551110,28930,23095,52025,306958,296177,603135
Adelaide,2011,11,2822,2825,5647,151,150,301,2973,2975,5948,Adelaide,264907,266632,531539,24604,23324,47928,289511,289956,579467
Adelaide,2011,12,2845,2818,5663,172,173,345,3017,2991,6008,Adelaide,262361,260566,522927,26035,31216,57251,288396,291782,580178
Adelaide,2012,1,2690,2702,5392,175,175,350,2865,2877,5742,Adelaide,258727,260757,519484,34486,27251,61737,293213,288008,581221
Adelaide,2012,2,2734,2730,5464,146,145,291,2880,2875,5755,Adelaide,250287,241533,491820,26957,20520,47477,277244,262053,539297
Adelaide,2012,3,2992,2994,5986,154,155,309,3146,3149,6295,Adelaide,277032,282302,559334,25746,25886,51632,302778,308188,610966
Adelaide,2012,4,2848,2842,5690,150,151,301,2998,2993,5991,Adelaide,264048,267193,531241,25399,26317,51716,289447,293510,582957
Adelaide,2012,5,2875,2868,5743,155,155,310,3030,3023,6053,Adelaide,261753,264360,526113,20661,24575,45236,282414,288935,571349
Adelaide,2012,6,2738,2738,5476,155,155,310,2893,2893,5786,Adelaide,243743,249972,493715,23206,26101,49307,266949,276073,543022
Adelaide,2012,7,3009,3016,6025,173,174,347,3182,3190,6372,Adelaide,275669,269885,545554,31466,24802,56268,307135,294687,601822
Adelaide,2012,8,3060,3058,6118,167,168,335,3227,3226,6453,Adelaide,263168,265243,528411,24624,24733,49357,287792,289976,577768
Adelaide,2012,9,2925,2917,5842,170,171,341,3095,3088,6183,Adelaide,269802,270676,540478,27126,27912,55038,296928,298588,595516
Adelaide,2012,10,3071,3070,6141,174,176,350,3245,3246,6491,Adelaide,287626,281100,568726,30722,22970,53692,318348,304070,622418
Adelaide,2012,11,3061,3048,6109,194,194,388,3255,3242,6497,Adelaide,285081,283544,568625,28453,30172,58625,313534,313716,627250
Adelaide,2012,12,2991,2981,5972,207,207,414,3198,3188,6386,Adelaide,271564,271750,543314,31996,37996,69992,303560,309746,613306
Adelaide,2013,1,2866,2869,5735,208,207,415,3074,3076,6150,Adelaide,262467,266159,528626,39912,30336,70248,302379,296495,598874
Adelaide,2013,2,2689,2691,5380,192,193,385,2881,2884,5765,Adelaide,245055,237296,482351,32894,25038,57932,277949,262334,540283
Adelaide,2013,3,3021,3011,6032,210,211,421,3231,3222,6453,Adelaide,282049,284894,566943,30633,30591,61224,312682,315485,628167
Adelaide,2013,4,3000,3004,6004,194,194,388,3194,3198,6392,Adelaide,280700,287113,567813,30059,33507,63566,310759,320620,631379
Adelaide,2013,5,3027,3023,6050,178,179,357,3205,3202,6407,Adelaide,259610,263814,523424,25232,29676,54908,284842,293490,578332
Adelaide,2013,6,2807,2813,5620,175,174,349,2982,2987,5969,Adelaide,249959,247004,496963,27642,30977,58619,277601,277981,555582
Adelaide,2013,7,3067,3070,6137,195,195,390,3262,3265,6527,Adelaide,285287,290626,575913,38906,33858,72764,324193,324484,648677
Adelaide,2013,8,3024,3019,6043,177,179,356,3201,3198,6399,Adelaide,269836,269808,539644,33245,31092,64337,303081,300900,603981
Adelaide,2013,9,3011,3009,6020,191,191,382,3202,3200,6402,Adelaide,272655,272652,545307,34517,35056,69573,307172,307708,614880
Adelaide,2013,10,3115,3112,6227,191,192,383,3306,3304,6610,Adelaide,306551,300868,607419,39954,28567,68521,346505,329435,675940
Adelaide,2013,11,2958,2952,5910,203,201,404,3161,3153,6314,Adelaide,279869,279000,558869,34066,34016,68082,313935,313016,626951
Adelaide,2013,12,2956,2947,5903,239,241,480,3195,3188,6383,Adelaide,291204,289813,581017,39818,49993,89811,331022,339806,670828
Adelaide,2014,1,2862,2860,5722,251,251,502,3113,3111,6224,Adelaide,277737,278835,556572,53530,41795,95325,331267,320630,651897
Adelaide,2014,2,2703,2706,5409,217,215,432,2920,2921,5841,Adelaide,253235,250818,504053,40484,29320,69804,293719,280138,573857
Adelaide,2014,3,3090,3092,6182,232,233,465,3322,3325,6647,Adelaide,287307,293996,581303,35407,35805,71212,322714,329801,652515
Adelaide,2014,4,3042,3042,6084,233,236,469,3275,3278,6553,Adelaide,283121,285267,568388,39176,42911,82087,322297,328178,650475
Adelaide,2014,5,3091,3084,6175,230,232,462,3321,3316,6637,Adelaide,266981,269417,536398,34798,39547,74345,301779,308964,610743
Adelaide,2014,6,2979,2981,5960,228,232,460,3207,3213,6420,Adelaide,260567,255415,515982,35861,44801,80662,296428,300216,596644
Adelaide,2014,7,3156,3162,6318,238,239,477,3394,3401,6795,Adelaide,284112,289631,573743,51507,44103,95610,335619,333734,669353
Adelaide,2014,8,3103,3110,6213,225,224,449,3328,3334,6662,Adelaide,280822,280400,561222,41013,39796,80809,321835,320196,642031
Adelaide,2014,9,3112,3111,6223,195,195,390,3307,3306,6613,Adelaide,276540,280913,557453,39785,40956,80741,316325,321869,638194
Adelaide,2014,10,3203,3200,6403,203,206,409,3406,3406,6812,Adelaide,319150,311531,630681,44279,35206,79485,363429,346737,710166
Adelaide,2014,11,2979,2988,5967,193,193,386,3172,3181,6353,Adelaide,279539,279238,558777,33966,35010,68976,313505,314248,627753
Adelaide,2014,12,3039,3033,6072,223,224,447,3262,3257,6519,Adelaide,295383,291644,587027,38989,49220,88209,334372,340864,675236
Adelaide,2015,1,2837,2837,5674,223,224,447,3060,3061,6121,Adelaide,271005,273323,544328,50816,40325,91141,321821,313648,635469
Adelaide,2015,2,2746,2750,5496,175,175,350,2921,2925,5846,Adelaide,255345,248620,503965,38274,30765,69039,293619,279385,573004
Adelaide,2015,3,3135,3138,6273,178,181,359,3313,3319,6632,Adelaide,291956,293217,585173,34114,36696,70810,326070,329913,655983
Adelaide,2015,4,3100,3104,6204,182,180,362,3282,3284,6566,Adelaide,291914,294232,586146,33223,37246,70469,325137,331478,656615
Adelaide,2015,5,3170,3166,6336,182,182,364,3352,3348,6700,Adelaide,270553,272195,542748,31243,36424,67667,301796,308619,610415
Adelaide,2015,6,3048,3049,6097,176,176,352,3224,3225,6449,Adelaide,252967,252494,505461,32695,37826,70521,285662,290320,575982
Adelaide,2015,7,3248,3242,6490,174,173,347,3422,3415,6837,Adelaide,296045,302047,598092,40295,36893,77188,336340,338940,675280
Adelaide,2015,8,3137,3138,6275,161,165,326,3298,3303,6601,Adelaide,282798,277223,560021,35798,34901,70699,318596,312124,630720
Adelaide,2015,9,3156,3161,6317,168,171,339,3324,3332,6656,Adelaide,279982,283113,563095,35418,35682,71100,315400,318795,634195
Adelaide,2015,10,3220,3213,6433,180,178,358,3400,3391,6791,Adelaide,315821,304706,620527,39982,32407,72389,355803,337113,692916
Adelaide,2015,11,3127,3126,6253,153,146,299,3280,3272,6552,Adelaide,296138,294450,590588,30136,30705,60841,326274,325155,651429
Adelaide,2015,12,3140,3126,6266,195,194,389,3335,3320,6655,Adelaide,298324,301313,599637,36126,43398,79524,334450,344711,679161
Adelaide,2016,1,2951,2964,5915,199,202,401,3150,3166,6316,Adelaide,282520,284142,566662,44890,39537,84427,327410,323679,651089
Adelaide,2016,2,3020,3021,6041,165,166,331,3185,3187,6372,Adelaide,267124,259758,526882,35415,29381,64796,302539,289139,591678
Adelaide,2016,3,3191,3190,6381,168,171,339,3359,3361,6720,Adelaide,305728,298866,604594,32873,33552,66425,338601,332418,671019
Adelaide,2016,4,3083,3071,6154,171,172,343,3254,3243,6497,Adelaide,291320,302867,594187,31541,36181,67722,322861,339048,661909
Adelaide,2016,5,3042,3049,6091,198,198,396,3240,3247,6487,Adelaide,281939,282036,563975,31336,37676,69012,313275,319712,632987
Adelaide,2016,6,2915,2910,5825,191,191,382,3106,3101,6207,Adelaide,269707,262566,532273,33289,39790,73079,302996,302356,605352
Adelaide,2016,7,3156,3151,6307,215,217,432,3371,3368,6739,Adelaide,300002,307952,607954,47258,43425,90683,347260,351377,698637
Adelaide,2016,8,3216,3201,6417,192,195,387,3408,3396,6804,Adelaide,284393,279860,564253,39027,40220,79247,323420,320080,643500
Adelaide,2016,9,3155,3151,6306,196,194,390,3351,3345,6696,Adelaide,293756,288573,582329,42085,41067,83152,335841,329640,665481
Adelaide,2016,10,3227,3236,6463,208,208,416,3435,3444,6879,Adelaide,317098,319192,636290,46341,35408,81749,363439,354600,718039
Adelaide,2016,11,3160,3167,6327,191,193,384,3351,3360,6711,Adelaide,304689,305932,610621,34776,36227,71003,339465,342159,681624
Adelaide,2016,12,3085,3066,6151,228,229,457,3313,3295,6608,Adelaide,304574,301400,605974,41707,51177,92884,346281,352577,698858
Adelaide,2017,1,2847,2852,5699,223,221,444,3070,3073,6143,Adelaide,292441,295396,587837,51344,42933,94277,343785,338329,682114
Adelaide,2017,2,2844,2852,5696,176,176,352,3020,3028,6048,Adelaide,265665,258284,523949,37838,30773,68611,303503,289057,592560
Adelaide,2017,3,3248,3246,6494,194,193,387,3442,3439,6881,Adelaide,309494,311591,621085,34763,36346,71109,344257,347937,692194
Adelaide,2017,4,2980,2987,5967,183,184,367,3163,3171,6334,Adelaide,294726,296413,591139,34119,39693,73812,328845,336106,664951
Adelaide,2017,5,3057,3054,6111,183,183,366,3240,3237,6477,Adelaide,285884,284998,570882,33197,37924,71121,319081,322922,642003
Adelaide,2017,6,2916,2911,5827,178,178,356,3094,3089,6183,Adelaide,273329,272795,546124,34097,39198,73295,307426,311993,619419
Adelaide,2017,7,3088,3081,6169,212,212,424,3300,3293,6593,Adelaide,308341,310767,619108,46589,43123,89712,354930,353890,708820
Adelaide,2017,8,3101,3104,6205,208,209,417,3309,3313,6622,Adelaide,289066,285877,574943,42160,40424,82584,331226,326301,657527
Adelaide,2017,9,3091,3081,6172,207,204,411,3298,3285,6583,Adelaide,296741,294811,591552,44410,42623,87033,341151,337434,678585
Adelaide,2017,10,3193,3212,6405,204,205,409,3397,3417,6814,Adelaide,327412,326148,653560,46426,36194,82620,373838,362342,736180
Adelaide,2017,11,3148,3148,6296,184,182,366,3332,3330,6662,Adelaide,316350,311569,627919,37547,36871,74418,353897,348440,702337
Adelaide,2017,12,3113,3098,6211,234,233,467,3347,3331,6678,Adelaide,318458,322403,640861,42206,52177,94383,360664,374580,735244
Adelaide,2018,1,3005,3005,6010,259,259,518,3264,3264,6528,Adelaide,300307,304558,604865,58412,47172,105584,358719,351730,710449
Adelaide,2018,2,2850,2844,5694,189,188,377,3039,3032,6071,Adelaide,276851,270512,547363,40981,32712,73693,317832,303224,621056
Adelaide,2018,3,3158,3150,6308,201,198,399,3359,3348,6707,Adelaide,320101,318876,638977,37451,40042,77493,357552,358918,716470
Adelaide,2018,4,2989,2999,5988,198,198,396,3187,3197,6384,Adelaide,311318,316660,627978,36246,41703,77949,347564,358363,705927
Adelaide,2018,5,3007,3017,6024,187,186,373,3194,3203,6397,Adelaide,294206,295304,589510,34981,39547,74528,329187,334851,664038
Adelaide,2018,6,2862,2864,5726,187,187,374,3049,3051,6100,Adelaide,279737,278632,558369,34610,43963,78573,314347,322595,636942
Adelaide,2018,7,3135,3146,6281,207,208,415,3342,3354,6696,Adelaide,318564,319765,638329,48394,42872,91266,366958,362637,729595
Adelaide,2018,8,3118,3120,6238,204,202,406,3322,3322,6644,Adelaide,303083,299851,602934,43581,43992,87573,346664,343843,690507
Adelaide,2018,9,3049,3046,6095,200,201,401,3249,3247,6496,Adelaide,300580,300750,601330,45590,43804,89394,346170,344554,690724
Adelaide,2018,10,3262,3236,6498,213,213,426,3475,3449,6924,Adelaide,329727,327636,657363,49784,38321,88105,379511,365957,745468
Adelaide,2018,11,3121,3114,6235,215,215,430,3336,3329,6665,Adelaide,317799,316175,633974,40957,41321,82278,358756,357496,716252
Adelaide,2018,12,3016,3009,6025,230,230,460,3246,3239,6485,Adelaide,309982,309368,619350,44574,54951,99525,354556,364319,718875
Adelaide,2019,1,2995,3000,5995,237,237,474,3232,3237,6469,Adelaide,293965,298986,592951,58221,49255,107476,352186,348241,700427
Adelaide,2019,2,2874,2868,5742,199,199,398,3073,3067,6140,Adelaide,278620,272735,551355,44990,35260,80250,323610,307995,631605
Adelaide,2019,3,3193,3187,6380,205,206,411,3398,3393,6791,Adelaide,314477,318070,632547,38857,39981,78838,353334,358051,711385
Adelaide,2019,4,3062,3056,6118,211,211,422,3273,3267,6540,Adelaide,315393,315365,630758,40996,46294,87290,356389,361659,718048
Adelaide,2019,5,3152,3141,6293,206,205,411,3358,3346,6704,Adelaide,294271,296479,590750,38454,43024,81478,332725,339503,672228
Adelaide,2019,6,2951,2948,5899,212,214,426,3163,3162,6325,Adelaide,279068,275957,555025,40583,47455,88038,319651,323412,643063
Adelaide,2019,7,3205,3210,6415,250,249,499,3455,3459,6914,Adelaide,321154,325056,646210,55934,49299,105233,377088,374355,751443
Adelaide,2019,8,3106,3102,6208,234,233,467,3340,3335,6675,Adelaide,310165,307344,617509,49885,49320,99205,360050,356664,716714
Adelaide,2019,9,3073,3067,6140,235,238,473,3308,3305,6613,Adelaide,308230,308039,616269,53080,51858,104938,361310,359897,721207
Adelaide,2019,10,3239,3228,6467,239,241,480,3478,3469,6947,Adelaide,345636,343411,689047,55867,43338,99205,401503,386749,788252
Adelaide,2019,11,3055,3053,6108,220,222,442,3275,3275,6550,Adelaide,320697,322044,642741,43856,43075,86931,364553,365119,729672
Adelaide,2019,12,3006,2995,6001,263,267,530,3269,3262,6531,Adelaide,311283,311134,622417,48765,60945,109710,360048,372079,732127
Adelaide,2020,1,2855,2851,5706,278,281,559,3133,3132,6265,Adelaide,294269,298774,593043,63966,53541,117507,358235,352315,710550
Adelaide,2020,2,2835,2831,5666,201,200,401,3036,3031,6067,Adelaide,275909,266178,542087,41150,30615,71765,317059,296793,613852
Adelaide,2020,3,2547,2527,5074,138,137,275,2685,2664,5349,Adelaide,192633,193960,386593,23735,18459,42194,216368,212419,428787
Adelaide,2020,4,440,414,854,0,0,0,440,414,854,Adelaide,5462,6383,11845,0,0,0,5462,6383,11845
Adelaide,2020,5,430,418,848,4,4,8,434,422,856,Adelaide,7273,8466,15739,0,0,0,7273,8466,15739
Adelaide,2020,6,476,471,947,10,13,23,486,484,970,Adelaide,12264,12993,25257,26,51,77,12290,13044,25334
Adelaide,2020,7,678,685,1363,14,15,29,692,700,1392,Adelaide,25774,27491,53265,350,313,663,26124,27804,53928
Adelaide,2020,8,752,762,1514,20,21,41,772,783,1555,Adelaide,36135,38427,74562,754,661,1415,36889,39088,75977
Adelaide,2020,9,891,893,1784,21,23,44,912,916,1828,Adelaide,49137,50346,99483,1123,590,1713,50260,50936,101196
Adelaide,2020,10,1157,1169,2326,25,26,51,1182,1195,2377,Adelaide,90979,90918,181897,1509,537,2046,92488,91455,183943
Adelaide,2020,11,1157,1158,2315,33,32,65,1190,1190,2380,Adelaide,70193,73760,143953,959,481,1440,71152,74241,145393
Adelaide,2020,12,1534,1528,3062,35,37,72,1569,1565,3134,Adelaide,112726,108004,220730,1429,710,2139,114155,108714,222869
Adelaide,2021,1,1489,1499,2988,40,38,78,1529,1537,3066,Adelaide,112901,120628,233529,2115,526,2641,115016,121154,236170
Adelaide,2021,2,1408,1412,2820,34,35,69,1442,1447,2889,Adelaide,97732,97565,195297,1919,459,2378,99651,98024,197675
Adelaide,2021,3,2038,2045,4083,37,39,76,2075,2084,4159,Adelaide,171916,171932,343848,2124,413,2537,174040,172345,346385
Adelaide,2021,4,2390,2385,4775,37,38,75,2427,2423,4850,Adelaide,226873,231100,457973,1798,439,2237,228671,231539,460210
Adelaide,2021,5,2470,2470,4940,48,48,96,2518,2518,5036,Adelaide,208206,212298,420504,2823,1464,4287,211029,213762,424791
Adelaide,2021,6,2069,2068,4137,46,47,93,2115,2115,4230,Adelaide,148588,149609,298197,3040,1642,4682,151628,151251,302879
Adelaide,2021,7,1497,1479,2976,48,47,95,1545,1526,3071,Adelaide,65265,66156,131421,2816,2120,4936,68081,68276,136357
Adelaide,2021,8,1066,1070,2136,36,36,72,1102,1106,2208,Adelaide,39127,39952,79079,1063,871,1934,40190,40823,81013
Adelaide,2021,9,1371,1364,2735,35,35,70,1406,1399,2805,Adelaide,78689,81802,160491,1173,681,1854,79862,82483,162345
Adelaide,2021,10,1490,1489,2979,40,39,79,1530,1528,3058,Adelaide,93731,91605,185336,1152,835,1987,94883,92440,187323
Adelaide,2021,11,1747,1755,3502,35,36,71,1782,1791,3573,Adelaide,116813,113929,230742,1180,1299,2479,117993,115228,233221
Adelaide,2021,12,2410,2405,4815,52,51,103,2462,2456,4918,Adelaide,152001,142689,294690,937,2799,3736,152938,145488,298426
Adelaide,2022,1,1910,1912,3822,71,71,142,1981,1983,3964,Adelaide,127555,129736,257291,4211,3718,7929,131766,133454,265220
Adelaide,2022,2,1752,1733,3485,65,65,130,1817,1798,3615,Adelaide,138158,134762,272920,7289,4956,12245,145447,139718,285165
Adelaide,2022,3,2489,2468,4957,72,72,144,2561,2540,5101,Adelaide,222888,220124,443012,7098,8046,15144,229986,228170,458156
Adelaide,2022,4,2795,2793,5588,74,75,149,2869,2868,5737,Adelaide,281960,284961,566921,10306,12112,22418,292266,297073,589339
Adelaide,2022,5,2855,2845,5700,95,95,190,2950,2940,5890,Adelaide,268778,265119,533897,12693,12808,25501,281471,277927,559398
Adelaide,2022,6,2752,2752,5504,104,105,209,2856,2857,5713,Adelaide,263202,258308,521510,13847,17516,31363,277049,275824,552873
Adelaide,2022,7,2760,2757,5517,152,150,302,2912,2907,5819,Adelaide,287105,291796,578901,22259,22240,44499,309364,314036,623400
Adelaide,2022,8,2755,2756,5511,137,138,275,2892,2894,5786,Adelaide,269233,261865,531098,21150,20231,41381,290383,282096,572479
Adelaide,2022,9,2672,2662,5334,128,128,256,2800,2790,5590,Adelaide,276769,271841,548610,23363,22819,46182,300132,294660,594792
Adelaide,2022,10,2806,2808,5614,134,134,268,2940,2942,5882,Adelaide,304480,300696,605176,25603,22827,48430,330083,323523,653606
Adelaide,2022,11,2749,2746,5495,148,147,295,2897,2893,5790,Adelaide,289145,290101,579246,26291,25667,51958,315436,315768,631204
Adelaide,2022,12,2852,2859,5711,203,206,409,3055,3065,6120,Adelaide,286051,282226,568277,28493,34434,62927,314544,316660,631204
Adelaide,2023,1,2865,2861,5726,237,239,476,3102,3100,6202,Adelaide,274435,279785,554220,41237,34113,75350,315672,313898,629570
Adelaide,2023,2,2686,2677,5363,193,193,386,2879,2870,5749,Adelaide,255626,250364,505990,30587,24931,55518,286213,275295,561508
Adelaide,2023,3,3068,3050,6118,222,221,443,3290,3271,6561,Adelaide,310519,306729,617248,33742,30455,64197,344261,337184,681445
Adelaide,2023,4,2977,2970,5947,254,257,511,3231,3227,6458,Adelaide,299384,301115,600499,36738,38284,75022,336122,339399,675521
Adelaide,2023,5,3077,3078,6155,218,216,434,3295,3294,6589,Adelaide,296058,291446,587504,31211,33022,64233,327269,324468,651737
Adelaide,2023,6,2873,2861,5734,218,219,437,3091,3080,6171,Adelaide,272888,275630,548518,31799,35432,67231,304687,311062,615749
Adelaide,2023,7,2955,2954,5909,276,275,551,3231,3229,6460,Adelaide,299971,306821,606792,45312,40896,86208,345283,347717,693000
Adelaide,2023,8,2991,2984,5975,229,230,459,3220,3214,6434,Adelaide,299771,293865,593636,36548,33483,70031,336319,327348,663667
Adelaide,2023,9,2941,2928,5869,211,212,423,3152,3140,6292,Adelaide,297536,300179,597715,39684,37768,77452,337220,337947,675167
Adelaide,2023,10,3079,3077,6156,229,230,459,3308,3307,6615,Adelaide,331244,327522,658766,44490,35907,80397,375734,363429,739163
Adelaide,2023,11,2979,2958,5937,196,194,390,3175,3152,6327,Adelaide,317671,320807,638478,36152,34700,70852,353823,355507,709330
Adelaide,2023,12,2954,2953,5907,286,288,574,3240,3241,6481,Adelaide,306084,300922,607006,41665,52958,94623,347749,353880,701629
Adelaide,2024,1,2938,2937,5875,314,312,626,3252,3249,6501,Adelaide,298535,303488,602023,59785,42023,101808,358320,345511,703831
Adelaide,2024,2,2820,2813,5633,199,199,398,3019,3012,6031,Adelaide,293471,285493,578964,37176,29696,66872,330647,315189,645836
Adelaide,2024,3,2979,2964,5943,203,206,409,3182,3170,6352,Adelaide,320056,311979,632035,33433,35570,69003,353489,347549,701038
Adelaide,2024,4,3078,3078,6156,234,233,467,3312,3311,6623,Adelaide,320260,331591,651851,40476,41307,81783,360736,372898,733634
Adelaide,2024,5,3047,3035,6082,201,199,400,3248,3234,6482,Adelaide,290654,292244,582898,35227,37267,72494,325881,329511,655392
Adelaide,2024,6,2832,2830,5662,202,203,405,3034,3033,6067,Adelaide,271998,275389,547387,37588,42099,79687,309586,317488,627074
Adelaide,2024,7,3081,3077,6158,228,227,455,3309,3304,6613,Adelaide,309997,310862,620859,47983,43207,91190,357980,354069,712049
Adelaide,2024,8,2900,2890,5790,180,181,361,3080,3071,6151,Adelaide,301159,297791,598950,36769,36542,73311,337928,334333,672261
Adelaide,2024,9,2879,2880,5759,180,181,361,3059,3061,6120,Adelaide,303309,304488,607797,36630,36812,73442,339939,341300,681239
Adelaide,2024,10,2996,2988,5984,202,201,403,3198,3189,6387,Adelaide,340774,335237,676011,40835,35579,76414,381609,370816,752425
Adelaide,2024,11,2818,2811,5629,220,220,440,3038,3031,6069,Adelaide,323664,323699,647363,40857,41848,82705,364521,365547,730068
Adelaide,2024,12,2886,2885,5771,234,235,469,3120,3120,6240,Adelaide,320167,320888,641055,44204,51530,95734,364371,372418,736789
Adelaide,2025,1,2813,2814,5627,253,252,505,3066,3066,6132,Adelaide,310370,308403,618773,57473,49001,106474,367843,357404,725247
Adelaide,2025,2,2597,2589,5186,217,219,436,2814,2808,5622,Adelaide,281456,272438,553894,43742,35612,79354,325198,308050,633248
Adelaide,2025,3,2841,2835,5676,234,235,469,3075,3070,6145,Adelaide,316986,315084,632070,38869,39156,78025,355855,354240,710095
Adelaide,2025,4,2860,2859,5719,248,249,497,3108,3108,6216,Adelaide,318158,321469,639627,42042,48663,90705,360200,370132,730332
Adelaide,2025,5,2784,2778,5562,255,258,513,3039,3036,6075,Adelaide,292242,292405,584647,44413,46353,90766,336655,338758,675413
Adelaide,2025,6,2725,2722,5447,245,245,490,2970,2967,5937,Adelaide,281379,281662,563041,42945,48625,91570,324324,330287,654611
Alice Springs,1985,1,264,261,525,0,0,0,264,261,525,Alice Springs,19238,17887,37125,0,0,0,19238,17887,37125
Alice Springs,1985,2,243,237,480,0,0,0,243,237,480,Alice Springs,14526,14432,28958,0,0,0,14526,14432,28958
Alice Springs,1985,3,284,281,565,0,0,0,284,281,565,Alice Springs,17940,17696,35636,0,0,0,17940,17696,35636
Alice Springs,1985,4,261,258,519,0,0,0,261,258,519,Alice Springs,17801,17930,35731,0,0,0,17801,17930,35731
Alice Springs,1985,5,298,294,592,0,0,0,298,294,592,Alice Springs,20768,21099,41867,0,0,0,20768,21099,41867
Alice Springs,1985,6,277,284,561,0,0,0,277,284,561,Alice Springs,19806,20302,40108,0,0,0,19806,20302,40108
Alice Springs,1985,7,303,299,602,0,0,0,303,299,602,Alice Springs,22723,22149,44872,0,0,0,22723,22149,44872
Alice Springs,1985,8,326,325,651,0,0,0,326,325,651,Alice Springs,25718,24974,50692,0,0,0,25718,24974,50692
Alice Springs,1985,9,313,312,625,0,0,0,313,312,625,Alice Springs,23090,24534,47624,0,0,0,23090,24534,47624
Alice Springs,1985,10,312,310,622,0,0,0,312,310,622,Alice Springs,22631,22829,45460,0,0,0,22631,22829,45460
Alice Springs,1985,11,321,317,638,0,0,0,321,317,638,Alice Springs,21311,21604,42915,0,0,0,21311,21604,42915
Alice Springs,1985,12,300,294,594,0,0,0,300,294,594,Alice Springs,20944,21666,42610,0,0,0,20944,21666,42610
Alice Springs,1986,1,304,301,605,0,0,0,304,301,605,Alice Springs,23522,22710,46232,0,0,0,23522,22710,46232
Alice Springs,1986,2,277,272,549,0,0,0,277,272,549,Alice Springs,18822,18412,37234,0,0,0,18822,18412,37234
Alice Springs,1986,3,360,356,716,0,0,0,360,356,716,Alice Springs,25573,24760,50333,0,0,0,25573,24760,50333
Alice Springs,1986,4,366,367,733,0,0,0,366,367,733,Alice Springs,26300,26671,52971,0,0,0,26300,26671,52971
Alice Springs,1986,5,325,329,654,0,0,0,325,329,654,Alice Springs,24921,24798,49719,0,0,0,24921,24798,49719
Alice Springs,1986,6,304,304,608,0,0,0,304,304,608,Alice Springs,23238,23464,46702,0,0,0,23238,23464,46702
Alice Springs,1986,7,322,323,645,0,0,0,322,323,645,Alice Springs,27238,27558,54796,0,0,0,27238,27558,54796
Alice Springs,1986,8,356,355,711,0,0,0,356,355,711,Alice Springs,30468,29512,59980,0,0,0,30468,29512,59980
Alice Springs,1986,9,333,336,669,0,0,0,333,336,669,Alice Springs,24455,25216,49671,0,0,0,24455,25216,49671
Alice Springs,1986,10,384,389,773,0,0,0,384,389,773,Alice Springs,26441,26021,52462,0,0,0,26441,26021,52462
Alice Springs,1986,11,389,387,776,0,0,0,389,387,776,Alice Springs,25274,25101,50375,0,0,0,25274,25101,50375
Alice Springs,1986,12,380,378,758,0,0,0,380,378,758,Alice Springs,23802,24611,48413,0,0,0,23802,24611,48413
Alice Springs,1987,1,413,445,858,0,0,0,413,445,858,Alice Springs,29116,28706,57822,0,0,0,29116,28706,57822
Alice Springs,1987,2,388,386,774,0,0,0,388,386,774,Alice Springs,22669,22801,45470,0,0,0,22669,22801,45470
Alice Springs,1987,3,396,393,789,0,0,0,396,393,789,Alice Springs,24588,24783,49371,0,0,0,24588,24783,49371
Alice Springs,1987,4,376,372,748,0,0,0,376,372,748,Alice Springs,26325,26172,52497,0,0,0,26325,26172,52497
Alice Springs,1987,5,391,390,781,0,0,0,391,390,781,Alice Springs,24884,25363,50247,0,0,0,24884,25363,50247
Alice Springs,1987,6,405,406,811,0,0,0,405,406,811,Alice Springs,25014,24886,49900,0,0,0,25014,24886,49900
Alice Springs,1987,7,451,448,899,0,0,0,451,448,899,Alice Springs,36477,37990,74467,0,0,0,36477,37990,74467
Alice Springs,1987,8,430,431,861,0,0,0,430,431,861,Alice Springs,32288,32862,65150,0,0,0,32288,32862,65150
Alice Springs,1987,9,440,443,883,0,0,0,440,443,883,Alice Springs,30668,30513,61181,0,0,0,30668,30513,61181
Alice Springs,1987,10,484,488,972,0,0,0,484,488,972,Alice Springs,33020,34321,67341,0,0,0,33020,34321,67341
Alice Springs,1987,11,456,452,908,0,0,0,456,452,908,Alice Springs,29306,29399,58705,0,0,0,29306,29399,58705
Alice Springs,1987,12,413,409,822,0,0,0,413,409,822,Alice Springs,28057,28855,56912,0,0,0,28057,28855,56912
Alice Springs,1988,1,418,410,828,0,0,0,418,410,828,Alice Springs,31782,31489,63271,0,0,0,31782,31489,63271
Alice Springs,1988,2,359,356,715,0,0,0,359,356,715,Alice Springs,23670,23581,47251,0,0,0,23670,23581,47251
Alice Springs,1988,3,401,399,800,0,0,0,401,399,800,Alice Springs,28059,27548,55607,0,0,0,28059,27548,55607
Alice Springs,1988,4,399,398,797,0,0,0,399,398,797,Alice Springs,28449,29198,57647,0,0,0,28449,29198,57647
Alice Springs,1988,5,381,381,762,0,0,0,381,381,762,Alice Springs,26616,27167,53783,0,0,0,26616,27167,53783
Alice Springs,1988,6,382,372,754,0,0,0,382,372,754,Alice Springs,28119,27784,55903,0,0,0,28119,27784,55903
Alice Springs,1988,7,428,429,857,0,0,0,428,429,857,Alice Springs,37521,38344,75865,0,0,0,37521,38344,75865
Alice Springs,1988,8,421,421,842,0,0,0,421,421,842,Alice Springs,36367,36153,72520,0,0,0,36367,36153,72520
Alice Springs,1988,9,405,404,809,0,0,0,405,404,809,Alice Springs,33399,33196,66595,0,0,0,33399,33196,66595
Alice Springs,1988,10,436,437,873,0,0,0,436,437,873,Alice Springs,34635,35474,70109,0,0,0,34635,35474,70109
Alice Springs,1988,11,416,419,835,0,0,0,416,419,835,Alice Springs,28253,28973,57226,0,0,0,28253,28973,57226
Alice Springs,1988,12,394,393,787,0,0,0,394,393,787,Alice Springs,27144,27749,54893,0,0,0,27144,27749,54893
Alice Springs,1989,1,396,397,793,0,0,0,396,397,793,Alice Springs,29639,29232,58871,0,0,0,29639,29232,58871
Alice Springs,1989,2,348,348,696,0,0,0,348,348,696,Alice Springs,22876,22717,45593,0,0,0,22876,22717,45593
Alice Springs,1989,3,399,397,796,0,0,0,399,397,796,Alice Springs,27796,27721,55517,0,0,0,27796,27721,55517
Alice Springs,1989,4,398,398,796,0,0,0,398,398,796,Alice Springs,27892,28078,55970,0,0,0,27892,28078,55970
Alice Springs,1989,5,383,387,770,0,0,0,383,387,770,Alice Springs,24131,24840,48971,0,0,0,24131,24840,48971
Alice Springs,1989,6,369,368,737,0,0,0,369,368,737,Alice Springs,29689,28707,58396,0,0,0,29689,28707,58396
Alice Springs,1989,7,431,431,862,0,0,0,431,431,862,Alice Springs,39248,40235,79483,0,0,0,39248,40235,79483
Alice Springs,1989,8,275,276,551,0,0,0,275,276,551,Alice Springs,22591,23161,45752,0,0,0,22591,23161,45752
Alice Springs,1989,9,13,13,26,0,0,0,13,13,26,Alice Springs,1005,1091,2096,0,0,0,1005,1091,2096
Alice Springs,1989,10,50,50,100,0,0,0,50,50,100,Alice Springs,3575,3593,7168,0,0,0,3575,3593,7168
Alice Springs,1989,11,111,111,222,0,0,0,111,111,222,Alice Springs,8355,8510,16865,0,0,0,8355,8510,16865
Alice Springs,1989,12,180,180,360,0,0,0,180,180,360,Alice Springs,13058,13440,26498,0,0,0,13058,13440,26498
Alice Springs,1990,1,227,227,454,0,0,0,227,227,454,Alice Springs,18530,18348,36878,0,0,0,18530,18348,36878
Alice Springs,1990,2,251,251,502,0,0,0,251,251,502,Alice Springs,18458,18362,36820,0,0,0,18458,18362,36820
Alice Springs,1990,3,353,354,707,0,0,0,353,354,707,Alice Springs,24163,23835,47998,0,0,0,24163,23835,47998
Alice Springs,1990,4,366,368,734,0,0,0,366,368,734,Alice Springs,26850,26906,53756,0,0,0,26850,26906,53756
Alice Springs,1990,5,389,388,777,0,0,0,389,388,777,Alice Springs,25595,25826,51421,0,0,0,25595,25826,51421
Alice Springs,1990,6,372,371,743,0,0,0,372,371,743,Alice Springs,26460,26193,52653,0,0,0,26460,26193,52653
Alice Springs,1990,7,415,410,825,0,0,0,415,410,825,Alice Springs,36119,36846,72965,0,0,0,36119,36846,72965
Alice Springs,1990,8,396,395,791,0,0,0,396,395,791,Alice Springs,32760,33185,65945,0,0,0,32760,33185,65945
Alice Springs,1990,9,379,378,757,0,0,0,379,378,757,Alice Springs,30630,29582,60212,0,0,0,30630,29582,60212
Alice Springs,1990,10,466,464,930,0,0,0,466,464,930,Alice Springs,32031,33311,65342,0,0,0,32031,33311,65342
Alice Springs,1990,11,480,483,963,0,0,0,480,483,963,Alice Springs,28545,29002,57547,0,0,0,28545,29002,57547
Alice Springs,1990,12,454,455,909,0,0,0,454,455,909,Alice Springs,27906,28613,56519,0,0,0,27906,28613,56519
Alice Springs,1991,1,436,437,873,0,0,0,436,437,873,Alice Springs,33291,32793,66084,0,0,0,33291,32793,66084
Alice Springs,1991,2,398,397,795,0,0,0,398,397,795,Alice Springs,23399,23239,46638,0,0,0,23399,23239,46638
Alice Springs,1991,3,413,413,826,0,0,0,413,413,826,Alice Springs,28937,28622,57559,0,0,0,28937,28622,57559
Alice Springs,1991,4,366,364,730,0,0,0,366,364,730,Alice Springs,29657,30022,59679,0,0,0,29657,30022,59679
Alice Springs,1991,5,381,381,762,0,0,0,381,381,762,Alice Springs,27766,28325,56091,0,0,0,27766,28325,56091
Alice Springs,1991,6,381,381,762,0,0,0,381,381,762,Alice Springs,25372,25606,50978,0,0,0,25372,25606,50978
Alice Springs,1991,7,426,429,855,0,0,0,426,429,855,Alice Springs,33963,33788,67751,0,0,0,33963,33788,67751
Alice Springs,1991,8,450,451,901,0,0,0,450,451,901,Alice Springs,33172,33544,66716,0,0,0,33172,33544,66716
Alice Springs,1991,9,441,441,882,0,0,0,441,441,882,Alice Springs,31090,30616,61706,0,0,0,31090,30616,61706
Alice Springs,1991,10,462,461,923,0,0,0,462,461,923,Alice Springs,32103,32730,64833,0,0,0,32103,32730,64833
Alice Springs,1991,11,464,462,926,0,0,0,464,462,926,Alice Springs,29043,29263,58306,0,0,0,29043,29263,58306
Alice Springs,1991,12,439,439,878,0,0,0,439,439,878,Alice Springs,27513,28474,55987,0,0,0,27513,28474,55987
Alice Springs,1992,1,443,442,885,0,0,0,443,442,885,Alice Springs,30041,29481,59522,0,0,0,30041,29481,59522
Alice Springs,1992,2,392,391,783,0,0,0,392,391,783,Alice Springs,26334,26047,52381,0,0,0,26334,26047,52381
Alice Springs,1992,3,435,434,869,0,0,0,435,434,869,Alice Springs,28666,29007,57673,0,0,0,28666,29007,57673
Alice Springs,1992,4,419,422,841,0,0,0,419,422,841,Alice Springs,30108,30309,60417,0,0,0,30108,30309,60417
Alice Springs,1992,5,429,430,859,0,0,0,429,430,859,Alice Springs,28405,29276,57681,0,0,0,28405,29276,57681
Alice Springs,1992,6,408,407,815,0,0,0,408,407,815,Alice Springs,27315,27474,54789,0,0,0,27315,27474,54789
Alice Springs,1992,7,456,456,912,0,0,0,456,456,912,Alice Springs,35142,35445,70587,0,0,0,35142,35445,70587
Alice Springs,1992,8,458,459,917,0,0,0,458,459,917,Alice Springs,33455,33927,67382,0,0,0,33455,33927,67382
Alice Springs,1992,9,439,437,876,0,0,0,439,437,876,Alice Springs,30080,30360,60440,0,0,0,30080,30360,60440
Alice Springs,1992,10,489,489,978,0,0,0,489,489,978,Alice Springs,35016,35328,70344,0,0,0,35016,35328,70344
Alice Springs,1992,11,474,478,952,0,0,0,474,478,952,Alice Springs,32928,33502,66430,0,0,0,32928,33502,66430
Alice Springs,1992,12,480,480,960,0,0,0,480,480,960,Alice Springs,31131,31692,62823,0,0,0,31131,31692,62823
Alice Springs,1993,1,467,464,931,0,0,0,467,464,931,Alice Springs,31664,31313,62977,0,0,0,31664,31313,62977
Alice Springs,1993,2,445,446,891,0,0,0,445,446,891,Alice Springs,29525,28940,58465,0,0,0,29525,28940,58465
Alice Springs,1993,3,500,500,1000,0,0,0,500,500,1000,Alice Springs,35310,34554,69864,0,0,0,35310,34554,69864
Alice Springs,1993,4,475,474,949,0,0,0,475,474,949,Alice Springs,34061,34970,69031,0,0,0,34061,34970,69031
Alice Springs,1993,5,484,483,967,0,0,0,484,483,967,Alice Springs,33478,34050,67528,0,0,0,33478,34050,67528
Alice Springs,1993,6,493,494,987,0,0,0,493,494,987,Alice Springs,32236,32588,64824,0,0,0,32236,32588,64824
Alice Springs,1993,7,526,530,1056,0,0,0,526,530,1056,Alice Springs,38720,39506,78226,0,0,0,38720,39506,78226
Alice Springs,1993,8,532,528,1060,0,0,0,532,528,1060,Alice Springs,39246,40618,79864,0,0,0,39246,40618,79864
Alice Springs,1993,9,505,503,1008,0,0,0,505,503,1008,Alice Springs,35204,35276,70480,0,0,0,35204,35276,70480
Alice Springs,1993,10,551,548,1099,0,0,0,551,548,1099,Alice Springs,40901,41550,82451,0,0,0,40901,41550,82451
Alice Springs,1993,11,532,525,1057,0,0,0,532,525,1057,Alice Springs,39226,40015,79241,0,0,0,39226,40015,79241
Alice Springs,1993,12,538,538,1076,0,0,0,538,538,1076,Alice Springs,35311,36884,72195,0,0,0,35311,36884,72195
Alice Springs,1994,1,546,546,1092,0,0,0,546,546,1092,Alice Springs,36791,36792,73583,0,0,0,36791,36792,73583
Alice Springs,1994,2,468,468,936,0,0,0,468,468,936,Alice Springs,33367,33231,66598,0,0,0,33367,33231,66598
Alice Springs,1994,3,526,525,1051,0,0,0,526,525,1051,Alice Springs,40177,40198,80375,0,0,0,40177,40198,80375
Alice Springs,1994,4,514,515,1029,0,0,0,514,515,1029,Alice Springs,36193,36766,72959,0,0,0,36193,36766,72959
Alice Springs,1994,5,527,527,1054,0,0,0,527,527,1054,Alice Springs,33557,34839,68396,0,0,0,33557,34839,68396
Alice Springs,1994,6,550,549,1099,0,0,0,550,549,1099,Alice Springs,34276,34451,68727,0,0,0,34276,34451,68727
Alice Springs,1994,7,603,602,1205,0,0,0,603,602,1205,Alice Springs,42593,43816,86409,0,0,0,42593,43816,86409
Alice Springs,1994,8,581,581,1162,0,0,0,581,581,1162,Alice Springs,42904,44656,87560,0,0,0,42904,44656,87560
Alice Springs,1994,9,568,567,1135,0,0,0,568,567,1135,Alice Springs,38606,39286,77892,0,0,0,38606,39286,77892
Alice Springs,1994,10,605,609,1214,0,0,0,605,609,1214,Alice Springs,43295,45103,88398,0,0,0,43295,45103,88398
Alice Springs,1994,11,589,590,1179,0,0,0,589,590,1179,Alice Springs,41663,42845,84508,0,0,0,41663,42845,84508
Alice Springs,1994,12,610,609,1219,0,0,0,610,609,1219,Alice Springs,37948,39696,77644,0,0,0,37948,39696,77644
Alice Springs,1995,1,597,597,1194,0,0,0,597,597,1194,Alice Springs,39743,39947,79690,0,0,0,39743,39947,79690
Alice Springs,1995,2,535,534,1069,0,0,0,535,534,1069,Alice Springs,34020,34690,68710,0,0,0,34020,34690,68710
Alice Springs,1995,3,592,590,1182,0,0,0,592,590,1182,Alice Springs,40831,41745,82576,0,0,0,40831,41745,82576
Alice Springs,1995,4,568,568,1136,0,0,0,568,568,1136,Alice Springs,37469,38356,75825,0,0,0,37469,38356,75825
Alice Springs,1995,5,567,565,1132,0,0,0,567,565,1132,Alice Springs,35508,36891,72399,0,0,0,35508,36891,72399
Alice Springs,1995,6,551,550,1101,0,0,0,551,550,1101,Alice Springs,35575,36416,71991,0,0,0,35575,36416,71991
Alice Springs,1995,7,593,594,1187,0,0,0,593,594,1187,Alice Springs,41492,42348,83840,0,0,0,41492,42348,83840
Alice Springs,1995,8,585,584,1169,0,0,0,585,584,1169,Alice Springs,42045,44070,86115,0,0,0,42045,44070,86115
Alice Springs,1995,9,575,574,1149,0,0,0,575,574,1149,Alice Springs,36924,37391,74315,0,0,0,36924,37391,74315
Alice Springs,1995,10,591,593,1184,0,0,0,591,593,1184,Alice Springs,39287,40862,80149,0,0,0,39287,40862,80149
Alice Springs,1995,11,515,518,1033,0,0,0,515,518,1033,Alice Springs,32880,35204,68084,0,0,0,32880,35204,68084
Alice Springs,1995,12,546,546,1092,0,0,0,546,546,1092,Alice Springs,31749,33329,65078,0,0,0,31749,33329,65078
Alice Springs,1996,1,529,529,1058,0,0,0,529,529,1058,Alice Springs,33148,33223,66371,0,0,0,33148,33223,66371
Alice Springs,1996,2,501,502,1003,0,0,0,501,502,1003,Alice Springs,30510,31002,61512,0,0,0,30510,31002,61512
Alice Springs,1996,3,537,538,1075,0,0,0,537,538,1075,Alice Springs,34246,34574,68820,0,0,0,34246,34574,68820
Alice Springs,1996,4,519,519,1038,0,0,0,519,519,1038,Alice Springs,33591,34585,68176,0,0,0,33591,34585,68176
Alice Springs,1996,5,535,535,1070,0,0,0,535,535,1070,Alice Springs,31673,32690,64363,0,0,0,31673,32690,64363
Alice Springs,1996,6,530,528,1058,0,0,0,530,528,1058,Alice Springs,33051,33400,66451,0,0,0,33051,33400,66451
Alice Springs,1996,7,546,547,1093,0,0,0,546,547,1093,Alice Springs,38742,39380,78122,0,0,0,38742,39380,78122
Alice Springs,1996,8,545,544,1089,0,0,0,545,544,1089,Alice Springs,38099,39335,77434,0,0,0,38099,39335,77434
Alice Springs,1996,9,527,528,1055,0,0,0,527,528,1055,Alice Springs,32840,33254,66094,0,0,0,32840,33254,66094
Alice Springs,1996,10,612,612,1224,0,0,0,612,612,1224,Alice Springs,38069,39508,77577,0,0,0,38069,39508,77577
Alice Springs,1996,11,553,552,1105,0,0,0,553,552,1105,Alice Springs,32440,33719,66159,0,0,0,32440,33719,66159
Alice Springs,1996,12,570,570,1140,0,0,0,570,570,1140,Alice Springs,30644,31974,62618,0,0,0,30644,31974,62618
Alice Springs,1997,1,568,566,1134,0,0,0,568,566,1134,Alice Springs,32573,32289,64862,0,0,0,32573,32289,64862
Alice Springs,1997,2,509,509,1018,0,0,0,509,509,1018,Alice Springs,29097,29145,58242,0,0,0,29097,29145,58242
Alice Springs,1997,3,553,553,1106,0,0,0,553,553,1106,Alice Springs,34207,34116,68323,0,0,0,34207,34116,68323
Alice Springs,1997,4,531,532,1063,0,0,0,531,532,1063,Alice Springs,29621,30223,59844,0,0,0,29621,30223,59844
Alice Springs,1997,5,555,555,1110,0,0,0,555,555,1110,Alice Springs,28870,29329,58199,0,0,0,28870,29329,58199
Alice Springs,1997,6,537,536,1073,0,0,0,537,536,1073,Alice Springs,30129,31148,61277,0,0,0,30129,31148,61277
Alice Springs,1997,7,559,558,1117,0,0,0,559,558,1117,Alice Springs,37414,37739,75153,0,0,0,37414,37739,75153
Alice Springs,1997,8,567,567,1134,0,0,0,567,567,1134,Alice Springs,37971,39197,77168,0,0,0,37971,39197,77168
Alice Springs,1997,9,541,541,1082,0,0,0,541,541,1082,Alice Springs,32257,32087,64344,0,0,0,32257,32087,64344
Alice Springs,1997,10,571,570,1141,0,0,0,571,570,1141,Alice Springs,36062,37308,73370,0,0,0,36062,37308,73370
Alice Springs,1997,11,568,569,1137,0,0,0,568,569,1137,Alice Springs,32025,33121,65146,0,0,0,32025,33121,65146
Alice Springs,1997,12,573,572,1145,0,0,0,573,572,1145,Alice Springs,27581,29020,56601,0,0,0,27581,29020,56601
Alice Springs,1998,1,569,568,1137,0,0,0,569,568,1137,Alice Springs,33147,32680,65827,0,0,0,33147,32680,65827
Alice Springs,1998,2,500,500,1000,0,0,0,500,500,1000,Alice Springs,26371,26918,53289,0,0,0,26371,26918,53289
Alice Springs,1998,3,559,560,1119,0,0,0,559,560,1119,Alice Springs,31632,31206,62838,0,0,0,31632,31206,62838
Alice Springs,1998,4,532,532,1064,0,0,0,532,532,1064,Alice Springs,31362,32521,63883,0,0,0,31362,32521,63883
Alice Springs,1998,5,551,552,1103,0,0,0,551,552,1103,Alice Springs,29174,29968,59142,0,0,0,29174,29968,59142
Alice Springs,1998,6,535,535,1070,0,0,0,535,535,1070,Alice Springs,32203,32243,64446,0,0,0,32203,32243,64446
Alice Springs,1998,7,552,553,1105,0,0,0,552,553,1105,Alice Springs,37719,38431,76150,0,0,0,37719,38431,76150
Alice Springs,1998,8,559,558,1117,0,0,0,559,558,1117,Alice Springs,38125,39187,77312,0,0,0,38125,39187,77312
Alice Springs,1998,9,536,537,1073,0,0,0,536,537,1073,Alice Springs,33963,34904,68867,0,0,0,33963,34904,68867
Alice Springs,1998,10,559,557,1116,0,0,0,559,557,1116,Alice Springs,37927,38936,76863,0,0,0,37927,38936,76863
Alice Springs,1998,11,534,536,1070,0,0,0,534,536,1070,Alice Springs,33535,34567,68102,0,0,0,33535,34567,68102
Alice Springs,1998,12,518,517,1035,0,0,0,518,517,1035,Alice Springs,28765,30537,59302,0,0,0,28765,30537,59302
Alice Springs,1999,1,499,499,998,0,0,0,499,499,998,Alice Springs,30473,30651,61124,0,0,0,30473,30651,61124
Alice Springs,1999,2,483,485,968,0,0,0,483,485,968,Alice Springs,26233,26435,52668,0,0,0,26233,26435,52668
Alice Springs,1999,3,535,535,1070,0,0,0,535,535,1070,Alice Springs,32205,32323,64528,0,0,0,32205,32323,64528
Alice Springs,1999,4,525,524,1049,0,0,0,525,524,1049,Alice Springs,32182,32653,64835,0,0,0,32182,32653,64835
Alice Springs,1999,5,536,536,1072,0,0,0,536,536,1072,Alice Springs,31325,32023,63348,0,0,0,31325,32023,63348
Alice Springs,1999,6,512,512,1024,0,0,0,512,512,1024,Alice Springs,34498,35107,69605,0,0,0,34498,35107,69605
Alice Springs,1999,7,542,542,1084,0,0,0,542,542,1084,Alice Springs,37278,38120,75398,0,0,0,37278,38120,75398
Alice Springs,1999,8,540,540,1080,0,0,0,540,540,1080,Alice Springs,36883,38152,75035,0,0,0,36883,38152,75035
Alice Springs,1999,9,521,521,1042,0,0,0,521,521,1042,Alice Springs,34227,34178,68405,0,0,0,34227,34178,68405
Alice Springs,1999,10,538,539,1077,0,0,0,538,539,1077,Alice Springs,35912,37344,73256,0,0,0,35912,37344,73256
Alice Springs,1999,11,536,539,1075,0,0,0,536,539,1075,Alice Springs,31859,33066,64925,0,0,0,31859,33066,64925
Alice Springs,1999,12,524,524,1048,0,0,0,524,524,1048,Alice Springs,27885,29613,57498,0,0,0,27885,29613,57498
Alice Springs,2000,1,516,517,1033,0,0,0,516,517,1033,Alice Springs,28552,27927,56479,0,0,0,28552,27927,56479
Alice Springs,2000,2,510,509,1019,0,0,0,510,509,1019,Alice Springs,27448,26772,54220,0,0,0,27448,26772,54220
Alice Springs,2000,3,536,536,1072,0,0,0,536,536,1072,Alice Springs,29987,29703,59690,0,0,0,29987,29703,59690
Alice Springs,2000,4,546,544,1090,0,0,0,546,544,1090,Alice Springs,32540,32960,65500,0,0,0,32540,32960,65500
Alice Springs,2000,5,540,537,1077,0,0,0,540,537,1077,Alice Springs,31262,32158,63420,0,0,0,31262,32158,63420
Alice Springs,2000,6,523,521,1044,0,0,0,523,521,1044,Alice Springs,33107,33892,66999,0,0,0,33107,33892,66999
Alice Springs,2000,7,475,475,950,0,0,0,475,475,950,Alice Springs,36803,36944,73747,0,0,0,36803,36944,73747
Alice Springs,2000,8,447,447,894,0,0,0,447,447,894,Alice Springs,35803,37529,73332,0,0,0,35803,37529,73332
Alice Springs,2000,9,436,434,870,0,0,0,436,434,870,Alice Springs,31861,33028,64889,0,0,0,31861,33028,64889
Alice Springs,2000,10,492,495,987,0,0,0,492,495,987,Alice Springs,33457,33370,66827,0,0,0,33457,33370,66827
Alice Springs,2000,11,467,469,936,0,0,0,467,469,936,Alice Springs,29861,32170,62031,0,0,0,29861,32170,62031
Alice Springs,2000,12,478,479,957,0,0,0,478,479,957,Alice Springs,24998,27142,52140,0,0,0,24998,27142,52140
Alice Springs,2001,1,459,462,921,0,0,0,459,462,921,Alice Springs,25811,25331,51142,0,0,0,25811,25331,51142
Alice Springs,2001,2,435,435,870,0,0,0,435,435,870,Alice Springs,22255,22403,44658,0,0,0,22255,22403,44658
Alice Springs,2001,3,488,492,980,0,0,0,488,492,980,Alice Springs,27959,28140,56099,0,0,0,27959,28140,56099
Alice Springs,2001,4,475,482,957,0,0,0,475,482,957,Alice Springs,28372,28750,57122,0,0,0,28372,28750,57122
Alice Springs,2001,5,485,488,973,0,0,0,485,488,973,Alice Springs,27569,28405,55974,0,0,0,27569,28405,55974
Alice Springs,2001,6,480,479,959,0,0,0,480,479,959,Alice Springs,28584,29087,57671,0,0,0,28584,29087,57671
Alice Springs,2001,7,503,505,1008,0,0,0,503,505,1008,Alice Springs,34587,35352,69939,0,0,0,34587,35352,69939
Alice Springs,2001,8,490,492,982,0,0,0,490,492,982,Alice Springs,31476,33595,65071,0,0,0,31476,33595,65071
Alice Springs,2001,9,332,331,663,0,0,0,332,331,663,Alice Springs,25809,25410,51219,0,0,0,25809,25410,51219
Alice Springs,2001,10,284,283,567,0,0,0,284,283,567,Alice Springs,23047,22706,45753,0,0,0,23047,22706,45753
Alice Springs,2001,11,288,287,575,0,0,0,288,287,575,Alice Springs,21191,21793,42984,0,0,0,21191,21793,42984
Alice Springs,2001,12,299,299,598,0,0,0,299,299,598,Alice Springs,18084,19999,38083,0,0,0,18084,19999,38083
Alice Springs,2002,1,283,283,566,0,0,0,283,283,566,Alice Springs,19300,18510,37810,0,0,0,19300,18510,37810
Alice Springs,2002,2,257,258,515,0,0,0,257,258,515,Alice Springs,18262,17805,36067,0,0,0,18262,17805,36067
Alice Springs,2002,3,293,292,585,0,0,0,293,292,585,Alice Springs,21829,21684,43513,0,0,0,21829,21684,43513
Alice Springs,2002,4,288,288,576,0,0,0,288,288,576,Alice Springs,21415,21621,43036,0,0,0,21415,21621,43036
Alice Springs,2002,5,294,294,588,0,0,0,294,294,588,Alice Springs,20950,21889,42839,0,0,0,20950,21889,42839
Alice Springs,2002,6,317,316,633,0,0,0,317,316,633,Alice Springs,22347,22848,45195,0,0,0,22347,22848,45195
Alice Springs,2002,7,342,340,682,0,0,0,342,340,682,Alice Springs,27789,28297,56086,0,0,0,27789,28297,56086
Alice Springs,2002,8,341,340,681,0,0,0,341,340,681,Alice Springs,26703,27809,54512,0,0,0,26703,27809,54512
Alice Springs,2002,9,336,338,674,0,0,0,336,338,674,Alice Springs,25337,25748,51085,0,0,0,25337,25748,51085
Alice Springs,2002,10,343,341,684,0,0,0,343,341,684,Alice Springs,27258,27802,55060,0,0,0,27258,27802,55060
Alice Springs,2002,11,299,296,595,0,0,0,299,296,595,Alice Springs,23203,24044,47247,0,0,0,23203,24044,47247
Alice Springs,2002,12,295,296,591,0,0,0,295,296,591,Alice Springs,19783,22001,41784,0,0,0,19783,22001,41784
Alice Springs,2003,1,293,292,585,0,0,0,293,292,585,Alice Springs,20730,20587,41317,0,0,0,20730,20587,41317
Alice Springs,2003,2,269,269,538,0,0,0,269,269,538,Alice Springs,19333,18877,38210,0,0,0,19333,18877,38210
Alice Springs,2003,3,309,311,620,0,0,0,309,311,620,Alice Springs,22207,22531,44738,0,0,0,22207,22531,44738
Alice Springs,2003,4,314,315,629,0,0,0,314,315,629,Alice Springs,22395,22989,45384,0,0,0,22395,22989,45384
Alice Springs,2003,5,333,333,666,0,0,0,333,333,666,Alice Springs,22117,22509,44626,0,0,0,22117,22509,44626
Alice Springs,2003,6,350,352,702,0,0,0,350,352,702,Alice Springs,25557,26198,51755,0,0,0,25557,26198,51755
Alice Springs,2003,7,358,358,716,0,0,0,358,358,716,Alice Springs,29649,30198,59847,0,0,0,29649,30198,59847
Alice Springs,2003,8,367,368,735,0,0,0,367,368,735,Alice Springs,28627,29726,58353,0,0,0,28627,29726,58353
Alice Springs,2003,9,355,355,710,0,0,0,355,355,710,Alice Springs,26754,25666,52420,0,0,0,26754,25666,52420
Alice Springs,2003,10,360,360,720,0,0,0,360,360,720,Alice Springs,27537,28647,56184,0,0,0,27537,28647,56184
Alice Springs,2003,11,310,308,618,0,0,0,310,308,618,Alice Springs,23610,24464,48074,0,0,0,23610,24464,48074
Alice Springs,2003,12,322,321,643,0,0,0,322,321,643,Alice Springs,21759,23750,45509,0,0,0,21759,23750,45509
Alice Springs,2004,1,319,318,637,0,0,0,319,318,637,Alice Springs,22856,22426,45282,0,0,0,22856,22426,45282
Alice Springs,2004,2,299,299,598,0,0,0,299,299,598,Alice Springs,21697,21326,43023,0,0,0,21697,21326,43023
Alice Springs,2004,3,316,316,632,0,0,0,316,316,632,Alice Springs,24862,25085,49947,0,0,0,24862,25085,49947
Alice Springs,2004,4,311,309,620,0,0,0,311,309,620,Alice Springs,25577,25787,51364,0,0,0,25577,25787,51364
Alice Springs,2004,5,322,324,646,0,0,0,322,324,646,Alice Springs,23172,23867,47039,0,0,0,23172,23867,47039
Alice Springs,2004,6,312,313,625,0,0,0,312,313,625,Alice Springs,25293,25416,50709,0,0,0,25293,25416,50709
Alice Springs,2004,7,327,327,654,0,0,0,327,327,654,Alice Springs,30596,31780,62376,0,0,0,30596,31780,62376
Alice Springs,2004,8,327,327,654,0,0,0,327,327,654,Alice Springs,28897,30062,58959,0,0,0,28897,30062,58959
Alice Springs,2004,9,310,310,620,0,0,0,310,310,620,Alice Springs,26245,26569,52814,0,0,0,26245,26569,52814
Alice Springs,2004,10,319,319,638,0,0,0,319,319,638,Alice Springs,28135,28586,56721,0,0,0,28135,28586,56721
Alice Springs,2004,11,301,303,604,0,0,0,301,303,604,Alice Springs,24394,24946,49340,0,0,0,24394,24946,49340
Alice Springs,2004,12,304,304,608,0,0,0,304,304,608,Alice Springs,19657,22677,42334,0,0,0,19657,22677,42334
Alice Springs,2005,1,316,317,633,0,0,0,316,317,633,Alice Springs,23354,22355,45709,0,0,0,23354,22355,45709
Alice Springs,2005,2,280,280,560,0,0,0,280,280,560,Alice Springs,20839,21144,41983,0,0,0,20839,21144,41983
Alice Springs,2005,3,306,305,611,0,0,0,306,305,611,Alice Springs,24412,24569,48981,0,0,0,24412,24569,48981
Alice Springs,2005,4,302,302,604,0,0,0,302,302,604,Alice Springs,24772,25169,49941,0,0,0,24772,25169,49941
Alice Springs,2005,5,309,309,618,0,0,0,309,309,618,Alice Springs,21866,23022,44888,0,0,0,21866,23022,44888
Alice Springs,2005,6,308,309,617,0,0,0,308,309,617,Alice Springs,24044,24815,48859,0,0,0,24044,24815,48859
Alice Springs,2005,7,317,317,634,0,0,0,317,317,634,Alice Springs,30203,31562,61765,0,0,0,30203,31562,61765
Alice Springs,2005,8,315,315,630,0,0,0,315,315,630,Alice Springs,28064,29605,57669,0,0,0,28064,29605,57669
Alice Springs,2005,9,290,290,580,0,0,0,290,290,580,Alice Springs,25214,26029,51243,0,0,0,25214,26029,51243
Alice Springs,2005,10,298,297,595,0,0,0,298,297,595,Alice Springs,27393,27800,55193,0,0,0,27393,27800,55193
Alice Springs,2005,11,291,291,582,0,0,0,291,291,582,Alice Springs,24214,25562,49776,0,0,0,24214,25562,49776
Alice Springs,2005,12,296,295,591,0,0,0,296,295,591,Alice Springs,20069,23004,43073,0,0,0,20069,23004,43073
Alice Springs,2006,1,303,303,606,0,0,0,303,303,606,Alice Springs,23344,22779,46123,0,0,0,23344,22779,46123
Alice Springs,2006,2,266,266,532,0,0,0,266,266,532,Alice Springs,19989,20458,40447,0,0,0,19989,20458,40447
Alice Springs,2006,3,293,291,584,0,0,0,293,291,584,Alice Springs,24007,24663,48670,0,0,0,24007,24663,48670
Alice Springs,2006,4,289,289,578,0,0,0,289,289,578,Alice Springs,25815,26324,52139,0,0,0,25815,26324,52139
Alice Springs,2006,5,297,297,594,0,0,0,297,297,594,Alice Springs,23122,24794,47916,0,0,0,23122,24794,47916
Alice Springs,2006,6,287,285,572,0,0,0,287,285,572,Alice Springs,25275,25784,51059,0,0,0,25275,25784,51059
Alice Springs,2006,7,299,298,597,0,0,0,299,298,597,Alice Springs,30173,31758,61931,0,0,0,30173,31758,61931
Alice Springs,2006,8,298,297,595,0,0,0,298,297,595,Alice Springs,28557,30433,58990,0,0,0,28557,30433,58990
Alice Springs,2006,9,270,269,539,0,0,0,270,269,539,Alice Springs,26819,27721,54540,0,0,0,26819,27721,54540
Alice Springs,2006,10,263,263,526,0,0,0,263,263,526,Alice Springs,28973,29426,58399,0,0,0,28973,29426,58399
Alice Springs,2006,11,251,250,501,0,0,0,251,250,501,Alice Springs,25170,26628,51798,0,0,0,25170,26628,51798
Alice Springs,2006,12,256,255,511,0,0,0,256,255,511,Alice Springs,22511,24366,46877,0,0,0,22511,24366,46877
Alice Springs,2007,1,257,257,514,0,0,0,257,257,514,Alice Springs,22816,21593,44409,0,0,0,22816,21593,44409
Alice Springs,2007,2,235,235,470,0,0,0,235,235,470,Alice Springs,20884,20906,41790,0,0,0,20884,20906,41790
Alice Springs,2007,3,264,264,528,0,0,0,264,264,528,Alice Springs,24998,25740,50738,0,0,0,24998,25740,50738
Alice Springs,2007,4,250,250,500,0,0,0,250,250,500,Alice Springs,25592,25798,51390,0,0,0,25592,25798,51390
Alice Springs,2007,5,256,255,511,0,0,0,256,255,511,Alice Springs,24785,25591,50376,0,0,0,24785,25591,50376
Alice Springs,2007,6,253,253,506,0,0,0,253,253,506,Alice Springs,26601,26487,53088,0,0,0,26601,26487,53088
Alice Springs,2007,7,261,263,524,0,0,0,261,263,524,Alice Springs,30713,32584,63297,0,0,0,30713,32584,63297
Alice Springs,2007,8,256,256,512,0,0,0,256,256,512,Alice Springs,28924,30539,59463,0,0,0,28924,30539,59463
Alice Springs,2007,9,253,253,506,0,0,0,253,253,506,Alice Springs,27261,27686,54947,0,0,0,27261,27686,54947
Alice Springs,2007,10,259,260,519,0,0,0,259,260,519,Alice Springs,29239,29335,58574,0,0,0,29239,29335,58574
Alice Springs,2007,11,261,263,524,0,0,0,261,263,524,Alice Springs,24011,25224,49235,0,0,0,24011,25224,49235
Alice Springs,2007,12,268,268,536,0,0,0,268,268,536,Alice Springs,21739,24479,46218,0,0,0,21739,24479,46218
Alice Springs,2008,1,259,258,517,0,0,0,259,258,517,Alice Springs,22878,21309,44187,0,0,0,22878,21309,44187
Alice Springs,2008,2,243,243,486,0,0,0,243,243,486,Alice Springs,21737,21676,43413,0,0,0,21737,21676,43413
Alice Springs,2008,3,273,273,546,0,0,0,273,273,546,Alice Springs,26427,26055,52482,0,0,0,26427,26055,52482
Alice Springs,2008,4,275,275,550,0,0,0,275,275,550,Alice Springs,25551,26036,51587,0,0,0,25551,26036,51587
Alice Springs,2008,5,285,285,570,0,0,0,285,285,570,Alice Springs,24968,26092,51060,0,0,0,24968,26092,51060
Alice Springs,2008,6,281,281,562,0,0,0,281,281,562,Alice Springs,26771,26191,52962,0,0,0,26771,26191,52962
Alice Springs,2008,7,301,301,602,0,0,0,301,301,602,Alice Springs,33118,34447,67565,0,0,0,33118,34447,67565
Alice Springs,2008,8,292,292,584,0,0,0,292,292,584,Alice Springs,30189,31694,61883,0,0,0,30189,31694,61883
Alice Springs,2008,9,281,281,562,0,0,0,281,281,562,Alice Springs,29717,29310,59027,0,0,0,29717,29310,59027
Alice Springs,2008,10,285,285,570,0,0,0,285,285,570,Alice Springs,29297,30837,60134,0,0,0,29297,30837,60134
Alice Springs,2008,11,265,265,530,0,0,0,265,265,530,Alice Springs,27489,27839,55328,0,0,0,27489,27839,55328
Alice Springs,2008,12,272,272,544,0,0,0,272,272,544,Alice Springs,24208,27044,51252,0,0,0,24208,27044,51252
Ballina,1985,1,0,0,0,0,0,0,0,0,0,Ballina,0,0,0,0,0,0,0,0,0
Ballina,1985,2,0,0,0,0,0,0,0,0,0,Ballina,0,0,0,0,0,0,0,0,0
Ballina,1985,3,0,0,0,0,0,0,0,0,0,Ballina,0,0,0,0,0,0,0,0,0
Ballina,1985,4,0,0,0,0,0,0,0,0,0,Ballina,0,0,0,0,0,0,0,0,0
Ballina,1985,5,0,0,0,0,0,0,0,0,0,Ballina,0,0,0,0,0,0,0,0,0
Ballina,1985,6,0,0,0,0,0,0,0,0,0,Ballina,0,0,0,0,0,0,0,0,0
Ballina,1985,7,0,0,0,0,0,0,0,0,0,Ballina,0,0,0,0,0,0,0,0,0
Ballina,1985,8,0,0,0,0,0,0,0,0,0,Ballina,0,0,0,0,0,0,0,0,0
Ballina,1985,9,0,0,0,0,0,0,0,0,0,Ballina,0,0,0,0,0,0,0,0,0
Ballina,1985,10,0,0,0,0,0,0,0,0,0,Ballina,0,0,0,0,0,0,0,0,0
Ballina,1985,11,0,0,0,0,0,0,0,0,0,Ballina,0,0,0,0,0,0,0,0,0
Ballina,1985,12,0,0,0,0,0,0,0,0,0,Ballina,0,0,0,0,0,0,0,0,0
Ballina,1986,1,0,0,0,0,0,0,0,0,0,Ballina,0,0,0,0,0,0,0,0,0
Ballina,1986,2,0,0,0,0,0,0,0,0,0,Ballina,0,0,0,0,0,0,0,0,0
Ballina,1986,3,0,0,0,0,0,0,0,0,0,Ballina,0,0,0,0,0,0,0,0,0
Ballina,1986,4,0,0,0,0,0,0,0,0,0,Ballina,0,0,0,0,0,0,0,0,0
Ballina,1986,5,0,0,0,0,0,0,0,0,0,Ballina,0,0,0,0,0,0,0,0,0
Ballina,1986,6,0,0,0,0,0,0,0,0,0,Ballina,0,0,0,0,0,0,0,0,0
Ballina,1986,7,0,0,0,0,0,0,0,0,0,Ballina,0,0,0,0,0,0,0,0,0
Ballina,1986,8,0,0,0,0,0,0,0,0,0,Ballina,0,0,0,0,0,0,0,0,0
Ballina,1986,9,0,0,0,0,0,0,0,0,0,Ballina,0,0,0,0,0,0,0,0,0
Ballina,1986,10,0,0,0,0,0,0,0,0,0,Ballina,0,0,0,0,0,0,0,0,0
Ballina,1986,11,0,0,0,0,0,0,0,0,0,Ballina,0,0,0,0,0,0,0,0,0
Ballina,1986,12,12,12,24,0,0,0,12,12,24,Ballina,521,404,925,0,0,0,521,404,925
Ballina,1987,1,31,31,62,0,0,0,31,31,62,Ballina,1122,1026,2148,0,0,0,1122,1026,2148
Ballina,1987,2,29,29,58,0,0,0,29,29,58,Ballina,825,596,1421,0,0,0,825,596,1421
Ballina,1987,3,32,32,64,0,0,0,32,32,64,Ballina,934,770,1704,0,0,0,934,770,1704
Ballina,1987,4,35,35,70,0,0,0,35,35,70,Ballina,1279,991,2270,0,0,0,1279,991,2270
Ballina,1987,5,28,28,56,0,0,0,28,28,56,Ballina,798,693,1491,0,0,0,798,693,1491
Ballina,1987,6,32,32,64,0,0,0,32,32,64,Ballina,976,799,1775,0,0,0,976,799,1775
Ballina,1987,7,113,113,226,0,0,0,113,113,226,Ballina,1310,1124,2434,0,0,0,1310,1124,2434
Ballina,1987,8,137,137,274,0,0,0,137,137,274,Ballina,987,793,1780,0,0,0,987,793,1780
Ballina,1987,9,134,134,268,0,0,0,134,134,268,Ballina,1189,795,1984,0,0,0,1189,795,1984
Ballina,1987,10,144,144,288,0,0,0,144,144,288,Ballina,1181,910,2091,0,0,0,1181,910,2091
Ballina,1987,11,145,145,290,0,0,0,145,145,290,Ballina,1034,777,1811,0,0,0,1034,777,1811
Ballina,1987,12,172,172,344,0,0,0,172,172,344,Ballina,1621,1149,2770,0,0,0,1621,1149,2770
Ballina,1988,1,167,167,334,0,0,0,167,167,334,Ballina,1307,1225,2532,0,0,0,1307,1225,2532
Ballina,1988,2,152,152,304,0,0,0,152,152,304,Ballina,1042,785,1827,0,0,0,1042,785,1827
Ballina,1988,3,170,170,340,0,0,0,170,170,340,Ballina,1195,863,2058,0,0,0,1195,863,2058
Ballina,1988,4,165,165,330,0,0,0,165,165,330,Ballina,1411,1250,2661,0,0,0,1411,1250,2661
Ballina,1988,5,140,140,280,0,0,0,140,140,280,Ballina,1163,873,2036,0,0,0,1163,873,2036
Ballina,1988,6,142,142,284,0,0,0,142,142,284,Ballina,1301,926,2227,0,0,0,1301,926,2227
Ballina,1988,7,176,176,352,0,0,0,176,176,352,Ballina,1532,1182,2714,0,0,0,1532,1182,2714
Ballina,1988,8,165,165,330,0,0,0,165,165,330,Ballina,1221,961,2182,0,0,0,1221,961,2182
Ballina,1988,9,195,195,390,0,0,0,195,195,390,Ballina,1819,1346,3165,0,0,0,1819,1346,3165
Ballina,1988,10,198,198,396,0,0,0,198,198,396,Ballina,1742,1482,3224,0,0,0,1742,1482,3224
Ballina,1988,11,164,164,328,0,0,0,164,164,328,Ballina,1253,1073,2326,0,0,0,1253,1073,2326
Ballina,1988,12,186,186,372,0,0,0,186,186,372,Ballina,1839,1408,3247,0,0,0,1839,1408,3247
Ballina,1989,1,203,203,406,0,0,0,203,203,406,Ballina,1531,1499,3030,0,0,0,1531,1499,3030
Ballina,1989,2,206,206,412,0,0,0,206,206,412,Ballina,1132,942,2074,0,0,0,1132,942,2074
Ballina,1989,3,215,215,430,0,0,0,215,215,430,Ballina,1366,1151,2517,0,0,0,1366,1151,2517
Ballina,1989,4,217,217,434,0,0,0,217,217,434,Ballina,1481,1364,2845,0,0,0,1481,1364,2845
Ballina,1989,5,219,218,437,0,0,0,219,218,437,Ballina,1297,1073,2370,0,0,0,1297,1073,2370
Ballina,1989,6,231,231,462,0,0,0,231,231,462,Ballina,1378,1017,2395,0,0,0,1378,1017,2395
Ballina,1989,7,258,258,516,0,0,0,258,258,516,Ballina,1509,1260,2769,0,0,0,1509,1260,2769
Ballina,1989,8,235,235,470,0,0,0,235,235,470,Ballina,728,624,1352,0,0,0,728,624,1352
Ballina,1989,9,236,236,472,0,0,0,236,236,472,Ballina,49,82,131,0,0,0,49,82,131
Ballina,1989,10,212,212,424,0,0,0,212,212,424,Ballina,59,56,115,0,0,0,59,56,115
Ballina,1989,11,206,206,412,0,0,0,206,206,412,Ballina,91,99,190,0,0,0,91,99,190
Ballina,1989,12,228,228,456,0,0,0,228,228,456,Ballina,511,343,854,0,0,0,511,343,854
Ballina,1990,1,235,235,470,0,0,0,235,235,470,Ballina,1254,1257,2511,0,0,0,1254,1257,2511
Ballina,1990,2,208,207,415,0,0,0,208,207,415,Ballina,1489,1581,3070,0,0,0,1489,1581,3070
Ballina,1990,3,239,239,478,0,0,0,239,239,478,Ballina,1681,1859,3540,0,0,0,1681,1859,3540
Ballina,1990,4,259,258,517,0,0,0,259,258,517,Ballina,2446,2252,4698,0,0,0,2446,2252,4698
Ballina,1990,5,253,253,506,0,0,0,253,253,506,Ballina,2095,1885,3980,0,0,0,2095,1885,3980
Ballina,1990,6,261,261,522,0,0,0,261,261,522,Ballina,2259,1831,4090,0,0,0,2259,1831,4090
Ballina,1990,7,160,160,320,0,0,0,160,160,320,Ballina,2522,1987,4509,0,0,0,2522,1987,4509
Ballina,1990,8,166,166,332,0,0,0,166,166,332,Ballina,2367,1989,4356,0,0,0,2367,1989,4356
Ballina,1990,9,193,194,387,0,0,0,193,194,387,Ballina,2797,2282,5079,0,0,0,2797,2282,5079
Ballina,1990,10,196,196,392,0,0,0,196,196,392,Ballina,2636,2234,4870,0,0,0,2636,2234,4870
Ballina,1990,11,184,185,369,0,0,0,184,185,369,Ballina,2541,2169,4710,0,0,0,2541,2169,4710
Ballina,1990,12,184,184,368,0,0,0,184,184,368,Ballina,2751,2142,4893,0,0,0,2751,2142,4893
Ballina,1991,1,294,294,588,0,0,0,294,294,588,Ballina,2428,2492,4920,0,0,0,2428,2492,4920
Ballina,1991,2,243,243,486,0,0,0,243,243,486,Ballina,1684,1496,3180,0,0,0,1684,1496,3180
Ballina,1991,3,296,292,588,0,0,0,296,292,588,Ballina,2402,1768,4170,0,0,0,2402,1768,4170
Ballina,1991,4,296,296,592,0,0,0,296,296,592,Ballina,2263,2113,4376,0,0,0,2263,2113,4376
Ballina,1991,5,332,332,664,0,0,0,332,332,664,Ballina,1843,2014,3857,0,0,0,1843,2014,3857
Ballina,1991,6,355,342,697,0,0,0,355,342,697,Ballina,2062,2155,4217,0,0,0,2062,2155,4217
Ballina,1991,7,364,362,726,0,0,0,364,362,726,Ballina,2128,2369,4497,0,0,0,2128,2369,4497
Ballina,1991,8,331,331,662,0,0,0,331,331,662,Ballina,1890,1988,3878,0,0,0,1890,1988,3878
Ballina,1991,9,338,330,668,0,0,0,338,330,668,Ballina,2111,2249,4360,0,0,0,2111,2249,4360
Ballina,1991,10,355,354,709,0,0,0,355,354,709,Ballina,2733,2760,5493,0,0,0,2733,2760,5493
Ballina,1991,11,344,345,689,0,0,0,344,345,689,Ballina,2693,2741,5434,0,0,0,2693,2741,5434
Ballina,1991,12,119,106,225,0,0,0,119,106,225,Ballina,3237,2865,6102,0,0,0,3237,2865,6102
Ballina,1992,1,114,106,220,0,0,0,114,106,220,Ballina,3153,3400,6553,0,0,0,3153,3400,6553
Ballina,1992,2,102,102,204,0,0,0,102,102,204,Ballina,2617,2716,5333,0,0,0,2617,2716,5333
Ballina,1992,3,92,83,175,0,0,0,92,83,175,Ballina,2724,2641,5365,0,0,0,2724,2641,5365
Ballina,1992,4,110,109,219,0,0,0,110,109,219,Ballina,2948,2964,5912,0,0,0,2948,2964,5912
Ballina,1992,5,179,177,356,0,0,0,179,177,356,Ballina,2717,2486,5203,0,0,0,2717,2486,5203
Ballina,1992,6,176,175,351,0,0,0,176,175,351,Ballina,2542,2360,4902,0,0,0,2542,2360,4902
Ballina,1992,7,180,180,360,0,0,0,180,180,360,Ballina,2720,2730,5450,0,0,0,2720,2730,5450
Ballina,1992,8,176,177,353,0,0,0,176,177,353,Ballina,2444,2291,4735,0,0,0,2444,2291,4735
Ballina,1992,9,178,178,356,0,0,0,178,178,356,Ballina,2776,2676,5452,0,0,0,2776,2676,5452
Ballina,1992,10,179,179,358,0,0,0,179,179,358,Ballina,2853,2897,5750,0,0,0,2853,2897,5750
Ballina,1992,11,176,176,352,0,0,0,176,176,352,Ballina,2496,2527,5023,0,0,0,2496,2527,5023
Ballina,1992,12,192,193,385,0,0,0,192,193,385,Ballina,3240,2945,6185,0,0,0,3240,2945,6185
Ballina,1993,1,76,77,153,0,0,0,76,77,153,Ballina,2802,3231,6033,0,0,0,2802,3231,6033
Ballina,1993,2,65,65,130,0,0,0,65,65,130,Ballina,2206,2250,4456,0,0,0,2206,2250,4456
Ballina,1993,3,72,72,144,0,0,0,72,72,144,Ballina,2331,2230,4561,0,0,0,2331,2230,4561
Ballina,1993,4,67,67,134,0,0,0,67,67,134,Ballina,2703,2756,5459,0,0,0,2703,2756,5459
Ballina,1993,5,75,70,145,0,0,0,75,70,145,Ballina,2534,2261,4795,0,0,0,2534,2261,4795
Ballina,1993,6,68,68,136,0,0,0,68,68,136,Ballina,2332,2272,4604,0,0,0,2332,2272,4604
Ballina,1993,7,70,70,140,0,0,0,70,70,140,Ballina,2544,2608,5152,0,0,0,2544,2608,5152
Ballina,1993,8,71,71,142,0,0,0,71,71,142,Ballina,2458,2446,4904,0,0,0,2458,2446,4904
Ballina,1993,9,69,69,138,0,0,0,69,69,138,Ballina,2872,2801,5673,0,0,0,2872,2801,5673
Ballina,1993,10,70,70,140,0,0,0,70,70,140,Ballina,2962,3100,6062,0,0,0,2962,3100,6062
Ballina,1993,11,69,69,138,0,0,0,69,69,138,Ballina,2816,2881,5697,0,0,0,2816,2881,5697
Ballina,1993,12,78,78,156,0,0,0,78,78,156,Ballina,3517,3257,6774,0,0,0,3517,3257,6774
Ballina,1994,1,81,81,162,0,0,0,81,81,162,Ballina,3054,3620,6674,0,0,0,3054,3620,6674
Ballina,1994,2,64,64,128,0,0,0,64,64,128,Ballina,2462,2553,5015,0,0,0,2462,2553,5015
Ballina,1994,3,77,77,154,0,0,0,77,77,154,Ballina,3180,3106,6286,0,0,0,3180,3106,6286
Ballina,1994,4,73,73,146,0,0,0,73,73,146,Ballina,2876,3079,5955,0,0,0,2876,3079,5955
Ballina,1994,5,77,77,154,0,0,0,77,77,154,Ballina,2777,2713,5490,0,0,0,2777,2713,5490
Ballina,1994,6,72,72,144,0,0,0,72,72,144,Ballina,2957,2921,5878,0,0,0,2957,2921,5878
Ballina,1994,7,76,76,152,0,0,0,76,76,152,Ballina,2914,2974,5888,0,0,0,2914,2974,5888
Ballina,1994,8,76,76,152,0,0,0,76,76,152,Ballina,2741,2766,5507,0,0,0,2741,2766,5507
Ballina,1994,9,73,73,146,0,0,0,73,73,146,Ballina,3225,3159,6384,0,0,0,3225,3159,6384
Ballina,1994,10,78,78,156,0,0,0,78,78,156,Ballina,3413,3418,6831,0,0,0,3413,3418,6831
Ballina,1994,11,73,74,147,0,0,0,73,74,147,Ballina,2977,3126,6103,0,0,0,2977,3126,6103
Ballina,1994,12,80,80,160,0,0,0,80,80,160,Ballina,3666,3311,6977,0,0,0,3666,3311,6977
Ballina,1995,1,85,85,170,0,0,0,85,85,170,Ballina,3474,3861,7335,0,0,0,3474,3861,7335
Ballina,1995,2,77,76,153,0,0,0,77,76,153,Ballina,2631,2694,5325,0,0,0,2631,2694,5325
Ballina,1995,3,100,101,201,0,0,0,100,101,201,Ballina,2784,2889,5673,0,0,0,2784,2889,5673
Ballina,1995,4,106,106,212,0,0,0,106,106,212,Ballina,3530,3368,6898,0,0,0,3530,3368,6898
Ballina,1995,5,104,104,208,0,0,0,104,104,208,Ballina,2947,2834,5781,0,0,0,2947,2834,5781
Ballina,1995,6,104,104,208,0,0,0,104,104,208,Ballina,2949,2879,5828,0,0,0,2949,2879,5828
Ballina,1995,7,106,106,212,0,0,0,106,106,212,Ballina,3055,2944,5999,0,0,0,3055,2944,5999
Ballina,1995,8,111,110,221,0,0,0,111,110,221,Ballina,3169,3236,6405,0,0,0,3169,3236,6405
Ballina,1995,9,105,105,210,0,0,0,105,105,210,Ballina,3407,3108,6515,0,0,0,3407,3108,6515
Ballina,1995,10,98,98,196,0,0,0,98,98,196,Ballina,3216,3363,6579,0,0,0,3216,3363,6579
Ballina,1995,11,102,101,203,0,0,0,102,101,203,Ballina,3355,3366,6721,0,0,0,3355,3366,6721
Ballina,1995,12,101,101,202,0,0,0,101,101,202,Ballina,3844,3373,7217,0,0,0,3844,3373,7217
Ballina,1996,1,110,110,220,0,0,0,110,110,220,Ballina,3487,3834,7321,0,0,0,3487,3834,7321
Ballina,1996,2,104,104,208,0,0,0,104,104,208,Ballina,2965,3001,5966,0,0,0,2965,3001,5966
Ballina,1996,3,107,107,214,0,0,0,107,107,214,Ballina,3257,3254,6511,0,0,0,3257,3254,6511
Ballina,1996,4,84,84,168,0,0,0,84,84,168,Ballina,3511,3325,6836,0,0,0,3511,3325,6836
Ballina,1996,5,84,84,168,0,0,0,84,84,168,Ballina,3446,3302,6748,0,0,0,3446,3302,6748
Ballina,1996,6,78,78,156,0,0,0,78,78,156,Ballina,3336,3123,6459,0,0,0,3336,3123,6459
Ballina,1996,7,85,85,170,0,0,0,85,85,170,Ballina,3285,3110,6395,0,0,0,3285,3110,6395
Ballina,1996,8,82,82,164,0,0,0,82,82,164,Ballina,3216,3134,6350,0,0,0,3216,3134,6350
Ballina,1996,9,109,108,217,0,0,0,109,108,217,Ballina,3811,3447,7258,0,0,0,3811,3447,7258
Ballina,1996,10,115,115,230,0,0,0,115,115,230,Ballina,4014,3957,7971,0,0,0,4014,3957,7971
Ballina,1996,11,105,106,211,0,0,0,105,106,211,Ballina,3522,3414,6936,0,0,0,3522,3414,6936
Ballina,1996,12,112,111,223,0,0,0,112,111,223,Ballina,4250,3708,7958,0,0,0,4250,3708,7958
Ballina,1997,1,113,112,225,0,0,0,113,112,225,Ballina,3864,4393,8257,0,0,0,3864,4393,8257
Ballina,1997,2,100,100,200,0,0,0,100,100,200,Ballina,3208,3245,6453,0,0,0,3208,3245,6453
Ballina,1997,3,107,107,214,0,0,0,107,107,214,Ballina,3974,3806,7780,0,0,0,3974,3806,7780
Ballina,1997,4,107,107,214,0,0,0,107,107,214,Ballina,3788,4066,7854,0,0,0,3788,4066,7854
Ballina,1997,5,109,110,219,0,0,0,109,110,219,Ballina,3736,3775,7511,0,0,0,3736,3775,7511
Ballina,1997,6,108,106,214,0,0,0,108,106,214,Ballina,3737,3597,7334,0,0,0,3737,3597,7334
Ballina,1997,7,111,111,222,0,0,0,111,111,222,Ballina,3623,3547,7170,0,0,0,3623,3547,7170
Ballina,1997,8,109,109,218,0,0,0,109,109,218,Ballina,3603,3548,7151,0,0,0,3603,3548,7151
Ballina,1997,9,108,108,216,0,0,0,108,108,216,Ballina,4037,3862,7899,0,0,0,4037,3862,7899
Ballina,1997,10,113,113,226,0,0,0,113,113,226,Ballina,4494,4612,9106,0,0,0,4494,4612,9106
Ballina,1997,11,105,105,210,0,0,0,105,105,210,Ballina,4227,4127,8354,0,0,0,4227,4127,8354
Ballina,1997,12,112,112,224,0,0,0,112,112,224,Ballina,4760,4320,9080,0,0,0,4760,4320,9080
Ballina,1998,1,109,110,219,0,0,0,109,110,219,Ballina,4212,4808,9020,0,0,0,4212,4808,9020
Ballina,1998,2,100,100,200,0,0,0,100,100,200,Ballina,3534,3586,7120,0,0,0,3534,3586,7120
Ballina,1998,3,112,111,223,0,0,0,112,111,223,Ballina,3900,3864,7764,0,0,0,3900,3864,7764
Ballina,1998,4,107,107,214,0,0,0,107,107,214,Ballina,4291,4380,8671,0,0,0,4291,4380,8671
Ballina,1998,5,108,108,216,0,0,0,108,108,216,Ballina,3768,3968,7736,0,0,0,3768,3968,7736
Ballina,1998,6,108,108,216,0,0,0,108,108,216,Ballina,3905,3696,7601,0,0,0,3905,3696,7601
Ballina,1998,7,112,112,224,0,0,0,112,112,224,Ballina,4153,4182,8335,0,0,0,4153,4182,8335
Ballina,1998,8,109,107,216,0,0,0,109,107,216,Ballina,3836,3835,7671,0,0,0,3836,3835,7671
Ballina,1998,9,108,108,216,0,0,0,108,108,216,Ballina,4016,3916,7932,0,0,0,4016,3916,7932
Ballina,1998,10,111,113,224,0,0,0,111,113,224,Ballina,4588,4626,9214,0,0,0,4588,4626,9214
Ballina,1998,11,115,114,229,0,0,0,115,114,229,Ballina,4093,4135,8228,0,0,0,4093,4135,8228
Ballina,1998,12,132,130,262,0,0,0,132,130,262,Ballina,4890,4376,9266,0,0,0,4890,4376,9266
Ballina,1999,1,135,135,270,0,0,0,135,135,270,Ballina,4185,4850,9035,0,0,0,4185,4850,9035
Ballina,1999,2,130,130,260,0,0,0,130,130,260,Ballina,3815,3936,7751,0,0,0,3815,3936,7751
Ballina,1999,3,144,144,288,0,0,0,144,144,288,Ballina,4499,4335,8834,0,0,0,4499,4335,8834
Ballina,1999,4,138,138,276,0,0,0,138,138,276,Ballina,4551,4817,9368,0,0,0,4551,4817,9368
Ballina,1999,5,143,144,287,0,0,0,143,144,287,Ballina,4234,4265,8499,0,0,0,4234,4265,8499
Ballina,1999,6,139,139,278,0,0,0,139,139,278,Ballina,4312,4153,8465,0,0,0,4312,4153,8465
Ballina,1999,7,135,135,270,0,0,0,135,135,270,Ballina,4334,4303,8637,0,0,0,4334,4303,8637
Ballina,1999,8,141,140,281,0,0,0,141,140,281,Ballina,3939,4056,7995,0,0,0,3939,4056,7995
Ballina,1999,9,132,132,264,0,0,0,132,132,264,Ballina,4641,4472,9113,0,0,0,4641,4472,9113
Ballina,1999,10,137,137,274,0,0,0,137,137,274,Ballina,4953,4863,9816,0,0,0,4953,4863,9816
Ballina,1999,11,133,133,266,0,0,0,133,133,266,Ballina,4631,4561,9192,0,0,0,4631,4561,9192
Ballina,1999,12,136,136,272,0,0,0,136,136,272,Ballina,5162,4989,10151,0,0,0,5162,4989,10151
Ballina,2000,1,137,137,274,0,0,0,137,137,274,Ballina,4835,5067,9902,0,0,0,4835,5067,9902
Ballina,2000,2,130,130,260,0,0,0,130,130,260,Ballina,4283,4358,8641,0,0,0,4283,4358,8641
Ballina,2000,3,148,148,296,0,0,0,148,148,296,Ballina,4249,4242,8491,0,0,0,4249,4242,8491
Ballina,2000,4,189,189,378,0,0,0,189,189,378,Ballina,2793,2783,5576,0,0,0,2793,2783,5576
Ballina,2000,5,242,240,482,0,0,0,242,240,482,Ballina,3291,3371,6662,0,0,0,3291,3371,6662
Ballina,2000,6,270,270,540,0,0,0,270,270,540,Ballina,4646,4749,9395,0,0,0,4646,4749,9395
Ballina,2000,7,278,278,556,0,0,0,278,278,556,Ballina,4063,4063,8126,0,0,0,4063,4063,8126
Ballina,2000,8,280,280,560,0,0,0,280,280,560,Ballina,4092,4035,8127,0,0,0,4092,4035,8127
Ballina,2000,9,268,268,536,0,0,0,268,268,536,Ballina,4302,4368,8670,0,0,0,4302,4368,8670
Ballina,2000,10,281,281,562,0,0,0,281,281,562,Ballina,4085,4097,8182,0,0,0,4085,4097,8182
Ballina,2000,11,202,202,404,0,0,0,202,202,404,Ballina,3987,3983,7970,0,0,0,3987,3983,7970
Ballina,2000,12,211,210,421,0,0,0,211,210,421,Ballina,4693,4289,8982,0,0,0,4693,4289,8982
Ballina,2001,1,213,213,426,0,0,0,213,213,426,Ballina,4218,4667,8885,0,0,0,4218,4667,8885
Ballina,2001,2,191,189,380,0,0,0,191,189,380,Ballina,3527,3604,7131,0,0,0,3527,3604,7131
Ballina,2001,3,186,185,371,0,0,0,186,185,371,Ballina,3631,3696,7327,0,0,0,3631,3696,7327
Ballina,2001,4,180,179,359,0,0,0,180,179,359,Ballina,3813,3970,7783,0,0,0,3813,3970,7783
Ballina,2001,5,191,191,382,0,0,0,191,191,382,Ballina,3427,3484,6911,0,0,0,3427,3484,6911
Ballina,2001,6,182,181,363,0,0,0,182,181,363,Ballina,3055,3125,6180,0,0,0,3055,3125,6180
Ballina,2001,7,260,252,512,0,0,0,260,252,512,Ballina,4359,4327,8686,0,0,0,4359,4327,8686
Ballina,2001,8,289,303,592,0,0,0,289,303,592,Ballina,3622,3724,7346,0,0,0,3622,3724,7346
Ballina,2001,9,206,205,411,0,0,0,206,205,411,Ballina,3536,3402,6938,0,0,0,3536,3402,6938
Ballina,2001,10,220,220,440,0,0,0,220,220,440,Ballina,3841,3879,7720,0,0,0,3841,3879,7720
Ballina,2001,11,229,231,460,0,0,0,229,231,460,Ballina,3865,3717,7582,0,0,0,3865,3717,7582
Ballina,2001,12,230,232,462,0,0,0,230,232,462,Ballina,4484,4050,8534,0,0,0,4484,4050,8534
Ballina,2002,1,224,224,448,0,0,0,224,224,448,Ballina,3786,4523,8309,0,0,0,3786,4523,8309
Ballina,2002,2,221,219,440,0,0,0,221,219,440,Ballina,3259,3501,6760,0,0,0,3259,3501,6760
Ballina,2002,3,246,251,497,0,0,0,246,251,497,Ballina,4449,4161,8610,0,0,0,4449,4161,8610
Ballina,2002,4,251,244,495,0,0,0,251,244,495,Ballina,3937,4557,8494,0,0,0,3937,4557,8494
Ballina,2002,5,249,247,496,0,0,0,249,247,496,Ballina,3429,3421,6850,0,0,0,3429,3421,6850
Ballina,2002,6,232,230,462,0,0,0,232,230,462,Ballina,2956,2890,5846,0,0,0,2956,2890,5846
Ballina,2002,7,245,244,489,0,0,0,245,244,489,Ballina,3245,3304,6549,0,0,0,3245,3304,6549
Ballina,2002,8,225,224,449,0,0,0,225,224,449,Ballina,2800,2661,5461,0,0,0,2800,2661,5461
Ballina,2002,9,296,294,590,0,0,0,296,294,590,Ballina,3289,3047,6336,0,0,0,3289,3047,6336
Ballina,2002,10,306,305,611,0,0,0,306,305,611,Ballina,3873,3900,7773,0,0,0,3873,3900,7773
Ballina,2002,11,267,267,534,0,0,0,267,267,534,Ballina,3386,3238,6624,0,0,0,3386,3238,6624
Ballina,2002,12,266,267,533,0,0,0,266,267,533,Ballina,4221,3728,7949,0,0,0,4221,3728,7949
Ballina,2003,1,274,277,551,0,0,0,274,277,551,Ballina,4027,4630,8657,0,0,0,4027,4630,8657
Ballina,2003,2,245,249,494,0,0,0,245,249,494,Ballina,3042,3032,6074,0,0,0,3042,3032,6074
Ballina,2003,3,270,273,543,0,0,0,270,273,543,Ballina,3560,3590,7150,0,0,0,3560,3590,7150
Ballina,2003,4,263,264,527,0,0,0,263,264,527,Ballina,3924,3862,7786,0,0,0,3924,3862,7786
Ballina,2003,5,269,269,538,0,0,0,269,269,538,Ballina,3018,3060,6078,0,0,0,3018,3060,6078
Ballina,2003,6,254,253,507,0,0,0,254,253,507,Ballina,2840,2802,5642,0,0,0,2840,2802,5642
Ballina,2003,7,260,260,520,0,0,0,260,260,520,Ballina,3216,3232,6448,0,0,0,3216,3232,6448
Ballina,2003,8,204,203,407,0,0,0,204,203,407,Ballina,2637,2808,5445,0,0,0,2637,2808,5445
Ballina,2003,9,180,188,368,0,0,0,180,188,368,Ballina,3115,3034,6149,0,0,0,3115,3034,6149
Ballina,2003,10,185,192,377,0,0,0,185,192,377,Ballina,3470,3550,7020,0,0,0,3470,3550,7020
Ballina,2003,11,174,184,358,0,0,0,174,184,358,Ballina,3135,3188,6323,0,0,0,3135,3188,6323
Ballina,2003,12,191,202,393,0,0,0,191,202,393,Ballina,3949,3617,7566,0,0,0,3949,3617,7566
Ballina,2004,1,200,209,409,0,0,0,200,209,409,Ballina,3470,4145,7615,0,0,0,3470,4145,7615
Ballina,2004,2,152,158,310,0,0,0,152,158,310,Ballina,3218,3324,6542,0,0,0,3218,3324,6542
Ballina,2004,3,167,169,336,0,0,0,167,169,336,Ballina,3707,3878,7585,0,0,0,3707,3878,7585
Ballina,2004,4,157,160,317,0,0,0,157,160,317,Ballina,4365,4246,8611,0,0,0,4365,4246,8611
Ballina,2004,5,165,170,335,0,0,0,165,170,335,Ballina,3722,3842,7564,0,0,0,3722,3842,7564
Ballina,2004,6,165,169,334,0,0,0,165,169,334,Ballina,3943,4123,8066,0,0,0,3943,4123,8066
Ballina,2004,7,184,189,373,0,0,0,184,189,373,Ballina,4797,4787,9584,0,0,0,4797,4787,9584
Ballina,2004,8,209,213,422,0,0,0,209,213,422,Ballina,7092,7254,14346,0,0,0,7092,7254,14346
Ballina,2004,9,202,207,409,0,0,0,202,207,409,Ballina,7937,7844,15781,0,0,0,7937,7844,15781
Ballina,2004,10,202,206,408,0,0,0,202,206,408,Ballina,8529,8659,17188,0,0,0,8529,8659,17188
Ballina,2004,11,203,205,408,0,0,0,203,205,408,Ballina,8224,8251,16475,0,0,0,8224,8251,16475
Ballina,2004,12,216,218,434,0,0,0,216,218,434,Ballina,9589,9134,18723,0,0,0,9589,9134,18723
Ballina,2005,1,211,210,421,0,0,0,211,210,421,Ballina,9510,10058,19568,0,0,0,9510,10058,19568
Ballina,2005,2,193,193,386,0,0,0,193,193,386,Ballina,7631,7950,15581,0,0,0,7631,7950,15581
Ballina,2005,3,215,217,432,0,0,0,215,217,432,Ballina,8669,8777,17446,0,0,0,8669,8777,17446
Ballina,2005,4,206,207,413,0,0,0,206,207,413,Ballina,8518,8694,17212,0,0,0,8518,8694,17212
Ballina,2005,5,211,212,423,0,0,0,211,212,423,Ballina,7291,7616,14907,0,0,0,7291,7616,14907
Ballina,2005,6,210,210,420,0,0,0,210,210,420,Ballina,7117,7223,14340,0,0,0,7117,7223,14340
Ballina,2005,7,191,189,380,0,0,0,191,189,380,Ballina,9962,10139,20101,0,0,0,9962,10139,20101
Ballina,2005,8,169,169,338,0,0,0,169,169,338,Ballina,9472,9714,19186,0,0,0,9472,9714,19186
Ballina,2005,9,164,164,328,0,0,0,164,164,328,Ballina,10747,10368,21115,0,0,0,10747,10368,21115
Ballina,2005,10,166,167,333,0,0,0,166,167,333,Ballina,10677,10967,21644,0,0,0,10677,10967,21644
Ballina,2005,11,162,162,324,0,0,0,162,162,324,Ballina,10508,10425,20933,0,0,0,10508,10425,20933
Ballina,2005,12,187,189,376,0,0,0,187,189,376,Ballina,13015,12603,25618,0,0,0,13015,12603,25618
Ballina,2006,1,184,185,369,0,0,0,184,185,369,Ballina,12554,14238,26792,0,0,0,12554,14238,26792
Ballina,2006,2,152,152,304,0,0,0,152,152,304,Ballina,9543,9973,19516,0,0,0,9543,9973,19516
Ballina,2006,3,170,171,341,0,0,0,170,171,341,Ballina,10609,10898,21507,0,0,0,10609,10898,21507
Ballina,2006,4,189,190,379,0,0,0,189,190,379,Ballina,14169,14256,28425,0,0,0,14169,14256,28425
Ballina,2006,5,182,182,364,0,0,0,182,182,364,Ballina,11025,11183,22208,0,0,0,11025,11183,22208
Ballina,2006,6,177,179,356,0,0,0,177,179,356,Ballina,11449,11392,22841,0,0,0,11449,11392,22841
Ballina,2006,7,194,194,388,0,0,0,194,194,388,Ballina,13906,13767,27673,0,0,0,13906,13767,27673
Ballina,2006,8,192,193,385,0,0,0,192,193,385,Ballina,12511,12813,25324,0,0,0,12511,12813,25324
Ballina,2006,9,186,187,373,0,0,0,186,187,373,Ballina,14776,14192,28968,0,0,0,14776,14192,28968
Ballina,2006,10,192,192,384,0,0,0,192,192,384,Ballina,14969,15337,30306,0,0,0,14969,15337,30306
Ballina,2006,11,177,177,354,0,0,0,177,177,354,Ballina,13249,13451,26700,0,0,0,13249,13451,26700
Ballina,2006,12,201,202,403,0,0,0,201,202,403,Ballina,15275,14729,30004,0,0,0,15275,14729,30004
Ballina,2007,1,198,198,396,0,0,0,198,198,396,Ballina,15413,16571,31984,0,0,0,15413,16571,31984
Ballina,2007,2,165,165,330,0,0,0,165,165,330,Ballina,11924,12110,24034,0,0,0,11924,12110,24034
Ballina,2007,3,182,182,364,0,0,0,182,182,364,Ballina,13075,13010,26085,0,0,0,13075,13010,26085
Ballina,2007,4,181,182,363,0,0,0,181,182,363,Ballina,12580,12644,25224,0,0,0,12580,12644,25224
Ballina,2007,5,183,183,366,0,0,0,183,183,366,Ballina,11833,11905,23738,0,0,0,11833,11905,23738
Ballina,2007,6,179,178,357,0,0,0,179,178,357,Ballina,12008,11743,23751,0,0,0,12008,11743,23751
Ballina,2007,7,178,179,357,0,0,0,178,179,357,Ballina,13579,13374,26953,0,0,0,13579,13374,26953
Ballina,2007,8,177,178,355,0,0,0,177,178,355,Ballina,12365,12552,24917,0,0,0,12365,12552,24917
Ballina,2007,9,171,171,342,0,0,0,171,171,342,Ballina,13244,12961,26205,0,0,0,13244,12961,26205
Ballina,2007,10,174,175,349,0,0,0,174,175,349,Ballina,13677,14178,27855,0,0,0,13677,14178,27855
Ballina,2007,11,174,176,350,0,0,0,174,176,350,Ballina,13628,14010,27638,0,0,0,13628,14010,27638
Ballina,2007,12,198,197,395,0,0,0,198,197,395,Ballina,14994,14375,29369,0,0,0,14994,14375,29369
Ballina,2008,1,195,194,389,0,0,0,195,194,389,Ballina,13962,14921,28883,0,0,0,13962,14921,28883
Ballina,2008,2,167,167,334,0,0,0,167,167,334,Ballina,12583,12960,25543,0,0,0,12583,12960,25543
Ballina,2008,3,180,180,360,0,0,0,180,180,360,Ballina,13888,13942,27830,0,0,0,13888,13942,27830
Ballina,2008,4,170,171,341,0,0,0,170,171,341,Ballina,12564,12859,25423,0,0,0,12564,12859,25423
Ballina,2008,5,176,177,353,0,0,0,176,177,353,Ballina,12418,12362,24780,0,0,0,12418,12362,24780
Ballina,2008,6,153,152,305,0,0,0,153,152,305,Ballina,11691,11298,22989,0,0,0,11691,11298,22989
Ballina,2008,7,162,162,324,0,0,0,162,162,324,Ballina,12765,12695,25460,0,0,0,12765,12695,25460
Ballina,2008,8,161,160,321,0,0,0,161,160,321,Ballina,12323,12134,24457,0,0,0,12323,12134,24457
Ballina,2008,9,159,157,316,0,0,0,159,157,316,Ballina,12984,12552,25536,0,0,0,12984,12552,25536
Ballina,2008,10,173,173,346,0,0,0,173,173,346,Ballina,14301,14195,28496,0,0,0,14301,14195,28496
Ballina,2008,11,166,168,334,0,0,0,166,168,334,Ballina,14687,14880,29567,0,0,0,14687,14880,29567
Ballina,2008,12,186,184,370,0,0,0,186,184,370,Ballina,15329,14762,30091,0,0,0,15329,14762,30091
Ballina,2009,1,177,178,355,0,0,0,177,178,355,Ballina,15908,17145,33053,0,0,0,15908,17145,33053
Ballina,2009,2,153,153,306,0,0,0,153,153,306,Ballina,14005,14383,28388,0,0,0,14005,14383,28388
Ballina,2009,3,167,167,334,0,0,0,167,167,334,Ballina,15057,15227,30284,0,0,0,15057,15227,30284
Ballina,2009,4,169,169,338,0,0,0,169,169,338,Ballina,14106,14505,28611,0,0,0,14106,14505,28611
Ballina,2009,5,166,166,332,0,0,0,166,166,332,Ballina,12974,13013,25987,0,0,0,12974,13013,25987
Ballina,2009,6,163,163,326,0,0,0,163,163,326,Ballina,12333,11927,24260,0,0,0,12333,11927,24260
Ballina,2009,7,177,177,354,0,0,0,177,177,354,Ballina,13878,14196,28074,0,0,0,13878,14196,28074
Ballina,2009,8,145,145,290,0,0,0,145,145,290,Ballina,10524,10682,21206,0,0,0,10524,10682,21206
Ballina,2009,9,141,140,281,0,0,0,141,140,281,Ballina,11389,10984,22373,0,0,0,11389,10984,22373
Ballina,2009,10,166,169,335,0,0,0,166,169,335,Ballina,12826,12747,25573,0,0,0,12826,12747,25573
Ballina,2009,11,160,159,319,0,0,0,160,159,319,Ballina,12736,12491,25227,0,0,0,12736,12491,25227
Ballina,2009,12,169,173,342,0,0,0,169,173,342,Ballina,12602,12676,25278,0,0,0,12602,12676,25278
Ballina,2010,1,165,164,329,0,0,0,165,164,329,Ballina,12345,13148,25493,0,0,0,12345,13148,25493
Ballina,2010,2,139,139,278,0,0,0,139,139,278,Ballina,10903,10929,21832,0,0,0,10903,10929,21832
Ballina,2010,3,154,154,308,0,0,0,154,154,308,Ballina,11282,11338,22620,0,0,0,11282,11338,22620
Ballina,2010,4,151,151,302,0,0,0,151,151,302,Ballina,10375,10614,20989,0,0,0,10375,10614,20989
Ballina,2010,5,141,140,281,0,0,0,141,140,281,Ballina,9295,9346,18641,0,0,0,9295,9346,18641
Ballina,2010,6,140,141,281,0,0,0,140,141,281,Ballina,8547,8531,17078,0,0,0,8547,8531,17078
Ballina,2010,7,146,146,292,0,0,0,146,146,292,Ballina,10340,10053,20393,0,0,0,10340,10053,20393
Ballina,2010,8,152,151,303,0,0,0,152,151,303,Ballina,10601,10387,20988,0,0,0,10601,10387,20988
Ballina,2010,9,164,164,328,0,0,0,164,164,328,Ballina,11961,11206,23167,0,0,0,11961,11206,23167
Ballina,2010,10,168,169,337,0,0,0,168,169,337,Ballina,12623,13407,26030,0,0,0,12623,13407,26030
Ballina,2010,11,150,150,300,0,0,0,150,150,300,Ballina,11610,11485,23095,0,0,0,11610,11485,23095
Ballina,2010,12,191,190,381,0,0,0,191,190,381,Ballina,14405,14158,28563,0,0,0,14405,14158,28563
Ballina,2011,1,171,170,341,0,0,0,171,170,341,Ballina,14507,16411,30918,0,0,0,14507,16411,30918
Ballina,2011,2,142,141,283,0,0,0,142,141,283,Ballina,11708,11897,23605,0,0,0,11708,11897,23605
Ballina,2011,3,159,159,318,0,0,0,159,159,318,Ballina,12864,13188,26052,0,0,0,12864,13188,26052
Ballina,2011,4,158,159,317,0,0,0,158,159,317,Ballina,13126,13075,26201,0,0,0,13126,13075,26201
Ballina,2011,5,152,152,304,0,0,0,152,152,304,Ballina,10696,11369,22065,0,0,0,10696,11369,22065
Ballina,2011,6,140,140,280,0,0,0,140,140,280,Ballina,10144,10101,20245,0,0,0,10144,10101,20245
Ballina,2011,7,156,156,312,0,0,0,156,156,312,Ballina,13150,13011,26161,0,0,0,13150,13011,26161
Ballina,2011,8,156,155,311,0,0,0,156,155,311,Ballina,11550,12010,23560,0,0,0,11550,12010,23560
Ballina,2011,9,159,159,318,0,0,0,159,159,318,Ballina,14019,13116,27135,0,0,0,14019,13116,27135
Ballina,2011,10,160,158,318,0,0,0,160,158,318,Ballina,13536,14114,27650,0,0,0,13536,14114,27650
Ballina,2011,11,162,155,317,0,0,0,162,155,317,Ballina,13089,13060,26149,0,0,0,13089,13060,26149
Ballina,2011,12,171,170,341,0,0,0,171,170,341,Ballina,15756,15002,30758,0,0,0,15756,15002,30758
Ballina,2012,1,187,187,374,0,0,0,187,187,374,Ballina,17159,18871,36030,0,0,0,17159,18871,36030
Ballina,2012,2,154,149,303,0,0,0,154,149,303,Ballina,11864,12078,23942,0,0,0,11864,12078,23942
Ballina,2012,3,162,161,323,0,0,0,162,161,323,Ballina,13097,13152,26249,0,0,0,13097,13152,26249
Ballina,2012,4,181,178,359,0,0,0,181,178,359,Ballina,14958,15119,30077,0,0,0,14958,15119,30077
Ballina,2012,5,174,170,344,0,0,0,174,170,344,Ballina,12359,12738,25097,0,0,0,12359,12738,25097
Ballina,2012,6,157,154,311,0,0,0,157,154,311,Ballina,12002,11339,23341,0,0,0,12002,11339,23341
Ballina,2012,7,201,194,395,0,0,0,201,194,395,Ballina,13998,14481,28479,0,0,0,13998,14481,28479
Ballina,2012,8,191,185,376,0,0,0,191,185,376,Ballina,13031,13376,26407,0,0,0,13031,13376,26407
Ballina,2012,9,181,175,356,0,0,0,181,175,356,Ballina,15200,14538,29738,0,0,0,15200,14538,29738
Ballina,2012,10,193,189,382,0,0,0,193,189,382,Ballina,15682,16492,32174,0,0,0,15682,16492,32174
Ballina,2012,11,171,168,339,0,0,0,171,168,339,Ballina,15070,15099,30169,0,0,0,15070,15099,30169
Ballina,2012,12,189,187,376,0,0,0,189,187,376,Ballina,17720,16588,34308,0,0,0,17720,16588,34308
Ballina,2013,1,200,196,396,0,0,0,200,196,396,Ballina,17319,19332,36651,0,0,0,17319,19332,36651
Ballina,2013,2,144,140,284,0,0,0,144,140,284,Ballina,11303,11795,23098,0,0,0,11303,11795,23098
Ballina,2013,3,179,173,352,0,0,0,179,173,352,Ballina,14423,13705,28128,0,0,0,14423,13705,28128
Ballina,2013,4,210,206,416,0,0,0,210,206,416,Ballina,16197,17705,33902,0,0,0,16197,17705,33902
Ballina,2013,5,192,183,375,0,0,0,192,183,375,Ballina,13735,13983,27718,0,0,0,13735,13983,27718
Ballina,2013,6,185,183,368,0,0,0,185,183,368,Ballina,14258,14033,28291,0,0,0,14258,14033,28291
Ballina,2013,7,200,197,397,0,0,0,200,197,397,Ballina,16020,16237,32257,0,0,0,16020,16237,32257
Ballina,2013,8,179,178,357,0,0,0,179,178,357,Ballina,14164,14148,28312,0,0,0,14164,14148,28312
Ballina,2013,9,202,199,401,0,0,0,202,199,401,Ballina,17534,16433,33967,0,0,0,17534,16433,33967
Ballina,2013,10,207,202,409,0,0,0,207,202,409,Ballina,17876,19052,36928,0,0,0,17876,19052,36928
Ballina,2013,11,180,178,358,0,0,0,180,178,358,Ballina,16444,16818,33262,0,0,0,16444,16818,33262
Ballina,2013,12,212,210,422,0,0,0,212,210,422,Ballina,20927,18906,39833,0,0,0,20927,18906,39833
Ballina,2014,1,207,207,414,0,0,0,207,207,414,Ballina,20119,22230,42349,0,0,0,20119,22230,42349
Ballina,2014,2,163,162,325,0,0,0,163,162,325,Ballina,14861,15231,30092,0,0,0,14861,15231,30092
Ballina,2014,3,185,184,369,0,0,0,185,184,369,Ballina,15663,16084,31747,0,0,0,15663,16084,31747
Ballina,2014,4,193,192,385,0,0,0,193,192,385,Ballina,16926,17256,34182,0,0,0,16926,17256,34182
Ballina,2014,5,158,158,316,0,0,0,158,158,316,Ballina,13210,13552,26762,0,0,0,13210,13552,26762
Ballina,2014,6,166,164,330,0,0,0,166,164,330,Ballina,14762,14552,29314,0,0,0,14762,14552,29314
Ballina,2014,7,194,193,387,0,0,0,194,193,387,Ballina,17839,18283,36122,0,0,0,17839,18283,36122
Ballina,2014,8,173,171,344,0,0,0,173,171,344,Ballina,14707,15200,29907,0,0,0,14707,15200,29907
Ballina,2014,9,196,196,392,0,0,0,196,196,392,Ballina,19834,19049,38883,0,0,0,19834,19049,38883
Ballina,2014,10,195,194,389,0,0,0,195,194,389,Ballina,19283,19973,39256,0,0,0,19283,19973,39256
Ballina,2014,11,175,175,350,0,0,0,175,175,350,Ballina,18158,18119,36277,0,0,0,18158,18119,36277
Ballina,2014,12,188,189,377,0,0,0,188,189,377,Ballina,20079,19225,39304,0,0,0,20079,19225,39304
Ballina,2015,1,194,193,387,0,0,0,194,193,387,Ballina,21764,23672,45436,0,0,0,21764,23672,45436
Ballina,2015,2,149,149,298,0,0,0,149,149,298,Ballina,15486,15959,31445,0,0,0,15486,15959,31445
Ballina,2015,3,176,175,351,0,0,0,176,175,351,Ballina,18102,17984,36086,0,0,0,18102,17984,36086
Ballina,2015,4,188,186,374,0,0,0,188,186,374,Ballina,19599,20173,39772,0,0,0,19599,20173,39772
Ballina,2015,5,168,168,336,0,0,0,168,168,336,Ballina,15937,16216,32153,0,0,0,15937,16216,32153
Ballina,2015,6,169,170,339,0,0,0,169,170,339,Ballina,16250,16135,32385,0,0,0,16250,16135,32385
Ballina,2015,7,190,190,380,0,0,0,190,190,380,Ballina,18513,19000,37513,0,0,0,18513,19000,37513
Ballina,2015,8,176,176,352,0,0,0,176,176,352,Ballina,17107,17073,34180,0,0,0,17107,17073,34180
Ballina,2015,9,200,199,399,0,0,0,200,199,399,Ballina,21295,20346,41641,0,0,0,21295,20346,41641
Ballina,2015,10,191,192,383,0,0,0,191,192,383,Ballina,21492,22587,44079,0,0,0,21492,22587,44079
Ballina,2015,11,146,145,291,0,0,0,146,145,291,Ballina,18420,18281,36701,0,0,0,18420,18281,36701
Ballina,2015,12,177,176,353,0,0,0,177,176,353,Ballina,22277,21230,43507,0,0,0,22277,21230,43507
Ballina,2016,1,187,184,371,0,0,0,187,184,371,Ballina,22620,24286,46906,0,0,0,22620,24286,46906
Ballina,2016,2,170,170,340,0,0,0,170,170,340,Ballina,18248,18346,36594,0,0,0,18248,18346,36594
Ballina,2016,3,197,197,394,0,0,0,197,197,394,Ballina,21013,20676,41689,0,0,0,21013,20676,41689
Ballina,2016,4,180,181,361,0,0,0,180,181,361,Ballina,19736,20262,39998,0,0,0,19736,20262,39998
Ballina,2016,5,169,168,337,0,0,0,169,168,337,Ballina,16647,17018,33665,0,0,0,16647,17018,33665
Ballina,2016,6,174,174,348,0,0,0,174,174,348,Ballina,16601,15990,32591,0,0,0,16601,15990,32591
Ballina,2016,7,198,198,396,0,0,0,198,198,396,Ballina,20878,21002,41880,0,0,0,20878,21002,41880
Ballina,2016,8,179,178,357,0,0,0,179,178,357,Ballina,16839,17001,33840,0,0,0,16839,17001,33840
Ballina,2016,9,195,195,390,0,0,0,195,195,390,Ballina,22038,20627,42665,0,0,0,22038,20627,42665
Ballina,2016,10,201,201,402,0,0,0,201,201,402,Ballina,23453,23982,47435,0,0,0,23453,23982,47435
Ballina,2016,11,177,177,354,0,0,0,177,177,354,Ballina,20317,20018,40335,0,0,0,20317,20018,40335
Ballina,2016,12,222,223,445,0,0,0,222,223,445,Ballina,25920,24405,50325,0,0,0,25920,24405,50325
Ballina,2017,1,225,224,449,0,0,0,225,224,449,Ballina,24867,27034,51901,0,0,0,24867,27034,51901
Ballina,2017,2,168,168,336,0,0,0,168,168,336,Ballina,18510,18387,36897,0,0,0,18510,18387,36897
Ballina,2017,3,191,189,380,0,0,0,191,189,380,Ballina,20445,20625,41070,0,0,0,20445,20625,41070
Ballina,2017,4,215,214,429,0,0,0,215,214,429,Ballina,24319,24171,48490,0,0,0,24319,24171,48490
Ballina,2017,5,172,171,343,0,0,0,172,171,343,Ballina,16786,17416,34202,0,0,0,16786,17416,34202
Ballina,2017,6,170,171,341,0,0,0,170,171,341,Ballina,17159,16600,33759,0,0,0,17159,16600,33759
Ballina,2017,7,196,194,390,0,0,0,196,194,390,Ballina,20665,20831,41496,0,0,0,20665,20831,41496
Ballina,2017,8,173,172,345,0,0,0,173,172,345,Ballina,16863,16984,33847,0,0,0,16863,16984,33847
Ballina,2017,9,194,195,389,0,0,0,194,195,389,Ballina,22647,21343,43990,0,0,0,22647,21343,43990
Ballina,2017,10,212,210,422,0,0,0,212,210,422,Ballina,24283,25312,49595,0,0,0,24283,25312,49595
Ballina,2017,11,181,181,362,0,0,0,181,181,362,Ballina,21524,21530,43054,0,0,0,21524,21530,43054
Ballina,2017,12,209,210,419,0,0,0,209,210,419,Ballina,26533,24745,51278,0,0,0,26533,24745,51278
Ballina,2018,1,210,209,419,0,0,0,210,209,419,Ballina,27192,29470,56662,0,0,0,27192,29470,56662
Ballina,2018,2,178,176,354,0,0,0,178,176,354,Ballina,20782,20844,41626,0,0,0,20782,20844,41626
Ballina,2018,3,194,194,388,0,0,0,194,194,388,Ballina,22795,21894,44689,0,0,0,22795,21894,44689
Ballina,2018,4,199,197,396,0,0,0,199,197,396,Ballina,23004,24426,47430,0,0,0,23004,24426,47430
Ballina,2018,5,172,172,344,0,0,0,172,172,344,Ballina,18588,18802,37390,0,0,0,18588,18802,37390
Ballina,2018,6,168,167,335,0,0,0,168,167,335,Ballina,18215,17502,35717,0,0,0,18215,17502,35717
Ballina,2018,7,206,205,411,0,0,0,206,205,411,Ballina,22997,23183,46180,0,0,0,22997,23183,46180
Ballina,2018,8,188,187,375,0,0,0,188,187,375,Ballina,20039,20084,40123,0,0,0,20039,20084,40123
Ballina,2018,9,187,187,374,0,0,0,187,187,374,Ballina,21971,20995,42966,0,0,0,21971,20995,42966
Ballina,2018,10,211,209,420,0,0,0,211,209,420,Ballina,25099,25794,50893,0,0,0,25099,25794,50893
Ballina,2018,11,178,178,356,0,0,0,178,178,356,Ballina,21694,21290,42984,0,0,0,21694,21290,42984
Ballina,2018,12,207,207,414,0,0,0,207,207,414,Ballina,26557,24963,51520,0,0,0,26557,24963,51520
Ballina,2019,1,207,205,412,0,0,0,207,205,412,Ballina,27119,29344,56463,0,0,0,27119,29344,56463
Ballina,2019,2,166,162,328,0,0,0,166,162,328,Ballina,18999,19168,38167,0,0,0,18999,19168,38167
Ballina,2019,3,187,187,374,0,0,0,187,187,374,Ballina,22612,22596,45208,0,0,0,22612,22596,45208
Ballina,2019,4,206,206,412,0,0,0,206,206,412,Ballina,24051,23949,48000,0,0,0,24051,23949,48000
Ballina,2019,5,172,172,344,0,0,0,172,172,344,Ballina,18031,18257,36288,0,0,0,18031,18257,36288
Ballina,2019,6,167,166,333,0,0,0,167,166,333,Ballina,17894,17387,35281,0,0,0,17894,17387,35281
Ballina,2019,7,199,198,397,0,0,0,199,198,397,Ballina,22932,23029,45961,0,0,0,22932,23029,45961
Ballina,2019,8,174,175,349,0,0,0,174,175,349,Ballina,19791,19809,39600,0,0,0,19791,19809,39600
Ballina,2019,9,189,184,373,0,0,0,189,184,373,Ballina,22424,21109,43533,0,0,0,22424,21109,43533
Ballina,2019,10,196,196,392,0,0,0,196,196,392,Ballina,23850,24551,48401,0,0,0,23850,24551,48401
Ballina,2019,11,183,184,367,0,0,0,183,184,367,Ballina,22416,22485,44901,0,0,0,22416,22485,44901
Ballina,2019,12,204,202,406,0,0,0,204,202,406,Ballina,27028,24448,51476,0,0,0,27028,24448,51476
Ballina,2020,1,209,207,416,0,0,0,209,207,416,Ballina,27390,30186,57576,0,0,0,27390,30186,57576
Ballina,2020,2,175,171,346,0,0,0,175,171,346,Ballina,20690,20309,40999,0,0,0,20690,20309,40999
Ballina,2020,3,152,153,305,0,0,0,152,153,305,Ballina,13835,14568,28403,0,0,0,13835,14568,28403
Ballina,2020,4,12,11,23,0,0,0,12,11,23,Ballina,195,182,377,0,0,0,195,182,377
Ballina,2020,5,24,25,49,0,0,0,24,25,49,Ballina,1257,1272,2529,0,0,0,1257,1272,2529
Ballina,2020,6,53,53,106,0,0,0,53,53,106,Ballina,4322,3587,7909,0,0,0,4322,3587,7909
Ballina,2020,7,169,169,338,0,0,0,169,169,338,Ballina,15858,15370,31228,0,0,0,15858,15370,31228
Ballina,2020,8,158,158,316,0,0,0,158,158,316,Ballina,13248,13906,27154,0,0,0,13248,13906,27154
Ballina,2020,9,187,187,374,0,0,0,187,187,374,Ballina,18682,17462,36144,0,0,0,18682,17462,36144
Ballina,2020,10,261,261,522,0,0,0,261,261,522,Ballina,25422,25769,51191,0,0,0,25422,25769,51191
Ballina,2020,11,276,275,551,0,0,0,276,275,551,Ballina,29389,26973,56362,0,0,0,29389,26973,56362
Ballina,2020,12,353,350,703,0,0,0,353,350,703,Ballina,35876,31529,67405,0,0,0,35876,31529,67405
Ballina,2021,1,307,307,614,0,0,0,307,307,614,Ballina,28046,31562,59608,0,0,0,28046,31562,59608
Ballina,2021,2,251,251,502,0,0,0,251,251,502,Ballina,25021,24357,49378,0,0,0,25021,24357,49378
Ballina,2021,3,314,309,623,0,0,0,314,309,623,Ballina,28068,28406,56474,0,0,0,28068,28406,56474
Ballina,2021,4,361,360,721,0,0,0,361,360,721,Ballina,29364,29741,59105,0,0,0,29364,29741,59105
Ballina,2021,5,302,302,604,0,0,0,302,302,604,Ballina,25018,26076,51094,0,0,0,25018,26076,51094
Ballina,2021,6,273,275,548,0,0,0,273,275,548,Ballina,22841,20763,43604,0,0,0,22841,20763,43604
Ballina,2021,7,125,125,250,0,0,0,125,125,250,Ballina,3537,5022,8559,0,0,0,3537,5022,8559
Ballina,2021,8,64,64,128,0,0,0,64,64,128,Ballina,1066,1119,2185,0,0,0,1066,1119,2185
Ballina,2021,9,51,51,102,0,0,0,51,51,102,Ballina,1540,1321,2861,0,0,0,1540,1321,2861
Ballina,2021,10,73,72,145,0,0,0,73,72,145,Ballina,3896,4070,7966,0,0,0,3896,4070,7966
Ballina,2021,11,397,395,792,0,0,0,397,395,792,Ballina,40727,36702,77429,0,0,0,40727,36702,77429
Ballina,2021,12,501,500,1001,0,0,0,501,500,1001,Ballina,55978,50443,106421,0,0,0,55978,50443,106421
Ballina,2022,1,421,421,842,0,0,0,421,421,842,Ballina,33426,39287,72713,0,0,0,33426,39287,72713
Ballina,2022,2,236,237,473,0,0,0,236,237,473,Ballina,20886,20946,41832,0,0,0,20886,20946,41832
Ballina,2022,3,272,268,540,0,0,0,272,268,540,Ballina,21359,22365,43724,0,0,0,21359,22365,43724
Ballina,2022,4,358,356,714,0,0,0,358,356,714,Ballina,30264,30175,60439,0,0,0,30264,30175,60439
Ballina,2022,5,348,346,694,0,0,0,348,346,694,Ballina,26383,27292,53675,0,0,0,26383,27292,53675
Ballina,2022,6,296,295,591,0,0,0,296,295,591,Ballina,25244,24336,49580,0,0,0,25244,24336,49580
Ballina,2022,7,246,246,492,0,0,0,246,246,492,Ballina,25628,25714,51342,0,0,0,25628,25714,51342
Ballina,2022,8,238,238,476,0,0,0,238,238,476,Ballina,22354,23191,45545,0,0,0,22354,23191,45545
Ballina,2022,9,228,226,454,0,0,0,228,226,454,Ballina,25795,24241,50036,0,0,0,25795,24241,50036
Ballina,2022,10,237,237,474,0,0,0,237,237,474,Ballina,27176,27849,55025,0,0,0,27176,27849,55025
Ballina,2022,11,262,262,524,0,0,0,262,262,524,Ballina,29717,28972,58689,0,0,0,29717,28972,58689
Ballina,2022,12,279,278,557,0,0,0,279,278,557,Ballina,28435,28278,56713,0,0,0,28435,28278,56713
Ballina,2023,1,288,289,577,0,0,0,288,289,577,Ballina,29525,31981,61506,0,0,0,29525,31981,61506
Ballina,2023,2,234,230,464,0,0,0,234,230,464,Ballina,24589,24374,48963,0,0,0,24589,24374,48963
Ballina,2023,3,267,266,533,0,0,0,267,266,533,Ballina,29482,29328,58810,0,0,0,29482,29328,58810
Ballina,2023,4,251,250,501,0,0,0,251,250,501,Ballina,26230,26146,52376,0,0,0,26230,26146,52376
Ballina,2023,5,226,227,453,0,0,0,226,227,453,Ballina,23516,24455,47971,0,0,0,23516,24455,47971
Ballina,2023,6,238,235,473,0,0,0,238,235,473,Ballina,23442,22194,45636,0,0,0,23442,22194,45636
Ballina,2023,7,256,253,509,0,0,0,256,253,509,Ballina,26226,26480,52706,0,0,0,26226,26480,52706
Ballina,2023,8,252,251,503,0,0,0,252,251,503,Ballina,25100,25478,50578,0,0,0,25100,25478,50578
Ballina,2023,9,233,233,466,0,0,0,233,233,466,Ballina,28237,26806,55043,0,0,0,28237,26806,55043
Ballina,2023,10,221,219,440,0,0,0,221,219,440,Ballina,27510,28163,55673,0,0,0,27510,28163,55673
Ballina,2023,11,206,206,412,0,0,0,206,206,412,Ballina,26925,26298,53223,0,0,0,26925,26298,53223
Ballina,2023,12,225,225,450,0,0,0,225,225,450,Ballina,28729,27966,56695,0,0,0,28729,27966,56695
Ballina,2024,1,219,218,437,0,0,0,219,218,437,Ballina,26601,27920,54521,0,0,0,26601,27920,54521
Ballina,2024,2,195,194,389,0,0,0,195,194,389,Ballina,24718,24905,49623,0,0,0,24718,24905,49623
Ballina,2024,3,210,211,421,0,0,0,210,211,421,Ballina,26858,25954,52812,0,0,0,26858,25954,52812
Ballina,2024,4,212,209,421,0,0,0,212,209,421,Ballina,25631,26794,52425,0,0,0,25631,26794,52425
Ballina,2024,5,182,183,365,0,0,0,182,183,365,Ballina,21835,22396,44231,0,0,0,21835,22396,44231
Ballina,2024,6,177,176,353,0,0,0,177,176,353,Ballina,21503,21225,42728,0,0,0,21503,21225,42728
Ballina,2024,7,217,217,434,0,0,0,217,217,434,Ballina,26249,26428,52677,0,0,0,26249,26428,52677
Ballina,2024,8,201,201,402,0,0,0,201,201,402,Ballina,24886,25156,50042,0,0,0,24886,25156,50042
Ballina,2024,9,203,201,404,0,0,0,203,201,404,Ballina,27439,26218,53657,0,0,0,27439,26218,53657
Ballina,2024,10,213,212,425,0,0,0,213,212,425,Ballina,28977,30004,58981,0,0,0,28977,30004,58981
Ballina,2024,11,203,202,405,0,0,0,203,202,405,Ballina,28675,28789,57464,0,0,0,28675,28789,57464
Ballina,2024,12,209,209,418,0,0,0,209,209,418,Ballina,30117,28942,59059,0,0,0,30117,28942,59059
Ballina,2025,1,207,207,414,0,0,0,207,207,414,Ballina,29111,29961,59072,0,0,0,29111,29961,59072
Ballina,2025,2,168,168,336,0,0,0,168,168,336,Ballina,23640,23582,47222,0,0,0,23640,23582,47222
Ballina,2025,3,159,157,316,0,0,0,159,157,316,Ballina,20974,19983,40957,0,0,0,20974,19983,40957
Ballina,2025,4,185,185,370,0,0,0,185,185,370,Ballina,25251,25482,50733,0,0,0,25251,25482,50733
Ballina,2025,5,151,153,304,0,0,0,151,153,304,Ballina,20354,21207,41561,0,0,0,20354,21207,41561
Ballina,2025,6,152,151,303,0,0,0,152,151,303,Ballina,20173,20475,40648,0,0,0,20173,20475,40648
Brisbane,1985,1,2071,2064,4135,183,183,366,2254,2247,4501,Brisbane,120950,120776,241726,25867,19178,45045,146817,139954,286771
Brisbane,1985,2,1812,1825,3637,158,158,316,1970,1983,3953,Brisbane,81160,83347,164507,15480,15964,31444,96640,99311,195951
Brisbane,1985,3,2077,2049,4126,186,189,375,2263,2238,4501,Brisbane,102047,101849,203896,19853,20203,40056,121900,122052,243952
Brisbane,1985,4,1953,1938,3891,173,171,344,2126,2109,4235,Brisbane,113936,113825,227761,17826,17715,35541,131762,131540,263302
Brisbane,1985,5,2177,2157,4334,183,184,367,2360,2341,4701,Brisbane,125294,123429,248723,18058,17240,35298,143352,140669,284021
Brisbane,1985,6,1905,1904,3809,176,174,350,2081,2078,4159,Brisbane,112589,117916,230505,21490,23819,45309,134079,141735,275814
Brisbane,1985,7,1890,1895,3785,180,178,358,2070,2073,4143,Brisbane,119371,112580,231951,25341,20378,45719,144712,132958,277670
Brisbane,1985,8,2060,2084,4144,192,192,384,2252,2276,4528,Brisbane,139208,130539,269747,19619,20210,39829,158827,150749,309576
Brisbane,1985,9,2038,2054,4092,177,176,353,2215,2230,4445,Brisbane,128804,138577,267381,19782,23022,42804,148586,161599,310185
Brisbane,1985,10,2079,2122,4201,176,176,352,2255,2298,4553,Brisbane,131128,125462,256590,23452,17953,41405,154580,143415,297995
Brisbane,1985,11,1879,1897,3776,191,192,383,2070,2089,4159,Brisbane,118299,115681,233980,19550,19013,38563,137849,134694,272543
Brisbane,1985,12,1946,1957,3903,215,217,432,2161,2174,4335,Brisbane,126004,121589,247593,25054,26399,51453,151058,147988,299046
Brisbane,1986,1,2007,2002,4009,222,220,442,2229,2222,4451,Brisbane,127544,127290,254834,29020,22622,51642,156564,149912,306476
Brisbane,1986,2,1617,1610,3227,199,200,399,1816,1810,3626,Brisbane,100702,100509,201211,18519,17159,35678,119221,117668,236889
Brisbane,1986,3,1868,1900,3768,228,229,457,2096,2129,4225,Brisbane,118788,117880,236668,21789,21054,42843,140577,138934,279511
Brisbane,1986,4,1866,1862,3728,230,225,455,2096,2087,4183,Brisbane,118321,116765,235086,21269,21090,42359,139590,137855,277445
Brisbane,1986,5,2049,2041,4090,258,255,513,2307,2296,4603,Brisbane,127838,126110,253948,21586,22144,43730,149424,148254,297678
Brisbane,1986,6,1877,1866,3743,235,231,466,2112,2097,4209,Brisbane,119830,120612,240442,25989,25327,51316,145819,145939,291758
Brisbane,1986,7,1992,1980,3972,239,235,474,2231,2215,4446,Brisbane,127066,122112,249178,28505,24481,52986,155571,146593,302164
Brisbane,1986,8,2109,2134,4243,238,236,474,2347,2370,4717,Brisbane,148676,140853,289529,25147,25817,50964,173823,166670,340493
Brisbane,1986,9,2075,2070,4145,242,239,481,2317,2309,4626,Brisbane,132457,141321,273778,24248,26517,50765,156705,167838,324543
Brisbane,1986,10,2230,2203,4433,251,240,491,2481,2443,4924,Brisbane,139065,131739,270804,26929,22475,49404,165994,154214,320208
Brisbane,1986,11,2037,2036,4073,242,242,484,2279,2278,4557,Brisbane,127808,126278,254086,24793,24559,49352,152601,150837,303438
Brisbane,1986,12,2143,2143,4286,250,246,496,2393,2389,4782,Brisbane,133164,126223,259387,27937,27687,55624,161101,153910,315011
Brisbane,1987,1,2086,2084,4170,269,269,538,2355,2353,4708,Brisbane,131936,131116,263052,32051,28602,60653,163987,159718,323705
Brisbane,1987,2,1853,1857,3710,224,220,444,2077,2077,4154,Brisbane,111270,108201,219471,22389,21595,43984,133659,129796,263455
Brisbane,1987,3,2009,2006,4015,255,255,510,2264,2261,4525,Brisbane,122545,121941,244486,23636,24857,48493,146181,146798,292979
Brisbane,1987,4,2151,2149,4300,259,264,523,2410,2413,4823,Brisbane,136622,134641,271263,26120,25134,51254,162742,159775,322517
Brisbane,1987,5,2028,2068,4096,283,279,562,2311,2347,4658,Brisbane,125261,122797,248058,26851,27973,54824,152112,150770,302882
Brisbane,1987,6,2251,2252,4503,260,263,523,2511,2515,5026,Brisbane,129935,130005,259940,28685,28309,56994,158620,158314,316934
Brisbane,1987,7,2502,2496,4998,279,286,565,2781,2782,5563,Brisbane,160319,154312,314631,36933,30360,67293,197252,184672,381924
Brisbane,1987,8,2423,2411,4834,285,293,578,2708,2704,5412,Brisbane,147141,144894,292035,32607,32682,65289,179748,177576,357324
Brisbane,1987,9,2305,2308,4613,268,267,535,2573,2575,5148,Brisbane,149544,146631,296175,30109,32301,62410,179653,178932,358585
Brisbane,1987,10,2456,2406,4862,286,289,575,2742,2695,5437,Brisbane,155071,150501,305572,33648,29173,62821,188719,179674,368393
Brisbane,1987,11,2354,2396,4750,274,273,547,2628,2669,5297,Brisbane,138795,136458,275253,28923,29570,58493,167718,166028,333746
Brisbane,1987,12,2458,2438,4896,302,303,605,2760,2741,5501,Brisbane,145605,136160,281765,34211,30734,64945,179816,166894,346710
Brisbane,1988,1,2460,2425,4885,317,323,640,2777,2748,5525,Brisbane,145833,143790,289623,35728,32810,68538,181561,176600,358161
Brisbane,1988,2,2193,2185,4378,282,287,569,2475,2472,4947,Brisbane,125110,121812,246922,28735,26531,55266,153845,148343,302188
Brisbane,1988,3,2404,2417,4821,283,281,564,2687,2698,5385,Brisbane,146827,141359,288186,31490,30965,62455,178317,172324,350641
Brisbane,1988,4,2392,2357,4749,352,356,708,2744,2713,5457,Brisbane,145503,136582,282085,34984,27498,62482,180487,164080,344567
Brisbane,1988,5,2495,2460,4955,387,383,770,2882,2843,5725,Brisbane,160845,160271,321116,40189,39081,79270,201034,199352,400386
Brisbane,1988,6,2611,2594,5205,386,371,757,2997,2965,5962,Brisbane,172607,164703,337310,46167,39129,85296,218774,203832,422606
Brisbane,1988,7,2828,2841,5669,417,419,836,3245,3260,6505,Brisbane,200744,205040,405784,55184,43228,98412,255928,248268,504196
Brisbane,1988,8,2672,2649,5321,390,389,779,3062,3038,6100,Brisbane,191624,192300,383924,52094,46859,98953,243718,239159,482877
Brisbane,1988,9,2817,2801,5618,372,366,738,3189,3167,6356,Brisbane,208179,202893,411072,50352,46935,97287,258531,249828,508359
Brisbane,1988,10,2809,2811,5620,356,361,717,3165,3172,6337,Brisbane,186757,197815,384572,48460,44163,92623,235217,241978,477195
Brisbane,1988,11,2519,2481,5000,323,327,650,2842,2808,5650,Brisbane,145950,148092,294042,35741,38491,74232,181691,186583,368274
Brisbane,1988,12,2482,2482,4964,392,390,782,2874,2872,5746,Brisbane,151613,144962,296575,43160,40821,83981,194773,185783,380556
Brisbane,1989,1,2377,2346,4723,393,395,788,2770,2741,5511,Brisbane,143119,143232,286351,45067,38400,83467,188186,181632,369818
Brisbane,1989,2,2185,2150,4335,328,333,661,2513,2483,4996,Brisbane,120953,119237,240190,32579,30841,63420,153532,150078,303610
Brisbane,1989,3,2609,2626,5235,346,343,689,2955,2969,5924,Brisbane,156718,151496,308214,34331,34405,68736,191049,185901,376950
Brisbane,1989,4,2480,2513,4993,399,399,798,2879,2912,5791,Brisbane,137064,138821,275885,36790,32953,69743,173854,171774,345628
Brisbane,1989,5,2459,2435,4894,386,386,772,2845,2821,5666,Brisbane,136244,134697,270941,35371,35000,70371,171615,169697,341312
Brisbane,1989,6,2481,2455,4936,361,362,723,2842,2817,5659,Brisbane,152848,150004,302852,38169,34614,72783,191017,184618,375635
Brisbane,1989,7,2652,2597,5249,394,394,788,3046,2991,6037,Brisbane,165759,163506,329265,49756,38371,88127,215515,201877,417392
Brisbane,1989,8,1893,1865,3758,382,392,774,2275,2257,4532,Brisbane,105229,105660,210889,43335,45193,88528,148564,150853,299417
Brisbane,1989,9,1172,1136,2308,378,385,763,1550,1521,3071,Brisbane,45219,44264,89483,43377,42769,86146,88596,87033,175629
Brisbane,1989,10,1402,1397,2799,391,397,788,1793,1794,3587,Brisbane,74972,79854,154826,43913,34949,78862,118885,114803,233688
Brisbane,1989,11,1634,1578,3212,389,391,780,2023,1969,3992,Brisbane,95759,96082,191841,41975,37736,79711,137734,133818,271552
Brisbane,1989,12,1857,1844,3701,425,421,846,2282,2265,4547,Brisbane,126008,118296,244304,50229,45944,96173,176237,164240,340477
Brisbane,1990,1,1976,1953,3929,429,426,855,2405,2379,4784,Brisbane,135464,143544,279008,53863,42294,96157,189327,185838,375165
Brisbane,1990,2,1874,1865,3739,386,384,770,2260,2249,4509,Brisbane,120176,120861,241037,40139,33847,73986,160315,154708,315023
Brisbane,1990,3,2294,2259,4553,422,419,841,2716,2678,5394,Brisbane,139995,140503,280498,42431,39361,81792,182426,179864,362290
Brisbane,1990,4,2391,2353,4744,437,436,873,2828,2789,5617,Brisbane,153842,154161,308003,46000,41651,87651,199842,195812,395654
Brisbane,1990,5,2591,2572,5163,443,445,888,3034,3017,6051,Brisbane,139201,139940,279141,40174,38713,78887,179375,178653,358028
Brisbane,1990,6,2485,2470,4955,429,426,855,2914,2896,5810,Brisbane,152983,151933,304916,43619,39650,83269,196602,191583,388185
Brisbane,1990,7,2565,2637,5202,432,432,864,2997,3069,6066,Brisbane,176764,174921,351685,52130,38284,90414,228894,213205,442099
Brisbane,1990,8,2474,2578,5052,437,436,873,2911,3014,5925,Brisbane,167021,167640,334661,47656,46384,94040,214677,214024,428701
Brisbane,1990,9,2526,2648,5174,445,442,887,2971,3090,6061,Brisbane,181635,177395,359030,49066,50422,99488,230701,227817,458518
Brisbane,1990,10,2637,2779,5416,462,464,926,3099,3243,6342,Brisbane,175323,182375,357698,49571,39413,88984,224894,221788,446682
Brisbane,1990,11,2596,2723,5319,469,471,940,3065,3194,6259,Brisbane,162989,162559,325548,44294,40771,85065,207283,203330,410613
Brisbane,1990,12,2440,2560,5000,499,500,999,2939,3060,5999,Brisbane,178058,167691,345749,53188,49816,103004,231246,217507,448753
Brisbane,1991,1,2840,2845,5685,498,496,994,3338,3341,6679,Brisbane,185075,188543,373618,54293,45554,99847,239368,234097,473465
Brisbane,1991,2,2532,2527,5059,438,436,874,2970,2963,5933,Brisbane,139664,136966,276630,40357,38497,78854,180021,175463,355484
Brisbane,1991,3,2901,2888,5789,488,481,969,3389,3369,6758,Brisbane,159973,160204,320177,44622,44346,88968,204595,204550,409145
Brisbane,1991,4,2955,2980,5935,454,457,911,3409,3437,6846,Brisbane,176372,177452,353824,40813,38994,79807,217185,216446,433631
Brisbane,1991,5,3092,3092,6184,472,466,938,3564,3558,7122,Brisbane,175459,173319,348778,40996,42169,83165,216455,215488,431943
Brisbane,1991,6,3113,3102,6215,491,485,976,3604,3587,7191,Brisbane,200214,199780,399994,55148,51339,106487,255362,251119,506481
Brisbane,1991,7,3396,3398,6794,499,500,999,3895,3898,7793,Brisbane,242298,237842,480140,58655,50423,109078,300953,288265,589218
Brisbane,1991,8,3374,3353,6727,500,498,998,3874,3851,7725,Brisbane,232796,231745,464541,54421,55376,109797,287217,287121,574338
Brisbane,1991,9,3425,3423,6848,486,487,973,3911,3910,7821,Brisbane,258957,254605,513562,56516,56101,112617,315473,310706,626179
Brisbane,1991,10,3537,3521,7058,503,502,1005,4040,4023,8063,Brisbane,256845,261854,518699,59201,53587,112788,316046,315441,631487
Brisbane,1991,11,3481,3441,6922,476,477,953,3957,3918,7875,Brisbane,238661,234970,473631,54615,53850,108465,293276,288820,582096
Brisbane,1991,12,3812,3710,7522,506,508,1014,4318,4218,8536,Brisbane,250528,239134,489662,56899,55398,112297,307427,294532,601959
Brisbane,1992,1,3583,3579,7162,512,513,1025,4095,4092,8187,Brisbane,233123,234442,467565,59158,51076,110234,292281,285518,577799
Brisbane,1992,2,3107,3082,6189,470,472,942,3577,3554,7131,Brisbane,181313,178822,360135,51063,49800,100863,232376,228622,460998
Brisbane,1992,3,3405,3344,6749,499,502,1001,3904,3846,7750,Brisbane,189546,187415,376961,50629,49069,99698,240175,236484,476659
Brisbane,1992,4,3445,3421,6866,488,487,975,3933,3908,7841,Brisbane,214319,212303,426622,50413,48707,99120,264732,261010,525742
Brisbane,1992,5,3458,3469,6927,502,499,1001,3960,3968,7928,Brisbane,196870,193493,390363,48666,47417,96083,245536,240910,486446
Brisbane,1992,6,3458,3457,6915,481,481,962,3939,3938,7877,Brisbane,203811,204103,407914,52798,50210,103008,256609,254313,510922
Brisbane,1992,7,3724,3716,7440,508,507,1015,4232,4223,8455,Brisbane,242383,232421,474804,62968,51837,114805,305351,284258,589609
Brisbane,1992,8,3566,3560,7126,503,502,1005,4069,4062,8131,Brisbane,217025,217386,434411,54593,55236,109829,271618,272622,544240
Brisbane,1992,9,3733,3719,7452,494,495,989,4227,4214,8441,Brisbane,242627,239419,482046,55403,58617,114020,298030,298036,596066
Brisbane,1992,10,3864,3860,7724,505,505,1010,4369,4365,8734,Brisbane,247220,246512,493732,64850,50583,115433,312070,297095,609165
Brisbane,1992,11,3740,3741,7481,510,508,1018,4250,4249,8499,Brisbane,222384,218297,440681,59760,53561,113321,282144,271858,554002
Brisbane,1992,12,3804,3797,7601,568,567,1135,4372,4364,8736,Brisbane,242756,227958,470714,68174,68351,136525,310930,296309,607239
Brisbane,1993,1,3763,3765,7528,558,561,1119,4321,4326,8647,Brisbane,256142,257526,513668,76143,62491,138634,332285,320017,652302
Brisbane,1993,2,3327,3329,6656,503,502,1005,3830,3831,7661,Brisbane,197179,193998,391177,55337,52286,107623,252516,246284,498800
Brisbane,1993,3,3535,3561,7096,544,542,1086,4079,4103,8182,Brisbane,216042,212672,428714,61524,56861,118385,277566,269533,547099
Brisbane,1993,4,3397,3427,6824,538,539,1077,3935,3966,7901,Brisbane,234824,232920,467744,60518,56080,116598,295342,289000,584342
Brisbane,1993,5,3550,3580,7130,577,571,1148,4127,4151,8278,Brisbane,213741,210167,423908,57863,58563,116426,271604,268730,540334
Brisbane,1993,6,3555,3551,7106,540,543,1083,4095,4094,8189,Brisbane,223677,225839,449516,64323,62938,127261,288000,288777,576777
Brisbane,1993,7,3762,3767,7529,572,571,1143,4334,4338,8672,Brisbane,244307,239562,483869,74072,58665,132737,318379,298227,616606
Brisbane,1993,8,3800,3808,7608,570,566,1136,4370,4374,8744,Brisbane,239010,240137,479147,66989,67875,134864,305999,308012,614011
Brisbane,1993,9,3839,3841,7680,556,557,1113,4395,4398,8793,Brisbane,249856,249978,499834,63668,66737,130405,313524,316715,630239
Brisbane,1993,10,3980,3976,7956,584,586,1170,4564,4562,9126,Brisbane,253883,257705,511588,76163,62422,138585,330046,320127,650173
Brisbane,1993,11,3725,3727,7452,574,571,1145,4299,4298,8597,Brisbane,237246,237184,474430,65489,65081,130570,302735,302265,605000
Brisbane,1993,12,3837,3836,7673,611,607,1218,4448,4443,8891,Brisbane,249356,238949,488305,73325,76798,150123,322681,315747,638428
Brisbane,1994,1,3715,3716,7431,628,628,1256,4343,4344,8687,Brisbane,248303,254939,503242,76490,71062,147552,324793,326001,650794
Brisbane,1994,2,3440,3433,6873,565,562,1127,4005,3995,8000,Brisbane,219393,220227,439620,65784,63202,128986,285177,283429,568606
Brisbane,1994,3,3935,3938,7873,587,588,1175,4522,4526,9048,Brisbane,257731,253367,511098,65388,63942,129330,323119,317309,640428
Brisbane,1994,4,3818,3832,7650,563,544,1107,4381,4376,8757,Brisbane,252331,257563,509894,63604,63550,127154,315935,321113,637048
Brisbane,1994,5,4012,4032,8044,582,556,1138,4594,4588,9182,Brisbane,237751,236311,474062,57992,60290,118282,295743,296601,592344
Brisbane,1994,6,4012,4040,8052,567,546,1113,4579,4586,9165,Brisbane,257794,261141,518935,67054,63444,130498,324848,324585,649433
Brisbane,1994,7,4214,4235,8449,595,570,1165,4809,4805,9614,Brisbane,292285,291709,583994,76352,64109,140461,368637,355818,724455
Brisbane,1994,8,4199,4226,8425,598,577,1175,4797,4803,9600,Brisbane,278951,285897,564848,70462,74167,144629,349413,360064,709477
Brisbane,1994,9,4197,4220,8417,621,605,1226,4818,4825,9643,Brisbane,293051,294848,587899,77212,69174,146386,370263,364022,734285
Brisbane,1994,10,4301,4326,8627,668,639,1307,4969,4965,9934,Brisbane,296834,310598,607432,87520,68517,156037,384354,379115,763469
Brisbane,1994,11,4117,4151,8268,674,641,1315,4791,4792,9583,Brisbane,266917,275553,542470,80028,68176,148204,346945,343729,690674
Brisbane,1994,12,4240,4254,8494,696,676,1372,4936,4930,9866,Brisbane,270677,271511,542188,90655,77883,168538,361332,349394,710726
Brisbane,1995,1,4144,4172,8316,732,704,1436,4876,4876,9752,Brisbane,282179,293581,575760,99263,75500,174763,381442,369081,750523
Brisbane,1995,2,3799,3814,7613,637,617,1254,4436,4431,8867,Brisbane,237729,248934,486663,78074,66883,144957,315803,315817,631620
Brisbane,1995,3,4218,4233,8451,695,678,1373,4913,4911,9824,Brisbane,260926,268517,529443,80033,72401,152434,340959,340918,681877
Brisbane,1995,4,4260,4278,8538,709,684,1393,4969,4962,9931,Brisbane,277549,285040,562589,84830,71971,156801,362379,357011,719390
Brisbane,1995,5,4419,4441,8860,719,696,1415,5138,5137,10275,Brisbane,258948,264902,523850,79655,68614,148269,338603,333516,672119
Brisbane,1995,6,4293,4315,8608,701,682,1383,4994,4997,9991,Brisbane,277201,286256,563457,86465,70079,156544,363666,356335,720001
Brisbane,1995,7,4555,4574,9129,729,703,1432,5284,5277,10561,Brisbane,305198,309056,614254,98109,73814,171923,403307,382870,786177
Brisbane,1995,8,4462,4489,8951,728,704,1432,5190,5193,10383,Brisbane,305390,315380,620770,91244,83683,174927,396634,399063,795697
Brisbane,1995,9,4406,4411,8817,701,679,1380,5107,5090,10197,Brisbane,313453,315160,628613,83374,77358,160732,396827,392518,789345
Brisbane,1995,10,4570,4592,9162,745,721,1466,5315,5313,10628,Brisbane,308709,321452,630161,93631,74338,167969,402340,395790,798130
Brisbane,1995,11,4426,4445,8871,707,685,1392,5133,5130,10263,Brisbane,290672,301560,592232,90382,75920,166302,381054,377480,758534
Brisbane,1995,12,4467,4487,8954,771,738,1509,5238,5225,10463,Brisbane,298663,297836,596499,101681,88025,189706,400344,385861,786205
Brisbane,1996,1,4578,4627,9205,762,729,1491,5340,5356,10696,Brisbane,299181,312988,612169,103570,81037,184607,402751,394025,796776
Brisbane,1996,2,4337,4360,8697,714,687,1401,5051,5047,10098,Brisbane,260881,269483,530364,93947,74180,168127,354828,343663,698491
Brisbane,1996,3,4629,4654,9283,752,712,1464,5381,5366,10747,Brisbane,284492,289672,574164,95488,78170,173658,379980,367842,747822
Brisbane,1996,4,4577,4587,9164,745,718,1463,5322,5305,10627,Brisbane,296080,308912,604992,95667,79327,174994,391747,388239,779986
Brisbane,1996,5,4619,4632,9251,754,729,1483,5373,5361,10734,Brisbane,281985,287922,569907,81337,69689,151026,363322,357611,720933
Brisbane,1996,6,4451,4481,8932,765,733,1498,5216,5214,10430,Brisbane,293427,302965,596392,98750,82648,181398,392177,385613,777790
Brisbane,1996,7,4756,4786,9542,819,777,1596,5575,5563,11138,Brisbane,330130,332592,662722,110732,80327,191059,440862,412919,853781
Brisbane,1996,8,4667,4695,9362,800,767,1567,5467,5462,10929,Brisbane,321920,331578,653498,102494,94918,197412,424414,426496,850910
Brisbane,1996,9,4583,4623,9206,772,736,1508,5355,5359,10714,Brisbane,324587,332152,656739,95533,84563,180096,420120,416715,836835
Brisbane,1996,10,4807,4837,9644,763,737,1500,5570,5574,11144,Brisbane,337438,342842,680280,106508,82387,188895,443946,425229,869175
Brisbane,1996,11,4501,4492,8993,752,748,1500,5253,5240,10493,Brisbane,302115,307613,609728,99075,87672,186747,401190,395285,796475
Brisbane,1996,12,4436,4436,8872,808,798,1606,5244,5234,10478,Brisbane,313796,310693,624489,115270,98821,214091,429066,409514,838580
Brisbane,1997,1,4284,4298,8582,807,803,1610,5091,5101,10192,Brisbane,304682,317221,621903,108957,87504,196461,413639,404725,818364
Brisbane,1997,2,3983,3974,7957,740,736,1476,4723,4710,9433,Brisbane,262791,270093,532884,94212,75759,169971,357003,345852,702855
Brisbane,1997,3,4400,4398,8798,788,778,1566,5188,5176,10364,Brisbane,302861,308466,611327,107234,87129,194363,410095,395595,805690
Brisbane,1997,4,4276,4295,8571,768,730,1498,5044,5025,10069,Brisbane,295556,306040,601596,99095,82251,181346,394651,388291,782942
Brisbane,1997,5,4245,4252,8497,803,767,1570,5048,5019,10067,Brisbane,282468,289928,572396,90312,77163,167475,372780,367091,739871
Brisbane,1997,6,4284,4334,8618,755,714,1469,5039,5048,10087,Brisbane,296936,305525,602461,98766,86173,184939,395702,391698,787400
Brisbane,1997,7,4732,4764,9496,819,782,1601,5551,5546,11097,Brisbane,334381,338572,672953,122670,88011,210681,457051,426583,883634
Brisbane,1997,8,4640,4675,9315,817,784,1601,5457,5459,10916,Brisbane,334573,344794,679367,102017,93788,195805,436590,438582,875172
Brisbane,1997,9,4549,4565,9114,782,750,1532,5331,5315,10646,Brisbane,329596,336518,666114,104607,89666,194273,434203,426184,860387
Brisbane,1997,10,4719,4743,9462,815,791,1606,5534,5534,11068,Brisbane,344002,353291,697293,114999,86137,201136,459001,439428,898429
Brisbane,1997,11,4427,4429,8856,819,817,1636,5246,5246,10492,Brisbane,297122,305617,602739,103859,91334,195193,400981,396951,797932
Brisbane,1997,12,4447,4425,8872,864,859,1723,5311,5284,10595,Brisbane,307253,301797,609050,109523,93734,203257,416776,395531,812307
Brisbane,1998,1,4304,4292,8596,858,862,1720,5162,5154,10316,Brisbane,303092,315031,618123,110236,88854,199090,413328,403885,817213
Brisbane,1998,2,3894,3883,7777,731,729,1460,4625,4612,9237,Brisbane,252925,260754,513679,88436,73730,162166,341361,334484,675845
Brisbane,1998,3,4411,4419,8830,769,758,1527,5180,5177,10357,Brisbane,288618,298000,586618,88967,74306,163273,377585,372306,749891
Brisbane,1998,4,4362,4402,8764,762,728,1490,5124,5130,10254,Brisbane,303139,310420,613559,97343,83832,181175,400482,394252,794734
Brisbane,1998,5,4402,4443,8845,792,752,1544,5194,5195,10389,Brisbane,289799,296055,585854,91434,77609,169043,381233,373664,754897
Brisbane,1998,6,4351,4385,8736,756,722,1478,5107,5107,10214,Brisbane,306452,315587,622039,104819,90178,194997,411271,405765,817036
Brisbane,1998,7,4653,4693,9346,784,743,1527,5437,5436,10873,Brisbane,327964,330531,658495,113943,84057,198000,441907,414588,856495
Brisbane,1998,8,4610,4633,9243,802,771,1573,5412,5404,10816,Brisbane,321383,331148,652531,102931,98576,201507,424314,429724,854038
Brisbane,1998,9,4577,4599,9176,784,746,1530,5361,5345,10706,Brisbane,329154,334110,663264,104107,92608,196715,433261,426718,859979
Brisbane,1998,10,4763,4784,9547,792,767,1559,5555,5551,11106,Brisbane,343469,349893,693362,110046,90793,200839,453515,440686,894201
Brisbane,1998,11,4675,4687,9362,727,728,1455,5402,5415,10817,Brisbane,299567,310173,609740,94668,87146,181814,394235,397319,791554
Brisbane,1998,12,4750,4721,9471,781,776,1557,5531,5497,11028,Brisbane,316053,305024,621077,106331,96290,202621,422384,401314,823698
Brisbane,1999,1,4592,4606,9198,813,805,1618,5405,5411,10816,Brisbane,297053,312435,609488,109796,96938,206734,406849,409373,816222
Brisbane,1999,2,4220,4222,8442,700,698,1398,4920,4920,9840,Brisbane,262443,263713,526156,91875,77585,169460,354318,341298,695616
Brisbane,1999,3,4747,4764,9511,758,744,1502,5505,5508,11013,Brisbane,302984,308082,611066,97925,82997,180922,400909,391079,791988
Brisbane,1999,4,4656,4693,9349,708,669,1377,5364,5362,10726,Brisbane,307570,318266,625836,94320,88874,183194,401890,407140,809030
Brisbane,1999,5,4693,4729,9422,733,697,1430,5426,5426,10852,Brisbane,304865,309043,613908,92510,81623,174133,397375,390666,788041
Brisbane,1999,6,4624,4651,9275,696,666,1362,5320,5317,10637,Brisbane,327520,331677,659197,100975,93305,194280,428495,424982,853477
Brisbane,1999,7,4889,4913,9802,741,707,1448,5630,5620,11250,Brisbane,352517,350596,703113,124576,92271,216847,477093,442867,919960
Brisbane,1999,8,4882,4922,9804,748,713,1461,5630,5635,11265,Brisbane,342744,357394,700138,109202,108299,217501,451946,465693,917639
Brisbane,1999,9,4841,4870,9711,718,684,1402,5559,5554,11113,Brisbane,364933,364921,729854,112101,101982,214083,477034,466903,943937
Brisbane,1999,10,5071,5100,10171,743,709,1452,5814,5809,11623,Brisbane,368700,377796,746496,119095,94645,213740,487795,472441,960236
Brisbane,1999,11,4769,4755,9524,684,684,1368,5453,5439,10892,Brisbane,324990,328273,653263,104973,95520,200493,429963,423793,853756
Brisbane,1999,12,4903,4895,9798,745,747,1492,5648,5642,11290,Brisbane,330330,324591,654921,102433,101947,204380,432763,426538,859301
Brisbane,2000,1,4708,4720,9428,770,770,1540,5478,5490,10968,Brisbane,320011,322012,642023,107017,92287,199304,427028,414299,841327
Brisbane,2000,2,4385,4386,8771,705,703,1408,5090,5089,10179,Brisbane,293369,293418,586787,99603,83005,182608,392972,376423,769395
Brisbane,2000,3,4876,4868,9744,729,721,1450,5605,5589,11194,Brisbane,328007,326983,654990,100516,87502,188018,428523,414485,843008
Brisbane,2000,4,4680,4705,9385,757,730,1487,5437,5435,10872,Brisbane,334736,339660,674396,110553,100105,210658,445289,439765,885054
Brisbane,2000,5,4926,4944,9870,759,723,1482,5685,5667,11352,Brisbane,328586,329489,658075,96959,86004,182963,425545,415493,841038
Brisbane,2000,6,4964,4978,9942,722,690,1412,5686,5668,11354,Brisbane,350502,349687,700189,106451,92973,199424,456953,442660,899613
Brisbane,2000,7,5063,5068,10131,779,749,1528,5842,5817,11659,Brisbane,364944,363148,728092,125541,99036,224577,490485,462184,952669
Brisbane,2000,8,5176,5197,10373,765,735,1500,5941,5932,11873,Brisbane,379268,387288,766556,111615,106425,218040,490883,493713,984596
Brisbane,2000,9,5427,5426,10853,734,707,1441,6161,6133,12294,Brisbane,435073,431342,866415,101463,94868,196331,536536,526210,1062746
Brisbane,2000,10,5718,5750,11468,755,723,1478,6473,6473,12946,Brisbane,433057,433357,866414,115739,97650,213389,548796,531007,1079803
Brisbane,2000,11,5552,5560,11112,693,689,1382,6245,6249,12494,Brisbane,400478,405618,806096,111875,100639,212514,512353,506257,1018610
Brisbane,2000,12,5725,5720,11445,744,740,1484,6469,6460,12929,Brisbane,436170,424467,860637,122274,111278,233552,558444,535745,1094189
Brisbane,2001,1,5745,5760,11505,742,742,1484,6487,6502,12989,Brisbane,450298,469967,920265,125932,108112,234044,576230,578079,1154309
Brisbane,2001,2,5279,5268,10547,651,644,1295,5930,5912,11842,Brisbane,338280,345150,683430,100127,81302,181429,438407,426452,864859
Brisbane,2001,3,5955,5930,11885,729,726,1455,6684,6656,13340,Brisbane,412365,411150,823515,106653,93629,200282,519018,504779,1023797
Brisbane,2001,4,5878,5879,11757,760,755,1515,6638,6634,13272,Brisbane,456387,464608,920995,115261,101408,216669,571648,566016,1137664
Brisbane,2001,5,5922,5917,11839,750,742,1492,6672,6659,13331,Brisbane,414664,418392,833056,98420,91054,189474,513084,509446,1022530
Brisbane,2001,6,5550,5549,11099,742,742,1484,6292,6291,12583,Brisbane,427295,425135,852430,116559,101832,218391,543854,526967,1070821
Brisbane,2001,7,5516,5540,11056,781,767,1548,6297,6307,12604,Brisbane,482402,487483,969885,137364,103190,240554,619766,590673,1210439
Brisbane,2001,8,5520,5538,11058,780,771,1551,6300,6309,12609,Brisbane,441741,450282,892023,119550,113153,232703,561291,563435,1124726
Brisbane,2001,9,4305,4320,8625,749,734,1483,5054,5054,10108,Brisbane,389028,392309,781337,117703,111430,229133,506731,503739,1010470
Brisbane,2001,10,4224,4240,8464,736,723,1459,4960,4963,9923,Brisbane,378078,384559,762637,112802,98633,211435,490880,483192,974072
Brisbane,2001,11,4557,4567,9124,630,630,1260,5187,5197,10384,Brisbane,363866,363990,727856,91837,91037,182874,455703,455027,910730
Brisbane,2001,12,4623,4631,9254,712,711,1423,5335,5342,10677,Brisbane,393651,384993,778644,106648,104084,210732,500299,489077,989376
Brisbane,2002,1,4524,4528,9052,701,702,1403,5225,5230,10455,Brisbane,396832,417089,813921,109527,100027,209554,506359,517116,1023475
Brisbane,2002,2,4164,4172,8336,631,630,1261,4795,4802,9597,Brisbane,343655,346735,690390,98031,87700,185731,441686,434435,876121
Brisbane,2002,3,4243,4248,8491,675,680,1355,4918,4928,9846,Brisbane,377957,376385,754342,105155,95557,200712,483112,471942,955054
Brisbane,2002,4,4132,4135,8267,701,700,1401,4833,4835,9668,Brisbane,356947,364468,721415,96762,93619,190381,453709,458087,911796
Brisbane,2002,5,4249,4255,8504,731,730,1461,4980,4985,9965,Brisbane,351704,353091,704795,92762,88673,181435,444466,441764,886230
Brisbane,2002,6,4094,4088,8182,724,727,1451,4818,4815,9633,Brisbane,346921,353004,699925,102396,98871,201267,449317,451875,901192
Brisbane,2002,7,4318,4328,8646,793,795,1588,5111,5123,10234,Brisbane,404843,401209,806052,125385,100731,226116,530228,501940,1032168
Brisbane,2002,8,4273,4274,8547,799,795,1594,5072,5069,10141,Brisbane,381406,386187,767593,113061,111913,224974,494467,498100,992567
Brisbane,2002,9,4262,4268,8530,746,747,1493,5008,5015,10023,Brisbane,395624,394134,789758,108786,107761,216547,504410,501895,1006305
Brisbane,2002,10,4445,4441,8886,758,757,1515,5203,5198,10401,Brisbane,418367,427799,846166,119081,99545,218626,537448,527344,1064792
Brisbane,2002,11,4214,4206,8420,726,728,1454,4940,4934,9874,Brisbane,386074,387890,773964,106466,104668,211134,492540,492558,985098
Brisbane,2002,12,4283,4290,8573,713,711,1424,4996,5001,9997,Brisbane,400403,394796,795199,113011,113594,226605,513414,508390,1021804
Brisbane,2003,1,4169,4164,8333,725,724,1449,4894,4888,9782,Brisbane,399945,414220,814165,120454,107391,227845,520399,521611,1042010
Brisbane,2003,2,3651,3661,7312,646,644,1290,4297,4305,8602,Brisbane,347217,352038,699255,100068,88166,188234,447285,440204,887489
Brisbane,2003,3,4058,4066,8124,686,686,1372,4744,4752,9496,Brisbane,384550,384427,768977,94000,92890,186890,478550,477317,955867
Brisbane,2003,4,4024,4021,8045,672,670,1342,4696,4691,9387,Brisbane,400219,398635,798854,90090,87917,178007,490309,486552,976861
Brisbane,2003,5,4043,4048,8091,669,667,1336,4712,4715,9427,Brisbane,382577,377008,759585,78835,78635,157470,461412,455643,917055
Brisbane,2003,6,3946,3954,7900,643,645,1288,4589,4599,9188,Brisbane,386029,392681,778710,89626,90844,180470,475655,483525,959180
Brisbane,2003,7,4111,4113,8224,693,698,1391,4804,4811,9615,Brisbane,454814,452773,907587,125102,104246,229348,579916,557019,1136935
Brisbane,2003,8,4109,4107,8216,677,677,1354,4786,4784,9570,Brisbane,439136,437172,876308,107888,115826,223714,547024,552998,1100022
Brisbane,2003,9,4193,4200,8393,665,661,1326,4858,4861,9719,Brisbane,457554,452856,910410,115869,116536,232405,573423,569392,1142815
Brisbane,2003,10,4445,4448,8893,703,706,1409,5148,5154,10302,Brisbane,484916,486977,971893,126447,108154,234601,611363,595131,1206494
Brisbane,2003,11,4379,4382,8761,761,764,1525,5140,5146,10286,Brisbane,450096,450535,900631,120979,119738,240717,571075,570273,1141348
Brisbane,2003,12,4472,4470,8942,810,808,1618,5282,5278,10560,Brisbane,465771,453220,918991,133710,136033,269743,599481,589253,1188734
Brisbane,2004,1,4498,4506,9004,847,848,1695,5345,5354,10699,Brisbane,451144,464032,915176,145938,133521,279459,597082,597553,1194635
Brisbane,2004,2,4236,4253,8489,792,797,1589,5028,5050,10078,Brisbane,399493,400379,799872,123067,108439,231506,522560,508818,1031378
Brisbane,2004,3,4530,4551,9081,829,828,1657,5359,5379,10738,Brisbane,443845,443036,886881,118736,117430,236166,562581,560466,1123047
Brisbane,2004,4,4380,4398,8778,822,821,1643,5202,5219,10421,Brisbane,447526,449841,897367,126407,127522,253929,573933,577363,1151296
Brisbane,2004,5,4625,4642,9267,840,841,1681,5465,5483,10948,Brisbane,455167,453779,908946,111746,113873,225619,566913,567652,1134565
Brisbane,2004,6,4661,4658,9319,823,823,1646,5484,5481,10965,Brisbane,487534,486038,973572,125154,130083,255237,612688,616121,1228809
Brisbane,2004,7,4889,4888,9777,924,923,1847,5813,5811,11624,Brisbane,525960,520230,1046190,167410,137173,304583,693370,657403,1350773
Brisbane,2004,8,4973,4977,9950,911,915,1826,5884,5892,11776,Brisbane,518861,518738,1037599,139969,152497,292466,658830,671235,1330065
Brisbane,2004,9,4871,4879,9750,903,902,1805,5774,5781,11555,Brisbane,525569,519429,1044998,144519,148738,293257,670088,668167,1338255
Brisbane,2004,10,4968,4974,9942,934,934,1868,5902,5908,11810,Brisbane,531941,532369,1064310,156042,136006,292048,687983,668375,1356358
Brisbane,2004,11,4798,4814,9612,926,925,1851,5724,5739,11463,Brisbane,479936,482399,962335,137086,143505,280591,617022,625904,1242926
Brisbane,2004,12,5048,5038,10086,962,968,1930,6010,6006,12016,Brisbane,494880,487296,982176,156210,165410,321620,651090,652706,1303796
Brisbane,2005,1,4843,4849,9692,971,976,1947,5814,5825,11639,Brisbane,476811,485077,961888,172833,148247,321080,649644,633324,1282968
Brisbane,2005,2,4545,4554,9099,836,837,1673,5381,5391,10772,Brisbane,427048,424654,851702,137119,122375,259494,564167,547029,1111196
Brisbane,2005,3,5006,5028,10034,912,912,1824,5918,5940,11858,Brisbane,494050,494916,988966,142566,142294,284860,636616,637210,1273826
Brisbane,2005,4,4915,4922,9837,934,929,1863,5849,5851,11700,Brisbane,496980,489936,986916,140291,136337,276628,637271,626273,1263544
Brisbane,2005,5,5070,5078,10148,964,964,1928,6034,6042,12076,Brisbane,485899,481767,967666,125447,133992,259439,611346,615759,1227105
Brisbane,2005,6,4899,4897,9796,947,952,1899,5846,5849,11695,Brisbane,491185,488242,979427,144975,152816,297791,636160,641058,1277218
Brisbane,2005,7,5119,5140,10259,1004,1004,2008,6123,6144,12267,Brisbane,539245,536424,1075669,189482,151473,340955,728727,687897,1416624
Brisbane,2005,8,5117,5131,10248,987,986,1973,6104,6117,12221,Brisbane,522706,521713,1044419,153890,169943,323833,676596,691656,1368252
Brisbane,2005,9,5040,5041,10081,961,958,1919,6001,5999,12000,Brisbane,550868,539080,1089948,163503,156909,320412,714371,695989,1410360
Brisbane,2005,10,5138,5138,10276,972,975,1947,6110,6113,12223,Brisbane,548918,551949,1100867,160991,149945,310936,709909,701894,1411803
Brisbane,2005,11,4916,4918,9834,886,885,1771,5802,5803,11605,Brisbane,506546,508244,1014790,135876,147514,283390,642422,655758,1298180
Brisbane,2005,12,4978,4957,9935,923,922,1845,5901,5879,11780,Brisbane,525357,514994,1040351,160149,167723,327872,685506,682717,1368223
Brisbane,2006,1,4825,4830,9655,947,946,1893,5772,5776,11548,Brisbane,504222,512289,1016511,179252,152623,331875,683474,664912,1348386
Brisbane,2006,2,4526,4523,9049,835,834,1669,5361,5357,10718,Brisbane,440691,440713,881404,138900,126649,265549,579591,567362,1146953
Brisbane,2006,3,5079,5083,10162,884,886,1770,5963,5969,11932,Brisbane,506433,503723,1010156,136253,136404,272657,642686,640127,1282813
Brisbane,2006,4,4885,4886,9771,927,924,1851,5812,5810,11622,Brisbane,522638,519592,1042230,148833,152560,301393,671471,672152,1343623
Brisbane,2006,5,5165,5147,10312,916,916,1832,6081,6063,12144,Brisbane,510539,505398,1015937,129506,135405,264911,640045,640803,1280848
Brisbane,2006,6,4931,4936,9867,931,927,1858,5862,5863,11725,Brisbane,518436,518314,1036750,147740,155368,303108,666176,673682,1339858
Brisbane,2006,7,5154,5147,10301,1056,1050,2106,6210,6197,12407,Brisbane,585739,577747,1163486,195260,160619,355879,780999,738366,1519365
Brisbane,2006,8,5178,5172,10350,1034,1036,2070,6212,6208,12420,Brisbane,556298,556104,1112402,156937,174756,331693,713235,730860,1444095
Brisbane,2006,9,5020,5031,10051,1012,1009,2021,6032,6040,12072,Brisbane,574017,575981,1149998,170627,171001,341628,744644,746982,1491626
Brisbane,2006,10,5199,5183,10382,1003,1005,2008,6202,6188,12390,Brisbane,611639,608679,1220318,182072,162195,344267,793711,770874,1564585
Brisbane,2006,11,5045,5040,10085,946,949,1895,5991,5989,11980,Brisbane,569319,573220,1142539,150858,154736,305594,720177,727956,1448133
Brisbane,2006,12,5020,5012,10032,997,995,1992,6017,6007,12024,Brisbane,579869,571135,1151004,165788,178972,344760,745657,750107,1495764
Brisbane,2007,1,4953,4942,9895,989,991,1980,5942,5933,11875,Brisbane,556851,563418,1120269,186651,161832,348483,743502,725250,1468752
Brisbane,2007,2,4604,4599,9203,863,862,1725,5467,5461,10928,Brisbane,480880,477533,958413,149653,137565,287218,630533,615098,1245631
Brisbane,2007,3,5146,5142,10288,988,985,1973,6134,6127,12261,Brisbane,552568,548746,1101314,158937,155550,314487,711505,704296,1415801
Brisbane,2007,4,4914,4951,9865,992,992,1984,5906,5943,11849,Brisbane,563962,572267,1136229,157899,160567,318466,721861,732834,1454695
Brisbane,2007,5,5134,5130,10264,1001,1005,2006,6135,6135,12270,Brisbane,561731,559780,1121511,138687,142402,281089,700418,702182,1402600
Brisbane,2007,6,4955,4951,9906,992,985,1977,5947,5936,11883,Brisbane,556745,559675,1116420,152525,159817,312342,709270,719492,1428762
Brisbane,2007,7,5198,5206,10404,1041,1038,2079,6239,6244,12483,Brisbane,628929,618481,1247410,184506,165111,349617,813435,783592,1597027
Brisbane,2007,8,5280,5280,10560,1030,1027,2057,6310,6307,12617,Brisbane,610132,609503,1219635,163817,175834,339651,773949,785337,1559286
Brisbane,2007,9,5014,5019,10033,1004,1004,2008,6018,6023,12041,Brisbane,608255,603528,1211783,169900,178498,348398,778155,782026,1560181
Brisbane,2007,10,5424,5423,10847,1020,1022,2042,6444,6445,12889,Brisbane,649094,650621,1299715,181037,160564,341601,830131,811185,1641316
Brisbane,2007,11,5374,5366,10740,941,941,1882,6315,6307,12622,Brisbane,603788,604361,1208149,157226,161692,318918,761014,766053,1527067
Brisbane,2007,12,5493,5489,10982,1067,1065,2132,6560,6554,13114,Brisbane,622177,609311,1231488,170259,191223,361482,792436,800534,1592970
Brisbane,2008,1,5423,5400,10823,1077,1075,2152,6500,6475,12975,Brisbane,592205,603755,1195960,195038,164046,359084,787243,767801,1555044
Brisbane,2008,2,4924,4924,9848,993,993,1986,5917,5917,11834,Brisbane,530722,532512,1063234,160434,143781,304215,691156,676293,1367449
Brisbane,2008,3,5222,5203,10425,1034,1034,2068,6256,6237,12493,Brisbane,595855,594437,1190292,161086,160637,321723,756941,755074,1512015
Brisbane,2008,4,5147,5142,10289,1046,1044,2090,6193,6186,12379,Brisbane,583018,585281,1168299,152773,153127,305900,735791,738408,1474199
Brisbane,2008,5,5382,5392,10774,1087,1087,2174,6469,6479,12948,Brisbane,573008,571259,1144267,151828,154565,306393,724836,725824,1450660
Brisbane,2008,6,5179,5178,10357,1069,1074,2143,6248,6252,12500,Brisbane,563675,568988,1132663,158862,168991,327853,722537,737979,1460516
Brisbane,2008,7,5553,5566,11119,1174,1172,2346,6727,6738,13465,Brisbane,644222,634201,1278423,202987,171158,374145,847209,805359,1652568
Brisbane,2008,8,5631,5646,11277,1149,1149,2298,6780,6795,13575,Brisbane,616499,615182,1231681,170672,184812,355484,787171,799994,1587165
Brisbane,2008,9,5566,5563,11129,1087,1086,2173,6653,6649,13302,Brisbane,635652,626785,1262437,168024,172677,340701,803676,799462,1603138
Brisbane,2008,10,5902,5910,11812,1066,1069,2135,6968,6979,13947,Brisbane,689184,690787,1379971,185838,162537,348375,875022,853324,1728346
Brisbane,2008,11,5621,5616,11237,1036,1038,2074,6657,6654,13311,Brisbane,609732,610703,1220435,156695,166190,322885,766427,776893,1543320
Brisbane,2008,12,5707,5694,11401,1151,1144,2295,6858,6838,13696,Brisbane,648104,631771,1279875,171105,197927,369032,819209,829698,1648907
Brisbane,2009,1,5424,5440,10864,1167,1163,2330,6591,6603,13194,Brisbane,626445,632882,1259327,205011,172799,377810,831456,805681,1637137
Brisbane,2009,2,4959,4946,9905,1022,1020,2042,5981,5966,11947,Brisbane,520093,519172,1039265,156061,144635,300696,676154,663807,1339961
Brisbane,2009,3,5484,5476,10960,1089,1087,2176,6573,6563,13136,Brisbane,594507,593558,1188065,156115,158487,314602,750622,752045,1502667
Brisbane,2009,4,5312,5300,10612,1099,1096,2195,6411,6396,12807,Brisbane,608593,604520,1213113,161297,173044,334341,769890,777564,1547454
Brisbane,2009,5,5286,5281,10567,1091,1091,2182,6377,6372,12749,Brisbane,584999,579257,1164256,148025,155486,303511,733024,734743,1467767
Brisbane,2009,6,5207,5202,10409,1068,1069,2137,6275,6271,12546,Brisbane,569266,568461,1137727,151730,172408,324138,720996,740869,1461865
Brisbane,2009,7,5514,5509,11023,1153,1152,2305,6667,6661,13328,Brisbane,645966,634920,1280886,199264,172957,372221,845230,807877,1653107
Brisbane,2009,8,5380,5358,10738,1160,1157,2317,6540,6515,13055,Brisbane,612792,611221,1224013,169620,183377,352997,782412,794598,1577010
Brisbane,2009,9,5410,5393,10803,1099,1099,2198,6509,6492,13001,Brisbane,637070,631560,1268630,175337,183274,358611,812407,814834,1627241
Brisbane,2009,10,5613,5606,11219,1114,1113,2227,6727,6719,13446,Brisbane,663699,667650,1331349,191678,172089,363767,855377,839739,1695116
Brisbane,2009,11,5250,5261,10511,1051,1049,2100,6301,6310,12611,Brisbane,611573,619324,1230897,161768,173891,335659,773341,793215,1566556
Brisbane,2009,12,5438,5427,10865,1117,1115,2232,6555,6542,13097,Brisbane,633923,624473,1258396,175947,202871,378818,809870,827344,1637214
Brisbane,2010,1,5288,5311,10599,1149,1150,2299,6437,6461,12898,Brisbane,584635,595191,1179826,203308,173057,376365,787943,768248,1556191
Brisbane,2010,2,4921,4934,9855,1019,1015,2034,5940,5949,11889,Brisbane,545876,545378,1091254,160009,147233,307242,705885,692611,1398496
Brisbane,2010,3,5528,5532,11060,1112,1110,2222,6640,6642,13282,Brisbane,605994,603265,1209259,162490,168234,330724,768484,771499,1539983
Brisbane,2010,4,5755,5758,11513,1116,1115,2231,6871,6873,13744,Brisbane,621672,626921,1248593,161473,166938,328411,783145,793859,1577004
Brisbane,2010,5,5807,5801,11608,1129,1131,2260,6936,6932,13868,Brisbane,596680,592018,1188698,149297,158209,307506,745977,750227,1496204
Brisbane,2010,6,5661,5673,11334,1098,1105,2203,6759,6778,13537,Brisbane,609580,612834,1222414,163393,187027,350420,772973,799861,1572834
Brisbane,2010,7,6051,6066,12117,1217,1222,2439,7268,7288,14556,Brisbane,695302,675766,1371068,220390,188120,408510,915692,863886,1779578
Brisbane,2010,8,5945,5958,11903,1181,1181,2362,7126,7139,14265,Brisbane,661735,667083,1328818,179247,194188,373435,840982,861271,1702253
Brisbane,2010,9,5866,5887,11753,1141,1140,2281,7007,7027,14034,Brisbane,687199,679663,1366862,187251,193066,380317,874450,872729,1747179
Brisbane,2010,10,6084,6092,12176,1109,1111,2220,7193,7203,14396,Brisbane,705758,711488,1417246,197989,178468,376457,903747,889956,1793703
Brisbane,2010,11,5939,5957,11896,1072,1068,2140,7011,7025,14036,Brisbane,663810,669962,1333772,167586,178601,346187,831396,848563,1679959
Brisbane,2010,12,6049,6032,12081,1148,1162,2310,7197,7194,14391,Brisbane,696432,683949,1380381,183545,213138,396683,879977,897087,1777064
Brisbane,2011,1,5515,5532,11047,1188,1192,2380,6703,6724,13427,Brisbane,583192,600245,1183437,216100,179977,396077,799292,780222,1579514
Brisbane,2011,2,5261,5268,10529,1040,1039,2079,6301,6307,12608,Brisbane,550493,554263,1104756,160230,146869,307099,710723,701132,1411855
Brisbane,2011,3,6031,6041,12072,1132,1127,2259,7163,7168,14331,Brisbane,639595,638987,1278582,155406,155471,310877,795001,794458,1589459
Brisbane,2011,4,5940,5940,11880,1120,1123,2243,7060,7063,14123,Brisbane,659295,659943,1319238,170423,184505,354928,829718,844448,1674166
Brisbane,2011,5,6073,6075,12148,1151,1150,2301,7224,7225,14449,Brisbane,646930,644697,1291627,165542,168888,334430,812472,813585,1626057
Brisbane,2011,6,5794,5794,11588,1071,1068,2139,6865,6862,13727,Brisbane,625865,632359,1258224,166624,189150,355774,792489,821509,1613998
Brisbane,2011,7,6356,6236,12592,1210,1210,2420,7566,7446,15012,Brisbane,728844,703758,1432602,230003,191645,421648,958847,895403,1854250
Brisbane,2011,8,6388,6264,12652,1196,1204,2400,7584,7468,15052,Brisbane,695252,696200,1391452,186412,198789,385201,881664,894989,1776653
Brisbane,2011,9,6101,6109,12210,1154,1153,2307,7255,7262,14517,Brisbane,707665,694602,1402267,191295,200297,391592,898960,894899,1793859
Brisbane,2011,10,6234,6293,12527,1191,1190,2381,7425,7483,14908,Brisbane,711157,722627,1433784,216988,183402,400390,928145,906029,1834174
Brisbane,2011,11,6277,6269,12546,1094,1090,2184,7371,7359,14730,Brisbane,687385,697645,1385030,177310,187609,364919,864695,885254,1749949
Brisbane,2011,12,6411,6417,12828,1162,1154,2316,7573,7571,15144,Brisbane,713241,694743,1407984,196012,225920,421932,909253,920663,1829916
Brisbane,2012,1,6252,6284,12536,1166,1163,2329,7418,7447,14865,Brisbane,652897,672445,1325342,230713,186380,417093,883610,858825,1742435
Brisbane,2012,2,6107,6128,12235,1021,1020,2041,7128,7148,14276,Brisbane,598252,600302,1198554,171310,151617,322927,769562,751919,1521481
Brisbane,2012,3,6580,6600,13180,1067,1068,2135,7647,7668,15315,Brisbane,685394,684321,1369715,169085,171101,340186,854479,855422,1709901
Brisbane,2012,4,6324,6345,12669,1098,1106,2204,7422,7451,14873,Brisbane,672498,672012,1344510,180955,181959,362914,853453,853971,1707424
Brisbane,2012,5,6423,6443,12866,1054,1056,2110,7477,7499,14976,Brisbane,670557,669601,1340158,157384,162873,320257,827941,832474,1660415
Brisbane,2012,6,6159,6180,12339,1092,1096,2188,7251,7276,14527,Brisbane,658058,664158,1322216,178946,191999,370945,837004,856157,1693161
Brisbane,2012,7,6766,6803,13569,1200,1202,2402,7966,8005,15971,Brisbane,733530,726697,1460227,220763,184288,405051,954293,910985,1865278
Brisbane,2012,8,6960,6971,13931,1168,1175,2343,8128,8146,16274,Brisbane,720138,712978,1433116,183399,190788,374187,903537,903766,1807303
Brisbane,2012,9,6724,6718,13442,1103,1120,2223,7827,7838,15665,Brisbane,719914,713252,1433166,191827,196811,388638,911741,910063,1821804
Brisbane,2012,10,6995,7006,14001,1115,1135,2250,8110,8141,16251,Brisbane,755041,759021,1514062,212706,180386,393092,967747,939407,1907154
Brisbane,2012,11,6768,6779,13547,1046,1055,2101,7814,7834,15648,Brisbane,722127,720893,1443020,175100,184029,359129,897227,904922,1802149
Brisbane,2012,12,6669,6684,13353,1142,1150,2292,7811,7834,15645,Brisbane,717679,699584,1417263,200049,216945,416994,917728,916529,1834257
Brisbane,2013,1,6618,6620,13238,1150,1165,2315,7768,7785,15553,Brisbane,654088,674779,1328867,222033,181468,403501,876121,856247,1732368
Brisbane,2013,2,6112,6111,12223,1027,1034,2061,7139,7145,14284,Brisbane,600209,600660,1200869,176148,156465,332613,776357,757125,1533482
Brisbane,2013,3,6725,6734,13459,1127,1137,2264,7852,7871,15723,Brisbane,676094,669643,1345737,180132,184082,364214,856226,853725,1709951
Brisbane,2013,4,6757,6751,13508,1121,1139,2260,7878,7890,15768,Brisbane,682036,674360,1356396,183072,174775,357847,865108,849135,1714243
Brisbane,2013,5,6893,6914,13807,1108,1120,2228,8001,8034,16035,Brisbane,669358,667312,1336670,166381,173192,339573,835739,840504,1676243
Brisbane,2013,6,6597,6619,13216,1136,1151,2287,7733,7770,15503,Brisbane,667894,684459,1352353,186576,201564,388140,854470,886023,1740493
Brisbane,2013,7,7225,7218,14443,1230,1249,2479,8455,8467,16922,Brisbane,762731,745224,1507955,234492,190947,425439,997223,936171,1933394
Brisbane,2013,8,7093,7084,14177,1245,1261,2506,8338,8345,16683,Brisbane,729675,720843,1450518,202091,209981,412072,931766,930824,1862590
Brisbane,2013,9,6963,6972,13935,1201,1218,2419,8164,8190,16354,Brisbane,721283,714519,1435802,203232,209090,412322,924515,923609,1848124
Brisbane,2013,10,7306,7310,14616,1207,1236,2443,8513,8546,17059,Brisbane,768788,774774,1543562,225003,188766,413769,993791,963540,1957331
Brisbane,2013,11,6859,6871,13730,1140,1170,2310,7999,8041,16040,Brisbane,718088,718447,1436535,184757,192166,376923,902845,910613,1813458
Brisbane,2013,12,6930,6955,13885,1244,1270,2514,8174,8225,16399,Brisbane,750551,729882,1480433,209001,233727,442728,959552,963609,1923161
Brisbane,2014,1,6862,6858,13720,1253,1279,2532,8115,8137,16252,Brisbane,683604,688577,1372181,243665,197869,441534,927269,886446,1813715
Brisbane,2014,2,6131,6139,12270,1082,1105,2187,7213,7244,14457,Brisbane,611754,613347,1225101,184183,168744,352927,795937,782091,1578028
Brisbane,2014,3,6869,6874,13743,1196,1208,2404,8065,8082,16147,Brisbane,697430,695026,1392456,182017,180736,362753,879447,875762,1755209
Brisbane,2014,4,6850,6878,13728,1203,1204,2407,8053,8082,16135,Brisbane,717116,713104,1430220,203052,203842,406894,920168,916946,1837114
Brisbane,2014,5,6987,7005,13992,1169,1168,2337,8156,8173,16329,Brisbane,690348,686761,1377109,181007,186442,367449,871355,873203,1744558
Brisbane,2014,6,6743,6793,13536,1186,1182,2368,7929,7975,15904,Brisbane,677315,684118,1361433,185947,207236,393183,863262,891354,1754616
Brisbane,2014,7,7225,7247,14472,1296,1299,2595,8521,8546,17067,Brisbane,767925,756240,1524165,247977,207772,455749,1015902,964012,1979914
Brisbane,2014,8,7027,7057,14084,1281,1283,2564,8308,8340,16648,Brisbane,724926,719873,1444799,213173,223083,436256,938099,942956,1881055
Brisbane,2014,9,6971,7005,13976,1232,1232,2464,8203,8237,16440,Brisbane,723998,723032,1447030,216209,214891,431100,940207,937923,1878130
Brisbane,2014,10,7226,7252,14478,1201,1205,2406,8427,8457,16884,Brisbane,776924,780848,1557772,234133,204479,438612,1011057,985327,1996384
Brisbane,2014,11,6680,6717,13397,1133,1148,2281,7813,7865,15678,Brisbane,693076,696103,1389179,197992,207211,405203,891068,903314,1794382
Brisbane,2014,12,6980,7003,13983,1288,1279,2567,8268,8282,16550,Brisbane,739816,721575,1461391,221355,251966,473321,961171,973541,1934712
Brisbane,2015,1,6830,6833,13663,1282,1292,2574,8112,8125,16237,Brisbane,649819,670411,1320230,259107,217528,476635,908926,887939,1796865
Brisbane,2015,2,6177,6187,12364,1122,1118,2240,7299,7305,14604,Brisbane,594295,594204,1188499,204702,186053,390755,798997,780257,1579254
Brisbane,2015,3,6999,7024,14023,1206,1203,2409,8205,8227,16432,Brisbane,697493,691926,1389419,205557,209665,415222,903050,901591,1804641
Brisbane,2015,4,6835,6877,13712,1208,1205,2413,8043,8082,16125,Brisbane,691971,694729,1386700,205882,212965,418847,897853,907694,1805547
Brisbane,2015,5,6891,6906,13797,1174,1177,2351,8065,8083,16148,Brisbane,668512,665042,1333554,189075,198431,387506,857587,863473,1721060
Brisbane,2015,6,6829,6861,13690,1161,1164,2325,7990,8025,16015,Brisbane,665708,666152,1331860,194338,219792,414130,860046,885944,1745990
Brisbane,2015,7,7203,7240,14443,1277,1274,2551,8480,8514,16994,Brisbane,772477,755862,1528339,246477,216603,463080,1018954,972465,1991419
Brisbane,2015,8,7021,7043,14064,1245,1244,2489,8266,8287,16553,Brisbane,701345,703706,1405051,217948,232266,450214,919293,935972,1855265
Brisbane,2015,9,6917,6948,13865,1205,1205,2410,8122,8153,16275,Brisbane,734237,724209,1458446,222465,226764,449229,956702,950973,1907675
Brisbane,2015,10,7013,7039,14052,1223,1226,2449,8236,8265,16501,Brisbane,752480,761055,1513535,242288,216271,458559,994768,977326,1972094
Brisbane,2015,11,6822,6863,13685,1130,1121,2251,7952,7984,15936,Brisbane,716798,726921,1443719,202450,210900,413350,919248,937821,1857069
Brisbane,2015,12,6940,6978,13918,1333,1338,2671,8273,8316,16589,Brisbane,754152,733470,1487622,232652,268343,500995,986804,1001813,1988617
Brisbane,2016,1,6670,6717,13387,1362,1368,2730,8032,8085,16117,Brisbane,668003,684524,1352527,272608,233848,506456,940611,918372,1858983
Brisbane,2016,2,6425,6463,12888,1163,1173,2336,7588,7636,15224,Brisbane,627222,628947,1256169,212385,196486,408871,839607,825433,1665040
Brisbane,2016,3,6900,6913,13813,1211,1212,2423,8111,8125,16236,Brisbane,710475,717302,1427777,207898,219618,427516,918373,936920,1855293
Brisbane,2016,4,6614,6611,13225,1182,1188,2370,7796,7799,15595,Brisbane,698082,690470,1388552,212414,207393,419807,910496,897863,1808359
Brisbane,2016,5,6584,6611,13195,1175,1174,2349,7759,7785,15544,Brisbane,684637,680157,1364794,192720,200906,393626,877357,881063,1758420
Brisbane,2016,6,6444,6464,12908,1207,1210,2417,7651,7674,15325,Brisbane,686183,685336,1371519,201824,228594,430418,888007,913930,1801937
Brisbane,2016,7,6880,6909,13789,1339,1342,2681,8219,8251,16470,Brisbane,774563,759615,1534178,265175,226192,491367,1039738,985807,2025545
Brisbane,2016,8,6917,6948,13865,1280,1279,2559,8197,8227,16424,Brisbane,717033,719211,1436244,221238,238799,460037,938271,958010,1896281
Brisbane,2016,9,6849,6875,13724,1275,1273,2548,8124,8148,16272,Brisbane,751149,738748,1489897,235700,237262,472962,986849,976010,1962859
Brisbane,2016,10,6825,6867,13692,1313,1318,2631,8138,8185,16323,Brisbane,745465,757564,1503029,251916,231523,483439,997381,989087,1986468
Brisbane,2016,11,6673,6709,13382,1235,1235,2470,7908,7944,15852,Brisbane,715585,722357,1437942,212287,226400,438687,927872,948757,1876629
Brisbane,2016,12,6799,6818,13617,1394,1396,2790,8193,8214,16407,Brisbane,760279,732945,1493224,242936,273622,516558,1003215,1006567,2009782
Brisbane,2017,1,6622,6666,13288,1414,1410,2824,8036,8076,16112,Brisbane,679191,700014,1379205,280306,243488,523794,959497,943502,1902999
Brisbane,2017,2,5977,6018,11995,1199,1199,2398,7176,7217,14393,Brisbane,603110,607321,1210431,217270,195290,412560,820380,802611,1622991
Brisbane,2017,3,6582,6616,13198,1305,1310,2615,7887,7926,15813,Brisbane,704824,700905,1405729,215447,224530,439977,920271,925435,1845706
Brisbane,2017,4,6472,6505,12977,1348,1355,2703,7820,7860,15680,Brisbane,700334,701979,1402313,236642,240158,476800,936976,942137,1879113
Brisbane,2017,5,6595,6630,13225,1296,1299,2595,7891,7929,15820,Brisbane,693729,679803,1373532,207596,219433,427029,901325,899236,1800561
Brisbane,2017,6,6472,6510,12982,1305,1309,2614,7777,7819,15596,Brisbane,692620,694779,1387399,216431,240442,456873,909051,935221,1844272
Brisbane,2017,7,6881,6908,13789,1395,1393,2788,8276,8301,16577,Brisbane,785638,777468,1563106,272272,237677,509949,1057910,1015145,2073055
Brisbane,2017,8,6961,7002,13963,1366,1372,2738,8327,8374,16701,Brisbane,732144,735371,1467515,233723,250234,483957,965867,985605,1951472
Brisbane,2017,9,6673,6702,13375,1357,1359,2716,8030,8061,16091,Brisbane,757027,737443,1494470,245888,248264,494152,1002915,985707,1988622
Brisbane,2017,10,6833,6885,13718,1388,1385,2773,8221,8270,16491,Brisbane,764991,789151,1554142,260136,234779,494915,1025127,1023930,2049057
Brisbane,2017,11,6645,6702,13347,1298,1299,2597,7943,8001,15944,Brisbane,738661,741905,1480566,222363,235437,457800,961024,977342,1938366
Brisbane,2017,12,6602,6635,13237,1518,1519,3037,8120,8154,16274,Brisbane,763468,738050,1501518,257004,294531,551535,1020472,1032581,2053053
Brisbane,2018,1,6420,6469,12889,1546,1550,3096,7966,8019,15985,Brisbane,681869,696460,1378329,296079,248966,545045,977948,945426,1923374
Brisbane,2018,2,5903,6011,11914,1309,1314,2623,7212,7325,14537,Brisbane,627502,632036,1259538,231627,211703,443330,859129,843739,1702868
Brisbane,2018,3,6557,6596,13153,1419,1422,2841,7976,8018,15994,Brisbane,732614,724871,1457485,241454,245843,487297,974068,970714,1944782
Brisbane,2018,4,6432,6476,12908,1414,1408,2822,7846,7884,15730,Brisbane,702211,701528,1403739,243330,247399,490729,945541,948927,1894468
Brisbane,2018,5,6494,6539,13033,1375,1378,2753,7869,7917,15786,Brisbane,705597,704367,1409964,222438,234141,456579,928035,938508,1866543
Brisbane,2018,6,6111,6150,12261,1381,1383,2764,7492,7533,15025,Brisbane,684834,679775,1364609,230782,257206,487988,915616,936981,1852597
Brisbane,2018,7,6767,6781,13548,1521,1517,3038,8288,8298,16586,Brisbane,803426,793303,1596729,297336,255284,552620,1100762,1048587,2149349
Brisbane,2018,8,6671,6675,13346,1483,1485,2968,8154,8160,16314,Brisbane,756649,754898,1511547,256833,277712,534545,1013482,1032610,2046092
Brisbane,2018,9,6417,6426,12843,1426,1427,2853,7843,7853,15696,Brisbane,732027,722595,1454622,257304,271474,528778,989331,994069,1983400
Brisbane,2018,10,6780,6842,13622,1449,1457,2906,8229,8299,16528,Brisbane,775645,787653,1563298,284433,248094,532527,1060078,1035747,2095825
Brisbane,2018,11,6544,6564,13108,1370,1368,2738,7914,7932,15846,Brisbane,745591,744689,1490280,231942,246721,478663,977533,991410,1968943
Brisbane,2018,12,6526,6549,13075,1533,1534,3067,8059,8083,16142,Brisbane,744079,720310,1464389,265519,308614,574133,1009598,1028924,2038522
Brisbane,2019,1,6398,6447,12845,1571,1572,3143,7969,8019,15988,Brisbane,680091,694414,1374505,317314,268620,585934,997405,963034,1960439
Brisbane,2019,2,5986,6028,12014,1338,1336,2674,7324,7364,14688,Brisbane,616250,622404,1238654,242960,216993,459953,859210,839397,1698607
Brisbane,2019,3,6581,6649,13230,1444,1441,2885,8025,8090,16115,Brisbane,716941,707741,1424682,236208,242477,478685,953149,950218,1903367
Brisbane,2019,4,6662,6681,13343,1419,1425,2844,8081,8106,16187,Brisbane,729676,729399,1459075,253286,268696,521982,982962,998095,1981057
Brisbane,2019,5,6771,6818,13589,1360,1361,2721,8131,8179,16310,Brisbane,713574,705242,1418816,239373,246644,486017,952947,951886,1904833
Brisbane,2019,6,6431,6472,12903,1380,1394,2774,7811,7866,15677,Brisbane,688110,690716,1378826,242225,271760,513985,930335,962476,1892811
Brisbane,2019,7,7112,7142,14254,1547,1562,3109,8659,8704,17363,Brisbane,807079,791137,1598216,313718,267968,581686,1120797,1059105,2179902
Brisbane,2019,8,6830,6842,13672,1529,1535,3064,8359,8377,16736,Brisbane,767014,761185,1528199,272091,295442,567533,1039105,1056627,2095732
Brisbane,2019,9,6740,6771,13511,1476,1492,2968,8216,8263,16479,Brisbane,760862,757044,1517906,262254,278326,540580,1023116,1035370,2058486
Brisbane,2019,10,7000,7032,14032,1507,1511,3018,8507,8543,17050,Brisbane,807162,817472,1624634,295301,259813,555114,1102463,1077285,2179748
Brisbane,2019,11,6579,6600,13179,1427,1427,2854,8006,8027,16033,Brisbane,746493,752828,1499321,255212,266720,521932,1001705,1019548,2021253
Brisbane,2019,12,6662,6700,13362,1590,1592,3182,8252,8292,16544,Brisbane,773116,744192,1517308,284412,327751,612163,1057528,1071943,2129471
Brisbane,2020,1,6457,6510,12967,1628,1627,3255,8085,8137,16222,Brisbane,707885,734476,1442361,333471,283668,617139,1041356,1018144,2059500
Brisbane,2020,2,6070,6104,12174,1324,1328,2652,7394,7432,14826,Brisbane,606981,612685,1219666,223875,197282,421157,830856,809967,1640823
Brisbane,2020,3,5403,5429,10832,979,974,1953,6382,6403,12785,Brisbane,445000,440149,885149,138690,125177,263867,583690,565326,1149016
Brisbane,2020,4,1025,1030,2055,115,113,228,1140,1143,2283,Brisbane,26799,28101,54900,2379,6582,8961,29178,34683,63861
Brisbane,2020,5,831,837,1668,140,141,281,971,978,1949,Brisbane,32659,32637,65296,1809,2679,4488,34468,35316,69784
Brisbane,2020,6,1205,1220,2425,146,158,304,1351,1378,2729,Brisbane,71393,76000,147393,4496,5537,10033,75889,81537,157426
Brisbane,2020,7,2065,2103,4168,172,171,343,2237,2274,4511,Brisbane,180038,171365,351403,3985,7081,11066,184023,178446,362469
Brisbane,2020,8,2119,2166,4285,176,183,359,2295,2349,4644,Brisbane,140987,146225,287212,2853,8057,10910,143840,154282,298122
Brisbane,2020,9,2239,2273,4512,172,170,342,2411,2443,4854,Brisbane,154735,156829,311564,2123,5762,7885,156858,162591,319449
Brisbane,2020,10,2429,2470,4899,188,185,373,2617,2655,5272,Brisbane,193051,184825,377876,5315,7184,12499,198366,192009,390375
Brisbane,2020,11,2702,2724,5426,187,192,379,2889,2916,5805,Brisbane,217430,224522,441952,4601,4844,9445,222031,229366,451397
Brisbane,2020,12,4258,4298,8556,207,211,418,4465,4509,8974,Brisbane,414477,387548,802025,5302,5539,10841,419779,393087,812866
Brisbane,2021,1,3586,3641,7227,174,179,353,3760,3820,7580,Brisbane,267902,283907,551809,4659,5284,9943,272561,289191,561752
Brisbane,2021,2,3515,3549,7064,168,170,338,3683,3719,7402,Brisbane,298130,300469,598599,4586,4144,8730,302716,304613,607329
Brisbane,2021,3,4753,4794,9547,190,189,379,4943,4983,9926,Brisbane,427648,425920,853568,6444,3936,10380,434092,429856,863948
Brisbane,2021,4,4653,4677,9330,251,248,499,4904,4925,9829,Brisbane,429654,437156,866810,9980,11642,21622,439634,448798,888432
Brisbane,2021,5,5156,5179,10335,370,365,735,5526,5544,11070,Brisbane,511000,503556,1014556,25723,22710,48433,536723,526266,1062989
Brisbane,2021,6,4814,4828,9642,394,377,771,5208,5205,10413,Brisbane,430307,432858,863165,28021,24882,52903,458328,457740,916068
Brisbane,2021,7,3651,3659,7310,383,370,753,4034,4029,8063,Brisbane,249494,245299,494793,19956,21025,40981,269450,266324,535774
Brisbane,2021,8,2268,2287,4555,248,253,501,2516,2540,5056,Brisbane,121497,122053,243550,5549,4909,10458,127046,126962,254008
Brisbane,2021,9,2911,2934,5845,275,270,545,3186,3204,6390,Brisbane,218867,223494,442361,3420,4240,7660,222287,227734,450021
Brisbane,2021,10,3118,3148,6266,279,269,548,3397,3417,6814,Brisbane,234056,228529,462585,3399,4891,8290,237455,233420,470875
Brisbane,2021,11,3354,3387,6741,294,292,586,3648,3679,7327,Brisbane,250852,253869,504721,2578,7419,9997,253430,261288,514718
Brisbane,2021,12,4839,4889,9728,303,308,611,5142,5197,10339,Brisbane,395624,366513,762137,4454,14148,18602,400078,380661,780739
Brisbane,2022,1,4491,4513,9004,276,271,547,4767,4784,9551,Brisbane,344849,354577,699426,13581,11602,25183,358430,366179,724609
Brisbane,2022,2,3873,3903,7776,300,300,600,4173,4203,8376,Brisbane,353768,356813,710581,29642,16900,46542,383410,373713,757123
Brisbane,2022,3,5346,5368,10714,350,351,701,5696,5719,11415,Brisbane,512295,519705,1032000,44992,40392,85384,557287,560097,1117384
Brisbane,2022,4,6011,6021,12032,472,474,946,6483,6495,12978,Brisbane,656158,657024,1313182,75699,78551,154250,731857,735575,1467432
Brisbane,2022,5,6315,6359,12674,529,531,1060,6844,6890,13734,Brisbane,634184,628422,1262606,84015,90484,174499,718199,718906,1437105
Brisbane,2022,6,6100,6134,12234,559,556,1115,6659,6690,13349,Brisbane,654731,657804,1312535,96894,110899,207793,751625,768703,1520328
Brisbane,2022,7,5992,6019,12011,688,688,1376,6680,6707,13387,Brisbane,698031,688182,1386213,141980,131641,273621,840011,819823,1659834
Brisbane,2022,8,5920,5944,11864,697,694,1391,6617,6638,13255,Brisbane,644200,639823,1284023,139711,135646,275357,783911,775469,1559380
Brisbane,2022,9,5825,5813,11638,706,707,1413,6531,6520,13051,Brisbane,677647,667478,1345125,147935,143906,291841,825582,811384,1636966
Brisbane,2022,10,6048,6059,12107,767,769,1536,6815,6828,13643,Brisbane,694615,697835,1392450,164173,145909,310082,858788,843744,1702532
Brisbane,2022,11,6202,6200,12402,830,840,1670,7032,7040,14072,Brisbane,662151,674355,1336506,160209,164470,324679,822360,838825,1661185
Brisbane,2022,12,6374,6368,12742,915,918,1833,7289,7286,14575,Brisbane,655328,644468,1299796,168050,192056,360106,823378,836524,1659902
Brisbane,2023,1,6348,6369,12717,954,964,1918,7302,7333,14635,Brisbane,615812,622489,1238301,202387,175332,377719,818199,797821,1616020
Brisbane,2023,2,5915,5928,11843,812,820,1632,6727,6748,13475,Brisbane,572715,567534,1140249,165788,148389,314177,738503,715923,1454426
Brisbane,2023,3,6698,6721,13419,895,902,1797,7593,7623,15216,Brisbane,687168,693293,1380461,173754,173503,347257,860922,866796,1727718
Brisbane,2023,4,6462,6475,12937,963,975,1938,7425,7450,14875,Brisbane,666202,655732,1321934,177699,184288,361987,843901,840020,1683921
Brisbane,2023,5,6838,6843,13681,955,965,1920,7793,7808,15601,Brisbane,670900,666949,1337849,173763,180078,353841,844663,847027,1691690
Brisbane,2023,6,6584,6599,13183,1008,1012,2020,7592,7611,15203,Brisbane,673019,668794,1341813,190044,207687,397731,863063,876481,1739544
Brisbane,2023,7,6742,6741,13483,1058,1071,2129,7800,7812,15612,Brisbane,730163,708229,1438392,225371,206945,432316,955534,915174,1870708
Brisbane,2023,8,6879,6877,13756,1043,1061,2104,7922,7938,15860,Brisbane,708809,706897,1415706,207038,215279,422317,915847,922176,1838023
Brisbane,2023,9,6697,6678,13375,1058,1062,2120,7755,7740,15495,Brisbane,727365,722667,1450032,217038,216383,433421,944403,939050,1883453
Brisbane,2023,10,6826,6840,13666,1075,1078,2153,7901,7918,15819,Brisbane,730214,737807,1468021,225733,208142,433875,955947,945949,1901896
Brisbane,2023,11,6614,6633,13247,1172,1177,2349,7786,7810,15596,Brisbane,711614,719765,1431379,213208,227229,440437,924822,946994,1871816
Brisbane,2023,12,6472,6476,12948,1372,1373,2745,7844,7849,15693,Brisbane,696715,682245,1378960,249928,280462,530390,946643,962707,1909350
Brisbane,2024,1,6351,6369,12720,1369,1376,2745,7720,7745,15465,Brisbane,626280,631193,1257473,284827,238356,523183,911107,869549,1780656
Brisbane,2024,2,6257,6274,12531,1214,1225,2439,7471,7499,14970,Brisbane,633353,637597,1270950,241020,221717,462737,874373,859314,1733687
Brisbane,2024,3,6660,6670,13330,1299,1314,2613,7959,7984,15943,Brisbane,691994,687596,1379590,240810,249842,490652,932804,937438,1870242
Brisbane,2024,4,6701,6721,13422,1228,1231,2459,7929,7952,15881,Brisbane,677898,672768,1350666,233829,234502,468331,911727,907270,1818997
Brisbane,2024,5,6872,6909,13781,1206,1204,2410,8078,8113,16191,Brisbane,705787,700883,1406670,221626,231012,452638,927413,931895,1859308
Brisbane,2024,6,6535,6558,13093,1210,1214,2424,7745,7772,15517,Brisbane,698055,711252,1409307,234534,252607,487141,932589,963859,1896448
Brisbane,2024,7,7083,7089,14172,1292,1293,2585,8375,8382,16757,Brisbane,773587,750986,1524573,279427,244221,523648,1053014,995207,2048221
Brisbane,2024,8,6602,6613,13215,1279,1282,2561,7881,7895,15776,Brisbane,738386,735451,1473837,248309,263879,512188,986695,999330,1986025
Brisbane,2024,9,6646,6659,13305,1281,1275,2556,7927,7934,15861,Brisbane,755785,740514,1496299,260420,267838,528258,1016205,1008352,2024557
Brisbane,2024,10,6861,6853,13714,1307,1303,2610,8168,8156,16324,Brisbane,775966,793705,1569671,278725,258579,537304,1054691,1052284,2106975
Brisbane,2024,11,6458,6470,12928,1334,1330,2664,7792,7800,15592,Brisbane,742575,752242,1494817,257240,275082,532322,999815,1027324,2027139
Brisbane,2024,12,6525,6545,13070,1508,1505,3013,8033,8050,16083,Brisbane,741628,731302,1472930,292785,335351,628136,1034413,1066653,2101066
Brisbane,2025,1,6307,6329,12636,1520,1514,3034,7827,7843,15670,Brisbane,702488,705463,1407951,344059,293588,637647,1046547,999051,2045598
Brisbane,2025,2,5922,5939,11861,1267,1251,2518,7189,7190,14379,Brisbane,629383,623803,1253186,262101,233161,495262,891484,856964,1748448
Brisbane,2025,3,6112,6145,12257,1268,1265,2533,7380,7410,14790,Brisbane,642328,645696,1288024,241768,245700,487468,884096,891396,1775492
Brisbane,2025,4,6613,6621,13234,1365,1365,2730,7978,7986,15964,Brisbane,741206,735043,1476249,268046,284719,552765,1009252,1019762,2029014
Brisbane,2025,5,6812,6836,13648,1353,1351,2704,8165,8187,16352,Brisbane,728386,719228,1447614,261414,262439,523853,989800,981667,1971467
Brisbane,2025,6,6628,6656,13284,1382,1380,2762,8010,8036,16046,Brisbane,698485,718994,1417479,263642,281568,545210,962127,1000562,1962689
Cairns,1985,1,486,494,980,36,36,72,522,530,1052,Cairns,18840,19865,38705,1683,1329,3012,20523,21194,41717
Cairns,1985,2,384,383,767,29,29,58,413,412,825,Cairns,12977,12761,25738,1023,1238,2261,14000,13999,27999
Cairns,1985,3,454,447,901,35,35,70,489,482,971,Cairns,16189,15800,31989,1407,1383,2790,17596,17183,34779
Cairns,1985,4,445,446,891,34,34,68,479,480,959,Cairns,18046,17633,35679,2161,1442,3603,20207,19075,39282
Cairns,1985,5,479,482,961,35,35,70,514,517,1031,Cairns,20393,19871,40264,1401,1843,3244,21794,21714,43508
Cairns,1985,6,463,463,926,36,36,72,499,499,998,Cairns,21362,19550,40912,2227,1594,3821,23589,21144,44733
Cairns,1985,7,426,455,881,36,37,73,462,492,954,Cairns,22989,23005,45994,2382,1957,4339,25371,24962,50333
Cairns,1985,8,443,447,890,36,35,71,479,482,961,Cairns,25710,23356,49066,2691,2243,4934,28401,25599,54000
Cairns,1985,9,409,411,820,35,35,70,444,446,890,Cairns,21420,25153,46573,2132,1488,3620,23552,26641,50193
Cairns,1985,10,371,373,744,34,33,67,405,406,811,Cairns,21746,22420,44166,2928,1471,4399,24674,23891,48565
Cairns,1985,11,438,442,880,42,41,83,480,483,963,Cairns,20196,20825,41021,3230,2229,5459,23426,23054,46480
Cairns,1985,12,460,462,922,40,43,83,500,505,1005,Cairns,20963,20486,41449,2195,1845,4040,23158,22331,45489
Cairns,1986,1,438,438,876,41,40,81,479,478,957,Cairns,21522,22376,43898,2725,2392,5117,24247,24768,49015
Cairns,1986,2,346,352,698,39,37,76,385,389,774,Cairns,15868,15667,31535,1657,1605,3262,17525,17272,34797
Cairns,1986,3,441,442,883,45,46,91,486,488,974,Cairns,21727,20466,42193,2105,2088,4193,23832,22554,46386
Cairns,1986,4,453,445,898,44,45,89,497,490,987,Cairns,22648,22332,44980,2876,2365,5241,25524,24697,50221
Cairns,1986,5,467,474,941,46,47,93,513,521,1034,Cairns,22846,22503,45349,1882,2266,4148,24728,24769,49497
Cairns,1986,6,485,477,962,43,43,86,528,520,1048,Cairns,25229,23192,48421,2782,2115,4897,28011,25307,53318
Cairns,1986,7,476,480,956,45,44,89,521,524,1045,Cairns,27911,26182,54093,3583,3073,6656,31494,29255,60749
Cairns,1986,8,557,567,1124,39,39,78,596,606,1202,Cairns,33350,30767,64117,3095,2895,5990,36445,33662,70107
Cairns,1986,9,564,579,1143,40,40,80,604,619,1223,Cairns,26942,31597,58539,3157,2093,5250,30099,33690,63789
Cairns,1986,10,616,639,1255,46,46,92,662,685,1347,Cairns,30330,31157,61487,3935,2598,6533,34265,33755,68020
Cairns,1986,11,543,562,1105,46,45,91,589,607,1196,Cairns,25577,25961,51538,3415,2756,6171,28992,28717,57709
Cairns,1986,12,594,596,1190,47,46,93,641,642,1283,Cairns,26929,26074,53003,3316,2639,5955,30245,28713,58958
Cairns,1987,1,570,580,1150,51,52,103,621,632,1253,Cairns,27097,29494,56591,4302,3241,7543,31399,32735,64134
Cairns,1987,2,462,477,939,44,44,88,506,521,1027,Cairns,22217,21307,43524,2812,2928,5740,25029,24235,49264
Cairns,1987,3,540,550,1090,48,47,95,588,597,1185,Cairns,24993,24109,49102,2525,2427,4952,27518,26536,54054
Cairns,1987,4,570,593,1163,58,58,116,628,651,1279,Cairns,29291,29109,58400,5406,4517,9923,34697,33626,68323
Cairns,1987,5,561,572,1133,57,58,115,618,630,1248,Cairns,26290,25562,51852,4251,4090,8341,30541,29652,60193
Cairns,1987,6,582,590,1172,54,54,108,636,644,1280,Cairns,30811,27010,57821,5347,3979,9326,36158,30989,67147
Cairns,1987,7,644,646,1290,60,61,121,704,707,1411,Cairns,38496,39443,77939,5957,5187,11144,44453,44630,89083
Cairns,1987,8,628,633,1261,57,56,113,685,689,1374,Cairns,36030,36487,72517,4757,4797,9554,40787,41284,82071
Cairns,1987,9,643,640,1283,67,64,131,710,704,1414,Cairns,35631,34708,70339,5559,4713,10272,41190,39421,80611
Cairns,1987,10,720,721,1441,75,73,148,795,794,1589,Cairns,36196,40571,76767,7435,4650,12085,43631,45221,88852
Cairns,1987,11,667,674,1341,77,77,154,744,751,1495,Cairns,31671,32874,64545,6466,4839,11305,38137,37713,75850
Cairns,1987,12,727,729,1456,83,81,164,810,810,1620,Cairns,31426,30679,62105,5456,4648,10104,36882,35327,72209
Cairns,1988,1,702,703,1405,81,81,162,783,784,1567,Cairns,31786,34226,66012,5930,4748,10678,37716,38974,76690
Cairns,1988,2,566,553,1119,74,75,149,640,628,1268,Cairns,25984,25759,51743,4961,3959,8920,30945,29718,60663
Cairns,1988,3,624,639,1263,87,87,174,711,726,1437,Cairns,32226,31193,63419,5353,5196,10549,37579,36389,73968
Cairns,1988,4,661,658,1319,80,79,159,741,737,1478,Cairns,32250,33138,65388,5673,5050,10723,37923,38188,76111
Cairns,1988,5,607,608,1215,92,91,183,699,699,1398,Cairns,31847,31244,63091,5680,5520,11200,37527,36764,74291
Cairns,1988,6,658,655,1313,92,95,187,750,750,1500,Cairns,36345,33405,69750,7904,5649,13553,44249,39054,83303
Cairns,1988,7,760,755,1515,96,94,190,856,849,1705,Cairns,47989,48498,96487,8186,6248,14434,56175,54746,110921
Cairns,1988,8,709,707,1416,100,100,200,809,807,1616,Cairns,44165,45087,89252,8581,8426,17007,52746,53513,106259
Cairns,1988,9,709,686,1395,98,99,197,807,785,1592,Cairns,42744,42640,85384,8488,6645,15133,51232,49285,100517
Cairns,1988,10,727,708,1435,97,96,193,824,804,1628,Cairns,40411,42578,82989,8334,6711,15045,48745,49289,98034
Cairns,1988,11,702,688,1390,124,125,249,826,813,1639,Cairns,33729,34487,68216,8676,7756,16432,42405,42243,84648
Cairns,1988,12,735,721,1456,136,138,274,871,859,1730,Cairns,32713,33250,65963,9045,7076,16121,41758,40326,82084
Cairns,1989,1,703,706,1409,145,143,288,848,849,1697,Cairns,32906,34751,67657,9637,9132,18769,42543,43883,86426
Cairns,1989,2,581,609,1190,121,121,242,702,730,1432,Cairns,25237,25452,50689,8068,6423,14491,33305,31875,65180
Cairns,1989,3,715,691,1406,129,130,259,844,821,1665,Cairns,33523,32518,66041,7653,7938,15591,41176,40456,81632
Cairns,1989,4,711,692,1403,124,125,249,835,817,1652,Cairns,31683,31908,63591,7840,7909,15749,39523,39817,79340
Cairns,1989,5,696,693,1389,124,124,248,820,817,1637,Cairns,28737,28395,57132,6892,7800,14692,35629,36195,71824
Cairns,1989,6,730,715,1445,129,127,256,859,842,1701,Cairns,38196,32518,70714,9172,6910,16082,47368,39428,86796
Cairns,1989,7,813,809,1622,139,140,279,952,949,1901,Cairns,42169,45618,87787,12392,9649,22041,54561,55267,109828
Cairns,1989,8,575,577,1152,131,131,262,706,708,1414,Cairns,28156,29468,57624,11575,11110,22685,39731,40578,80309
Cairns,1989,9,273,285,558,139,138,277,412,423,835,Cairns,10792,12658,23450,9944,8714,18658,20736,21372,42108
Cairns,1989,10,316,306,622,133,132,265,449,438,887,Cairns,14576,15952,30528,10510,8580,19090,25086,24532,49618
Cairns,1989,11,331,330,661,133,126,259,464,456,920,Cairns,16333,16421,32754,8864,7824,16688,25197,24245,49442
Cairns,1989,12,400,400,800,130,130,260,530,530,1060,Cairns,21783,21469,43252,9725,8387,18112,31508,29856,61364
Cairns,1990,1,460,459,919,131,130,261,591,589,1180,Cairns,24477,26896,51373,12292,10662,22954,36769,37558,74327
Cairns,1990,2,411,410,821,116,114,230,527,524,1051,Cairns,21025,21597,42622,9530,8477,18007,30555,30074,60629
Cairns,1990,3,525,522,1047,130,132,262,655,654,1309,Cairns,26607,26584,53191,9951,10505,20456,36558,37089,73647
Cairns,1990,4,524,526,1050,131,131,262,655,657,1312,Cairns,31248,30361,61609,9974,10280,20254,41222,40641,81863
Cairns,1990,5,576,576,1152,133,134,267,709,710,1419,Cairns,26438,26536,52974,9794,10724,20518,36232,37260,73492
Cairns,1990,6,627,626,1253,131,133,264,758,759,1517,Cairns,32577,30289,62866,11394,9505,20899,43971,39794,83765
Cairns,1990,7,718,716,1434,158,157,315,876,873,1749,Cairns,42669,43052,85721,14120,11951,26071,56789,55003,111792
Cairns,1990,8,886,878,1764,154,156,310,1040,1034,2074,Cairns,40078,41202,81280,14118,13939,28057,54196,55141,109337
Cairns,1990,9,830,821,1651,168,165,333,998,986,1984,Cairns,42043,39673,81716,12313,12653,24966,54356,52326,106682
Cairns,1990,10,865,856,1721,162,162,324,1027,1018,2045,Cairns,38494,41813,80307,13556,10585,24141,52050,52398,104448
Cairns,1990,11,872,868,1740,216,218,434,1088,1086,2174,Cairns,34725,35572,70297,13230,12737,25967,47955,48309,96264
Cairns,1990,12,657,658,1315,226,226,452,883,884,1767,Cairns,33926,32758,66684,14458,12588,27046,48384,45346,93730
Cairns,1991,1,896,891,1787,231,228,459,1127,1119,2246,Cairns,40656,43143,83799,15375,15169,30544,56031,58312,114343
Cairns,1991,2,742,743,1485,204,204,408,946,947,1893,Cairns,28738,29549,58287,11649,10246,21895,40387,39795,80182
Cairns,1991,3,920,920,1840,232,232,464,1152,1152,2304,Cairns,35587,32916,68503,13679,13302,26981,49266,46218,95484
Cairns,1991,4,956,957,1913,196,196,392,1152,1153,2305,Cairns,41733,41361,83094,12855,12348,25203,54588,53709,108297
Cairns,1991,5,1028,1022,2050,201,200,401,1229,1222,2451,Cairns,44000,41967,85967,15329,15171,30500,59329,57138,116467
Cairns,1991,6,1038,1042,2080,205,203,408,1243,1245,2488,Cairns,59368,54417,113785,20061,17128,37189,79429,71545,150974
Cairns,1991,7,1134,1140,2274,206,206,412,1340,1346,2686,Cairns,68911,67302,136213,19918,18339,38257,88829,85641,174470
Cairns,1991,8,1123,1129,2252,209,210,419,1332,1339,2671,Cairns,66319,66922,133241,16961,18079,35040,83280,85001,168281
Cairns,1991,9,1149,1150,2299,193,193,386,1342,1343,2685,Cairns,68985,66956,135941,16527,15898,32425,85512,82854,168366
Cairns,1991,10,1216,1215,2431,197,197,394,1413,1412,2825,Cairns,65144,71599,136743,16476,14836,31312,81620,86435,168055
Cairns,1991,11,1169,1160,2329,253,253,506,1422,1413,2835,Cairns,56021,57815,113836,16970,16343,33313,72991,74158,147149
Cairns,1991,12,1138,1137,2275,284,284,568,1422,1421,2843,Cairns,54741,53287,108028,20595,16720,37315,75336,70007,145343
Cairns,1992,1,1114,1117,2231,279,280,559,1393,1397,2790,Cairns,51382,56059,107441,19595,18815,38410,70977,74874,145851
Cairns,1992,2,955,950,1905,260,259,519,1215,1209,2424,Cairns,39161,40176,79337,16197,14747,30944,55358,54923,110281
Cairns,1992,3,993,997,1990,279,279,558,1272,1276,2548,Cairns,46292,43977,90269,16689,17098,33787,62981,61075,124056
Cairns,1992,4,1073,1069,2142,324,324,648,1397,1393,2790,Cairns,52714,54219,106933,20165,17392,37557,72879,71611,144490
Cairns,1992,5,1032,1037,2069,324,324,648,1356,1361,2717,Cairns,45452,45535,90987,22048,19384,41432,67500,64919,132419
Cairns,1992,6,1052,1046,2098,316,319,635,1368,1365,2733,Cairns,51390,49820,101210,25235,20797,46032,76625,70617,147242
Cairns,1992,7,1179,1182,2361,333,331,664,1512,1513,3025,Cairns,60559,60693,121252,29118,23191,52309,89677,83884,173561
Cairns,1992,8,1169,1161,2330,329,330,659,1498,1491,2989,Cairns,57933,59406,117339,26273,24618,50891,84206,84024,168230
Cairns,1992,9,1147,1139,2286,326,324,650,1473,1463,2936,Cairns,56841,57492,114333,23342,20995,44337,80183,78487,158670
Cairns,1992,10,1231,1220,2451,332,335,667,1563,1555,3118,Cairns,59406,66474,125880,27307,16945,44252,86713,83419,170132
Cairns,1992,11,1186,1184,2370,352,353,705,1538,1537,3075,Cairns,53457,56579,110036,28556,22819,51375,82013,79398,161411
Cairns,1992,12,1192,1190,2382,384,380,764,1576,1570,3146,Cairns,52112,54554,106666,32401,22486,54887,84513,77040,161553
Cairns,1993,1,1145,1145,2290,391,391,782,1536,1536,3072,Cairns,55726,59908,115634,31617,27078,58695,87343,86986,174329
Cairns,1993,2,987,984,1971,330,330,660,1317,1314,2631,Cairns,42850,45400,88250,26095,19603,45698,68945,65003,133948
Cairns,1993,3,1126,1122,2248,361,361,722,1487,1483,2970,Cairns,52215,51242,103457,23672,24359,48031,75887,75601,151488
Cairns,1993,4,1132,1129,2261,357,357,714,1489,1486,2975,Cairns,56669,59108,115777,24217,20806,45023,80886,79914,160800
Cairns,1993,5,1124,1114,2238,366,370,736,1490,1484,2974,Cairns,54910,55047,109957,27450,23537,50987,82360,78584,160944
Cairns,1993,6,1115,1114,2229,360,354,714,1475,1468,2943,Cairns,61274,58496,119770,29986,23676,53662,91260,82172,173432
Cairns,1993,7,1220,1222,2442,380,378,758,1600,1600,3200,Cairns,67079,67333,134412,31461,26000,57461,98540,93333,191873
Cairns,1993,8,1227,1221,2448,374,372,746,1601,1593,3194,Cairns,66530,66169,132699,32195,32128,64323,98725,98297,197022
Cairns,1993,9,1220,1209,2429,363,363,726,1583,1572,3155,Cairns,63734,65094,128828,27573,23783,51356,91307,88877,180184
Cairns,1993,10,1293,1291,2584,375,371,746,1668,1662,3330,Cairns,67467,73043,140510,32766,23618,56384,100233,96661,196894
Cairns,1993,11,1237,1235,2472,373,373,746,1610,1608,3218,Cairns,62058,66569,128627,31873,24373,56246,93931,90942,184873
Cairns,1993,12,1225,1228,2453,400,394,794,1625,1622,3247,Cairns,59397,63441,122838,37256,26315,63571,96653,89756,186409
Cairns,1994,1,1238,1244,2482,391,395,786,1629,1639,3268,Cairns,61323,65795,127118,33668,29828,63496,94991,95623,190614
Cairns,1994,2,1096,1094,2190,349,351,700,1445,1445,2890,Cairns,51256,55023,106279,34183,23984,58167,85439,79007,164446
Cairns,1994,3,1263,1263,2526,392,387,779,1655,1650,3305,Cairns,63034,63519,126553,32101,28370,60471,95135,91889,187024
Cairns,1994,4,1273,1279,2552,389,383,772,1662,1662,3324,Cairns,64247,66528,130775,27534,22088,49622,91781,88616,180397
Cairns,1994,5,1259,1269,2528,409,397,806,1668,1666,3334,Cairns,60539,60277,120816,27912,24232,52144,88451,84509,172960
Cairns,1994,6,1261,1266,2527,396,388,784,1657,1654,3311,Cairns,69255,66457,135712,31364,23510,54874,100619,89967,190586
Cairns,1994,7,1393,1397,2790,402,393,795,1795,1790,3585,Cairns,82085,84490,166575,31988,26048,58036,114073,110538,224611
Cairns,1994,8,1408,1416,2824,410,401,811,1818,1817,3635,Cairns,80820,82395,163215,32717,36287,69004,113537,118682,232219
Cairns,1994,9,1352,1361,2713,393,385,778,1745,1746,3491,Cairns,76023,78295,154318,25303,25074,50377,101326,103369,204695
Cairns,1994,10,1436,1443,2879,399,395,794,1835,1838,3673,Cairns,81518,87844,169362,29723,24847,54570,111241,112691,223932
Cairns,1994,11,1356,1353,2709,394,393,787,1750,1746,3496,Cairns,72940,75225,148165,26115,24753,50868,99055,99978,199033
Cairns,1994,12,1378,1377,2755,398,393,791,1776,1770,3546,Cairns,68367,73212,141579,33156,24490,57646,101523,97702,199225
Cairns,1995,1,1340,1339,2679,404,399,803,1744,1738,3482,Cairns,74221,77693,151914,29904,30614,60518,104125,108307,212432
Cairns,1995,2,1171,1172,2343,358,353,711,1529,1525,3054,Cairns,59194,61302,120496,23832,21971,45803,83026,83273,166299
Cairns,1995,3,1351,1346,2697,389,389,778,1740,1735,3475,Cairns,67160,66937,134097,25513,26678,52191,92673,93615,186288
Cairns,1995,4,1357,1358,2715,388,384,772,1745,1742,3487,Cairns,72917,73542,146459,23163,22810,45973,96080,96352,192432
Cairns,1995,5,1364,1370,2734,392,396,788,1756,1766,3522,Cairns,68019,66300,134319,21897,26443,48340,89916,92743,182659
Cairns,1995,6,1347,1340,2687,384,386,770,1731,1726,3457,Cairns,75125,71846,146971,24090,23961,48051,99215,95807,195022
Cairns,1995,7,1457,1454,2911,402,402,804,1859,1856,3715,Cairns,90876,89119,179995,30610,27929,58539,121486,117048,238534
Cairns,1995,8,1475,1470,2945,400,406,806,1875,1876,3751,Cairns,90472,90571,181043,33045,39441,72486,123517,130012,253529
Cairns,1995,9,1432,1428,2860,378,380,758,1810,1808,3618,Cairns,84618,81775,166393,24247,27552,51799,108865,109327,218192
Cairns,1995,10,1493,1490,2983,393,394,787,1886,1884,3770,Cairns,84994,89513,174507,28282,25170,53452,113276,114683,227959
Cairns,1995,11,1407,1404,2811,389,392,781,1796,1796,3592,Cairns,77845,78448,156293,27454,29454,56908,105299,107902,213201
Cairns,1995,12,1445,1424,2869,414,415,829,1859,1839,3698,Cairns,73989,77551,151540,36612,27725,64337,110601,105276,215877
Cairns,1996,1,1402,1397,2799,406,414,820,1808,1811,3619,Cairns,76236,77438,153674,30383,34522,64905,106619,111960,218579
Cairns,1996,2,1267,1265,2532,391,392,783,1658,1657,3315,Cairns,65107,69158,134265,31926,27500,59426,97033,96658,193691
Cairns,1996,3,1361,1353,2714,410,414,824,1771,1767,3538,Cairns,73806,73195,147001,28282,30739,59021,102088,103934,206022
Cairns,1996,4,1370,1372,2742,392,392,784,1762,1764,3526,Cairns,78167,77360,155527,24457,25328,49785,102624,102688,205312
Cairns,1996,5,1348,1346,2694,408,407,815,1756,1753,3509,Cairns,70032,69662,139694,22935,26410,49345,92967,96072,189039
Cairns,1996,6,1334,1335,2669,399,400,799,1733,1735,3468,Cairns,81708,78567,160275,27475,27172,54647,109183,105739,214922
Cairns,1996,7,1441,1436,2877,426,437,863,1867,1873,3740,Cairns,91388,92139,183527,32453,29758,62211,123841,121897,245738
Cairns,1996,8,1452,1440,2892,422,432,854,1874,1872,3746,Cairns,90716,91634,182350,33840,38961,72801,124556,130595,255151
Cairns,1996,9,1396,1393,2789,419,427,846,1815,1820,3635,Cairns,84809,82387,167196,30631,30371,61002,115440,112758,228198
Cairns,1996,10,1534,1527,3061,423,427,850,1957,1954,3911,Cairns,88644,93043,181687,30954,27523,58477,119598,120566,240164
Cairns,1996,11,1468,1464,2932,426,417,843,1894,1881,3775,Cairns,79823,82382,162205,29871,28321,58192,109694,110703,220397
Cairns,1996,12,1514,1517,3031,451,443,894,1965,1960,3925,Cairns,77275,81839,159114,41360,28224,69584,118635,110063,228698
Cairns,1997,1,1445,1452,2897,431,430,861,1876,1882,3758,Cairns,77855,81359,159214,32539,35271,67810,110394,116630,227024
Cairns,1997,2,1319,1323,2642,394,384,778,1713,1707,3420,Cairns,65064,69389,134453,34380,29328,63708,99444,98717,198161
Cairns,1997,3,1388,1389,2777,424,424,848,1812,1813,3625,Cairns,76196,74764,150960,33010,32231,65241,109206,106995,216201
Cairns,1997,4,1396,1395,2791,346,357,703,1742,1752,3494,Cairns,71587,72530,144117,26845,28141,54986,98432,100671,199103
Cairns,1997,5,1386,1385,2771,362,363,725,1748,1748,3496,Cairns,69091,67065,136156,23866,25450,49316,92957,92515,185472
Cairns,1997,6,1376,1372,2748,364,372,736,1740,1744,3484,Cairns,80701,75630,156331,29619,27161,56780,110320,102791,213111
Cairns,1997,7,1474,1474,2948,374,387,761,1848,1861,3709,Cairns,92852,95613,188465,36984,32082,69066,129836,127695,257531
Cairns,1997,8,1461,1458,2919,383,388,771,1844,1846,3690,Cairns,94998,97259,192257,36031,41002,77033,131029,138261,269290
Cairns,1997,9,1427,1429,2856,362,365,727,1789,1794,3583,Cairns,85222,83706,168928,30718,31126,61844,115940,114832,230772
Cairns,1997,10,1510,1511,3021,375,381,756,1885,1892,3777,Cairns,89705,95400,185105,32609,28821,61430,122314,124221,246535
Cairns,1997,11,1407,1404,2811,341,348,689,1748,1752,3500,Cairns,76330,78768,155098,29527,31209,60736,105857,109977,215834
Cairns,1997,12,1443,1448,2891,347,354,701,1790,1802,3592,Cairns,72450,74704,147154,31897,25263,57160,104347,99967,204314
Cairns,1998,1,1437,1442,2879,345,347,692,1782,1789,3571,Cairns,72359,76673,149032,27675,31286,58961,100034,107959,207993
Cairns,1998,2,1236,1237,2473,300,303,603,1536,1540,3076,Cairns,57867,60301,118168,26265,26337,52602,84132,86638,170770
Cairns,1998,3,1396,1399,2795,329,331,660,1725,1730,3455,Cairns,71383,68891,140274,27306,27910,55216,98689,96801,195490
Cairns,1998,4,1395,1390,2785,310,316,626,1705,1706,3411,Cairns,77836,77747,155583,24192,26198,50390,102028,103945,205973
Cairns,1998,5,1402,1396,2798,319,323,642,1721,1719,3440,Cairns,68873,68790,137663,22471,24708,47179,91344,93498,184842
Cairns,1998,6,1368,1367,2735,305,308,613,1673,1675,3348,Cairns,79727,76406,156133,26771,26235,53006,106498,102641,209139
Cairns,1998,7,1471,1468,2939,333,333,666,1804,1801,3605,Cairns,91917,93617,185534,33275,31711,64986,125192,125328,250520
Cairns,1998,8,1453,1455,2908,322,323,645,1775,1778,3553,Cairns,93389,94942,188331,32697,37490,70187,126086,132432,258518
Cairns,1998,9,1449,1446,2895,311,310,621,1760,1756,3516,Cairns,87461,86458,173919,30545,31604,62149,118006,118062,236068
Cairns,1998,10,1517,1524,3041,317,310,627,1834,1834,3668,Cairns,92876,98072,190948,29962,28735,58697,122838,126807,249645
Cairns,1998,11,1427,1426,2853,296,296,592,1723,1722,3445,Cairns,82279,83374,165653,27752,30062,57814,110031,113436,223467
Cairns,1998,12,1460,1461,2921,311,308,619,1771,1769,3540,Cairns,76454,78025,154479,30858,26013,56871,107312,104038,211350
Cairns,1999,1,1412,1411,2823,307,312,619,1719,1723,3442,Cairns,75109,78634,153743,26400,30153,56553,101509,108787,210296
Cairns,1999,2,1241,1239,2480,282,279,561,1523,1518,3041,Cairns,63511,65006,128517,26675,23630,50305,90186,88636,178822
Cairns,1999,3,1424,1427,2851,321,320,641,1745,1747,3492,Cairns,77517,75366,152883,27752,28857,56609,105269,104223,209492
Cairns,1999,4,1389,1393,2782,316,314,630,1705,1707,3412,Cairns,79944,77749,157693,23264,27279,50543,103208,105028,208236
Cairns,1999,5,1416,1421,2837,321,316,637,1737,1737,3474,Cairns,76783,75022,151805,21519,25241,46760,98302,100263,198565
Cairns,1999,6,1410,1419,2829,291,286,577,1701,1705,3406,Cairns,87244,81457,168701,26436,25533,51969,113680,106990,220670
Cairns,1999,7,1511,1517,3028,317,315,632,1828,1832,3660,Cairns,100213,100533,200746,32252,29828,62080,132465,130361,262826
Cairns,1999,8,1465,1470,2935,306,301,607,1771,1771,3542,Cairns,98449,101416,199865,30593,34235,64828,129042,135651,264693
Cairns,1999,9,1427,1430,2857,305,301,606,1732,1731,3463,Cairns,94311,91970,186281,29077,28437,57514,123388,120407,243795
Cairns,1999,10,1486,1490,2976,305,302,607,1791,1792,3583,Cairns,97369,99557,196926,29302,27813,57115,126671,127370,254041
Cairns,1999,11,1401,1401,2802,278,274,552,1679,1675,3354,Cairns,84985,85592,170577,27079,28307,55386,112064,113899,225963
Cairns,1999,12,1440,1435,2875,283,285,568,1723,1720,3443,Cairns,76999,78172,155171,27073,23924,50997,104072,102096,206168
Cairns,2000,1,1417,1415,2832,275,270,545,1692,1685,3377,Cairns,74969,77009,151978,23591,24206,47797,98560,101215,199775
Cairns,2000,2,1317,1314,2631,253,255,508,1570,1569,3139,Cairns,68766,70218,138984,26080,23720,49800,94846,93938,188784
Cairns,2000,3,1454,1456,2910,277,279,556,1731,1735,3466,Cairns,77908,74469,152377,25976,28293,54269,103884,102762,206646
Cairns,2000,4,1406,1408,2814,271,270,541,1677,1678,3355,Cairns,83733,81871,165604,25685,25901,51586,109418,107772,217190
Cairns,2000,5,1495,1496,2991,275,275,550,1770,1771,3541,Cairns,81817,80717,162534,24323,27257,51580,106140,107974,214114
Cairns,2000,6,1476,1471,2947,272,273,545,1748,1744,3492,Cairns,93137,88277,181414,27172,25797,52969,120309,114074,234383
Cairns,2000,7,1558,1560,3118,284,281,565,1842,1841,3683,Cairns,99629,100779,200408,32551,30177,62728,132180,130956,263136
Cairns,2000,8,1551,1550,3101,269,268,537,1820,1818,3638,Cairns,102831,103926,206757,32279,35487,67766,135110,139413,274523
Cairns,2000,9,1506,1504,3010,250,251,501,1756,1755,3511,Cairns,98930,98331,197261,24942,27067,52009,123872,125398,249270
Cairns,2000,10,1565,1566,3131,252,252,504,1817,1818,3635,Cairns,100948,102358,203306,32754,29142,61896,133702,131500,265202
Cairns,2000,11,1486,1484,2970,249,241,490,1735,1725,3460,Cairns,94273,96497,190770,32630,32793,65423,126903,129290,256193
Cairns,2000,12,1494,1500,2994,266,251,517,1760,1751,3511,Cairns,88659,92661,181320,33287,29023,62310,121946,121684,243630
Cairns,2001,1,1452,1473,2925,264,250,514,1716,1723,3439,Cairns,86942,93079,180021,29986,29195,59181,116928,122274,239202
Cairns,2001,2,1314,1322,2636,235,224,459,1549,1546,3095,Cairns,66792,68751,135543,26454,24322,50776,93246,93073,186319
Cairns,2001,3,1480,1490,2970,256,247,503,1736,1737,3473,Cairns,83956,82159,166115,29354,29556,58910,113310,111715,225025
Cairns,2001,4,1478,1474,2952,247,243,490,1725,1717,3442,Cairns,90295,89082,179377,26027,27165,53192,116322,116247,232569
Cairns,2001,5,1534,1531,3065,253,252,505,1787,1783,3570,Cairns,83488,84024,167512,24651,27175,51826,108139,111199,219338
Cairns,2001,6,1454,1458,2912,244,246,490,1698,1704,3402,Cairns,92745,88592,181337,27756,27252,55008,120501,115844,236345
Cairns,2001,7,1485,1481,2966,228,228,456,1713,1709,3422,Cairns,107043,105953,212996,29037,28446,57483,136080,134399,270479
Cairns,2001,8,1431,1431,2862,234,233,467,1665,1664,3329,Cairns,99359,103004,202363,31795,34133,65928,131154,137137,268291
Cairns,2001,9,1195,1198,2393,238,240,478,1433,1438,2871,Cairns,76837,76931,153768,26640,27707,54347,103477,104638,208115
Cairns,2001,10,1134,1129,2263,255,255,510,1389,1384,2773,Cairns,72155,71607,143762,25650,24925,50575,97805,96532,194337
Cairns,2001,11,1113,1110,2223,249,250,499,1362,1360,2722,Cairns,73927,76171,150098,26151,26647,52798,100078,102818,202896
Cairns,2001,12,1147,1149,2296,268,265,533,1415,1414,2829,Cairns,75914,76387,152301,30451,24643,55094,106365,101030,207395
Cairns,2002,1,1093,1097,2190,264,264,528,1357,1361,2718,Cairns,72663,77322,149985,28140,28915,57055,100803,106237,207040
Cairns,2002,2,1048,1046,2094,233,234,467,1281,1280,2561,Cairns,65592,69309,134901,28950,25119,54069,94542,94428,188970
Cairns,2002,3,1187,1176,2363,259,259,518,1446,1435,2881,Cairns,81376,79454,160830,33218,31235,64453,114594,110689,225283
Cairns,2002,4,1165,1162,2327,244,243,487,1409,1405,2814,Cairns,80108,81251,161359,29253,29918,59171,109361,111169,220530
Cairns,2002,5,1288,1277,2565,309,307,616,1597,1584,3181,Cairns,80502,78574,159076,28581,30130,58711,109083,108704,217787
Cairns,2002,6,1232,1227,2459,300,301,601,1532,1528,3060,Cairns,87111,83316,170427,31758,29190,60948,118869,112506,231375
Cairns,2002,7,1397,1389,2786,306,306,612,1703,1695,3398,Cairns,103269,101612,204881,33028,31489,64517,136297,133101,269398
Cairns,2002,8,1424,1421,2845,308,309,617,1732,1730,3462,Cairns,102352,103651,206003,34601,38315,72916,136953,141966,278919
Cairns,2002,9,1325,1321,2646,293,294,587,1618,1615,3233,Cairns,95435,91084,186519,30969,32670,63639,126404,123754,250158
Cairns,2002,10,1394,1389,2783,314,314,628,1708,1703,3411,Cairns,98936,99129,198065,37340,32436,69776,136276,131565,267841
Cairns,2002,11,1287,1278,2565,336,337,673,1623,1615,3238,Cairns,90423,91004,181427,35324,36121,71445,125747,127125,252872
Cairns,2002,12,1269,1263,2532,347,348,695,1616,1611,3227,Cairns,87834,86336,174170,35910,33646,69556,123744,119982,243726
Cairns,2003,1,1227,1226,2453,354,353,707,1581,1579,3160,Cairns,83214,86166,169380,35904,34735,70639,119118,120901,240019
Cairns,2003,2,1167,1164,2331,319,321,640,1486,1485,2971,Cairns,70041,71162,141203,30925,30161,61086,100966,101323,202289
Cairns,2003,3,1294,1291,2585,351,351,702,1645,1642,3287,Cairns,80613,79654,160267,32065,34794,66859,112678,114448,227126
Cairns,2003,4,1253,1248,2501,331,329,660,1584,1577,3161,Cairns,85346,85705,171051,25439,27552,52991,110785,113257,224042
Cairns,2003,5,1297,1286,2583,265,264,529,1562,1550,3112,Cairns,85471,86450,171921,19872,20728,40600,105343,107178,212521
Cairns,2003,6,1238,1234,2472,231,231,462,1469,1465,2934,Cairns,92877,90182,183059,24576,23926,48502,117453,114108,231561
Cairns,2003,7,1340,1339,2679,263,264,527,1603,1603,3206,Cairns,106400,105555,211955,30875,27413,58288,137275,132968,270243
Cairns,2003,8,1420,1417,2837,272,280,552,1692,1697,3389,Cairns,104445,107698,212143,33926,34964,68890,138371,142662,281033
Cairns,2003,9,1401,1404,2805,265,274,539,1666,1678,3344,Cairns,105899,105095,210994,32204,33713,65917,138103,138808,276911
Cairns,2003,10,1467,1463,2930,304,304,608,1771,1767,3538,Cairns,106050,110315,216365,37089,32070,69159,143139,142385,285524
Cairns,2003,11,1400,1399,2799,361,359,720,1761,1758,3519,Cairns,97735,99030,196765,36673,35911,72584,134408,134941,269349
Cairns,2003,12,1470,1473,2943,366,368,734,1836,1841,3677,Cairns,100837,100626,201463,36271,34775,71046,137108,135401,272509
Cairns,2004,1,1432,1433,2865,379,379,758,1811,1812,3623,Cairns,97476,105594,203070,36512,33924,70436,133988,139518,273506
Cairns,2004,2,1271,1269,2540,349,348,697,1620,1617,3237,Cairns,77679,80087,157766,31776,28575,60351,109455,108662,218117
Cairns,2004,3,1403,1407,2810,368,370,738,1771,1777,3548,Cairns,89539,90388,179927,33226,32978,66204,122765,123366,246131
Cairns,2004,4,1452,1451,2903,358,355,713,1810,1806,3616,Cairns,101639,101778,203417,33354,32588,65942,134993,134366,269359
Cairns,2004,5,1472,1468,2940,367,368,735,1839,1836,3675,Cairns,101940,101511,203451,32391,33545,65936,134331,135056,269387
Cairns,2004,6,1440,1436,2876,359,358,717,1799,1794,3593,Cairns,114284,109924,224208,33390,32658,66048,147674,142582,290256
Cairns,2004,7,1578,1572,3150,368,368,736,1946,1940,3886,Cairns,129466,131067,260533,38695,33214,71909,168161,164281,332442
Cairns,2004,8,1628,1629,3257,367,367,734,1995,1996,3991,Cairns,127024,127915,254939,36293,41467,77760,163317,169382,332699
Cairns,2004,9,1552,1554,3106,355,355,710,1907,1909,3816,Cairns,118540,116277,234817,37392,35464,72856,155932,151741,307673
Cairns,2004,10,1614,1610,3224,366,365,731,1980,1975,3955,Cairns,118559,122517,241076,40935,37819,78754,159494,160336,319830
Cairns,2004,11,1559,1570,3129,362,363,725,1921,1933,3854,Cairns,104582,109183,213765,39793,39791,79584,144375,148974,293349
Cairns,2004,12,1506,1501,3007,350,350,700,1856,1851,3707,Cairns,103297,102325,205622,36863,34203,71066,140160,136528,276688
Cairns,2005,1,1453,1458,2911,337,335,672,1790,1793,3583,Cairns,100664,105591,206255,39113,37860,76973,139777,143451,283228
Cairns,2005,2,1411,1407,2818,318,317,635,1729,1724,3453,Cairns,90431,92571,183002,33076,33019,66095,123507,125590,249097
Cairns,2005,3,1563,1558,3121,346,347,693,1909,1905,3814,Cairns,109542,107989,217531,38099,38431,76530,147641,146420,294061
Cairns,2005,4,1543,1539,3082,332,332,664,1875,1871,3746,Cairns,109152,109133,218285,29976,30847,60823,139128,139980,279108
Cairns,2005,5,1581,1578,3159,336,335,671,1917,1913,3830,Cairns,108763,108002,216765,28700,33264,61964,137463,141266,278729
Cairns,2005,6,1589,1586,3175,332,332,664,1921,1918,3839,Cairns,123203,117056,240259,33002,30829,63831,156205,147885,304090
Cairns,2005,7,1649,1644,3293,348,347,695,1997,1991,3988,Cairns,140786,143051,283837,38578,33760,72338,179364,176811,356175
Cairns,2005,8,1710,1708,3418,366,366,732,2076,2074,4150,Cairns,140265,142281,282546,37629,43419,81048,177894,185700,363594
Cairns,2005,9,1698,1698,3396,352,352,704,2050,2050,4100,Cairns,134205,132259,266464,38153,37265,75418,172358,169524,341882
Cairns,2005,10,1721,1719,3440,356,357,713,2077,2076,4153,Cairns,128731,134052,262783,38776,35016,73792,167507,169068,336575
Cairns,2005,11,1658,1658,3316,356,356,712,2014,2014,4028,Cairns,115642,118686,234328,38753,38455,77208,154395,157141,311536
Cairns,2005,12,1637,1627,3264,377,378,755,2014,2005,4019,Cairns,116343,114549,230892,39929,36235,76164,156272,150784,307056
Cairns,2006,1,1590,1592,3182,375,371,746,1965,1963,3928,Cairns,109322,115807,225129,40753,37480,78233,150075,153287,303362
Cairns,2006,2,1349,1346,2695,338,338,676,1687,1684,3371,Cairns,89954,93536,183490,33353,32784,66137,123307,126320,249627
Cairns,2006,3,1519,1509,3028,369,368,737,1888,1877,3765,Cairns,103418,103831,207249,35895,36073,71968,139313,139904,279217
Cairns,2006,4,1441,1425,2866,331,329,660,1772,1754,3526,Cairns,114125,113803,227928,30899,31554,62453,145024,145357,290381
Cairns,2006,5,1539,1518,3057,344,346,690,1883,1864,3747,Cairns,111451,111521,222972,28134,30388,58522,139585,141909,281494
Cairns,2006,6,1554,1534,3088,341,343,684,1895,1877,3772,Cairns,127372,120239,247611,31871,30797,62668,159243,151036,310279
Cairns,2006,7,1639,1641,3280,342,342,684,1981,1983,3964,Cairns,152746,152101,304847,31715,28879,60594,184461,180980,365441
Cairns,2006,8,1622,1623,3245,343,343,686,1965,1966,3931,Cairns,142571,143914,286485,33113,36214,69327,175684,180128,355812
Cairns,2006,9,1578,1581,3159,331,334,665,1909,1915,3824,Cairns,139296,137101,276397,33115,33425,66540,172411,170526,342937
Cairns,2006,10,1619,1617,3236,332,330,662,1951,1947,3898,Cairns,141271,142201,283472,35112,31890,67002,176383,174091,350474
Cairns,2006,11,1580,1586,3166,335,336,671,1915,1922,3837,Cairns,128939,130771,259710,32947,32541,65488,161886,163312,325198
Cairns,2006,12,1480,1478,2958,341,340,681,1821,1818,3639,Cairns,121345,120442,241787,32552,30225,62777,153897,150667,304564
Cairns,2007,1,1451,1454,2905,358,359,717,1809,1813,3622,Cairns,114541,120259,234800,31947,31554,63501,146488,151813,298301
Cairns,2007,2,1387,1388,2775,324,322,646,1711,1710,3421,Cairns,102018,104313,206331,31309,27251,58560,133327,131564,264891
Cairns,2007,3,1535,1533,3068,349,348,697,1884,1881,3765,Cairns,114595,113666,228261,30931,31172,62103,145526,144838,290364
Cairns,2007,4,1451,1460,2911,312,312,624,1763,1772,3535,Cairns,120698,119999,240697,24694,25400,50094,145392,145399,290791
Cairns,2007,5,1567,1569,3136,328,328,656,1895,1897,3792,Cairns,119278,116025,235303,23019,25929,48948,142297,141954,284251
Cairns,2007,6,1553,1533,3086,319,319,638,1872,1852,3724,Cairns,131431,122998,254429,28136,26594,54730,159567,149592,309159
Cairns,2007,7,1524,1525,3049,331,331,662,1855,1856,3711,Cairns,153718,153644,307362,32162,28765,60927,185880,182409,368289
Cairns,2007,8,1536,1536,3072,331,330,661,1867,1866,3733,Cairns,145711,146989,292700,32731,34249,66980,178442,181238,359680
Cairns,2007,9,1448,1449,2897,317,315,632,1765,1764,3529,Cairns,138720,134939,273659,28902,31021,59923,167622,165960,333582
Cairns,2007,10,1508,1499,3007,321,319,640,1829,1818,3647,Cairns,144025,145052,289077,32098,29828,61926,176123,174880,351003
Cairns,2007,11,1499,1501,3000,305,304,609,1804,1805,3609,Cairns,128781,130751,259532,30043,29487,59530,158824,160238,319062
Cairns,2007,12,1491,1489,2980,311,313,624,1802,1802,3604,Cairns,123626,120637,244263,27776,27050,54826,151402,147687,299089
Cairns,2008,1,1473,1479,2952,317,317,634,1790,1796,3586,Cairns,119673,125682,245355,27273,27304,54577,146946,152986,299932
Cairns,2008,2,1389,1389,2778,302,301,603,1691,1690,3381,Cairns,107846,111227,219073,27046,23068,50114,134892,134295,269187
Cairns,2008,3,1518,1519,3037,313,315,628,1831,1834,3665,Cairns,121225,121503,242728,27253,26655,53908,148478,148158,296636
Cairns,2008,4,1484,1481,2965,305,307,612,1789,1788,3577,Cairns,119711,118512,238223,21768,23184,44952,141479,141696,283175
Cairns,2008,5,1557,1556,3113,311,314,625,1868,1870,3738,Cairns,123664,121531,245195,22058,22571,44629,145722,144102,289824
Cairns,2008,6,1557,1555,3112,299,297,596,1856,1852,3708,Cairns,135208,128860,264068,21931,21696,43627,157139,150556,307695
Cairns,2008,7,1596,1595,3191,317,318,635,1913,1913,3826,Cairns,154430,154544,308974,26328,23019,49347,180758,177563,358321
Cairns,2008,8,1624,1605,3229,335,334,669,1959,1939,3898,Cairns,148631,150384,299015,28985,31144,60129,177616,181528,359144
Cairns,2008,9,1505,1504,3009,322,328,650,1827,1832,3659,Cairns,143994,136825,280819,24527,26023,50550,168521,162848,331369
Cairns,2008,10,1465,1466,2931,337,336,673,1802,1802,3604,Cairns,146699,150828,297527,28320,24734,53054,175019,175562,350581
Cairns,2008,11,1337,1339,2676,326,324,650,1663,1663,3326,Cairns,128202,129691,257893,24266,24527,48793,152468,154218,306686
Cairns,2008,12,1329,1326,2655,279,278,557,1608,1604,3212,Cairns,129256,125045,254301,20631,21150,41781,149887,146195,296082
Cairns,2009,1,1295,1298,2593,216,211,427,1511,1509,3020,Cairns,130359,138023,268382,18537,16984,35521,148896,155007,303903
Cairns,2009,2,1176,1178,2354,183,183,366,1359,1361,2720,Cairns,102988,106588,209576,15352,14234,29586,118340,120822,239162
Cairns,2009,3,1307,1314,2621,212,211,423,1519,1525,3044,Cairns,118938,118160,237098,18198,17539,35737,137136,135699,272835
Cairns,2009,4,1342,1340,2682,209,209,418,1551,1549,3100,Cairns,128098,127789,255887,16231,15879,32110,144329,143668,287997
Cairns,2009,5,1316,1314,2630,214,215,429,1530,1529,3059,Cairns,120353,121254,241607,14333,15001,29334,134686,136255,270941
Cairns,2009,6,1318,1320,2638,202,203,405,1520,1523,3043,Cairns,126032,121247,247279,14746,14498,29244,140778,135745,276523
Cairns,2009,7,1476,1474,2950,204,204,408,1680,1678,3358,Cairns,155297,153463,308760,17755,16377,34132,173052,169840,342892
Cairns,2009,8,1417,1423,2840,212,205,417,1629,1628,3257,Cairns,142390,147829,290219,18813,19954,38767,161203,167783,328986
Cairns,2009,9,1394,1392,2786,199,199,398,1593,1591,3184,Cairns,141266,135231,276497,18699,18824,37523,159965,154055,314020
Cairns,2009,10,1439,1436,2875,200,201,401,1639,1637,3276,Cairns,144382,145780,290162,18559,17194,35753,162941,162974,325915
Cairns,2009,11,1392,1396,2788,189,189,378,1581,1585,3166,Cairns,130274,131348,261622,16111,16589,32700,146385,147937,294322
Cairns,2009,12,1397,1394,2791,195,195,390,1592,1589,3181,Cairns,124533,121771,246304,18047,16349,34396,142580,138120,280700
Cairns,2010,1,1370,1367,2737,195,193,388,1565,1560,3125,Cairns,115618,122164,237782,16968,16811,33779,132586,138975,271561
Cairns,2010,2,1297,1289,2586,185,179,364,1482,1468,2950,Cairns,109475,113285,222760,18708,15744,34452,128183,129029,257212
Cairns,2010,3,1439,1430,2869,207,208,415,1646,1638,3284,Cairns,117633,114623,232256,18641,18119,36760,136274,132742,269016
Cairns,2010,4,1503,1491,2994,218,222,440,1721,1713,3434,Cairns,123075,126177,249252,19035,19013,38048,142110,145190,287300
Cairns,2010,5,1463,1455,2918,219,224,443,1682,1679,3361,Cairns,120298,118481,238779,16586,18067,34653,136884,136548,273432
Cairns,2010,6,1476,1470,2946,216,220,436,1692,1690,3382,Cairns,138996,129471,268467,17905,18512,36417,156901,147983,304884
Cairns,2010,7,1577,1563,3140,265,266,531,1842,1829,3671,Cairns,159579,160532,320111,24341,20546,44887,183920,181078,364998
Cairns,2010,8,1519,1518,3037,262,262,524,1781,1780,3561,Cairns,149446,153659,303105,24728,27474,52202,174174,181133,355307
Cairns,2010,9,1552,1530,3082,247,252,499,1799,1782,3581,Cairns,155627,146363,301990,24691,24656,49347,180318,171019,351337
Cairns,2010,10,1594,1583,3177,249,252,501,1843,1835,3678,Cairns,155810,161684,317494,23636,21613,45249,179446,183297,362743
Cairns,2010,11,1526,1522,3048,244,246,490,1770,1768,3538,Cairns,137290,140552,277842,22274,22039,44313,159564,162591,322155
Cairns,2010,12,1560,1548,3108,256,258,514,1816,1806,3622,Cairns,145414,138845,284259,22953,22813,45766,168367,161658,330025
Cairns,2011,1,1511,1503,3014,265,265,530,1776,1768,3544,Cairns,129363,135005,264368,22107,22050,44157,151470,157055,308525
Cairns,2011,2,1292,1294,2586,218,217,435,1510,1511,3021,Cairns,107247,110367,217614,18556,16331,34887,125803,126698,252501
Cairns,2011,3,1509,1498,3007,260,259,519,1769,1757,3526,Cairns,120947,121066,242013,19990,19163,39153,140937,140229,281166
Cairns,2011,4,1578,1569,3147,247,248,495,1825,1817,3642,Cairns,138443,134419,272862,18519,18859,37378,156962,153278,310240
Cairns,2011,5,1566,1556,3122,253,256,509,1819,1812,3631,Cairns,130729,130933,261662,17356,18504,35860,148085,149437,297522
Cairns,2011,6,1566,1558,3124,236,237,473,1802,1795,3597,Cairns,146939,138109,285048,19085,18693,37778,166024,156802,322826
Cairns,2011,7,1676,1664,3340,269,272,541,1945,1936,3881,Cairns,168361,169448,337809,26916,22192,49108,195277,191640,386917
Cairns,2011,8,1674,1668,3342,277,277,554,1951,1945,3896,Cairns,155585,161361,316946,25287,27519,52806,180872,188880,369752
Cairns,2011,9,1598,1585,3183,265,263,528,1863,1848,3711,Cairns,152813,144176,296989,23082,24708,47790,175895,168884,344779
Cairns,2011,10,1601,1600,3201,253,253,506,1854,1853,3707,Cairns,152406,159147,311553,23564,21727,45291,175970,180874,356844
Cairns,2011,11,1479,1489,2968,233,230,463,1712,1719,3431,Cairns,136771,140387,277158,19625,19528,39153,156396,159915,316311
Cairns,2011,12,1493,1498,2991,246,243,489,1739,1741,3480,Cairns,141033,136042,277075,20453,20258,40711,161486,156300,317786
Cairns,2012,1,1517,1524,3041,245,245,490,1762,1769,3531,Cairns,137858,145152,283010,20310,19523,39833,158168,164675,322843
Cairns,2012,2,1414,1418,2832,231,231,462,1645,1649,3294,Cairns,109778,114481,224259,19335,17247,36582,129113,131728,260841
Cairns,2012,3,1559,1553,3112,238,236,474,1797,1789,3586,Cairns,129302,127120,256422,20417,20853,41270,149719,147973,297692
Cairns,2012,4,1627,1633,3260,231,229,460,1858,1862,3720,Cairns,143393,143788,287181,19108,19012,38120,162501,162800,325301
Cairns,2012,5,1629,1627,3256,230,229,459,1859,1856,3715,Cairns,137338,134226,271564,17032,18281,35313,154370,152507,306877
Cairns,2012,6,1569,1565,3134,220,223,443,1789,1788,3577,Cairns,154180,144376,298556,18641,19582,38223,172821,163958,336779
Cairns,2012,7,1761,1766,3527,246,243,489,2007,2009,4016,Cairns,174535,179859,354394,24553,20007,44560,199088,199866,398954
Cairns,2012,8,1709,1723,3432,257,246,503,1966,1969,3935,Cairns,161718,168050,329768,25790,27104,52894,187508,195154,382662
Cairns,2012,9,1645,1659,3304,248,234,482,1893,1893,3786,Cairns,162460,154247,316707,22772,24224,46996,185232,178471,363703
Cairns,2012,10,1736,1743,3479,244,237,481,1980,1980,3960,Cairns,166184,177593,343777,23142,20398,43540,189326,197991,387317
Cairns,2012,11,1577,1585,3162,236,223,459,1813,1808,3621,Cairns,151728,157888,309616,23103,23068,46171,174831,180956,355787
Cairns,2012,12,1593,1602,3195,241,233,474,1834,1835,3669,Cairns,150197,143744,293941,23186,24671,47857,173383,168415,341798
Cairns,2013,1,1612,1630,3242,231,219,450,1843,1849,3692,Cairns,139922,152258,292180,23084,21479,44563,163006,173737,336743
Cairns,2013,2,1403,1414,2817,222,213,435,1625,1627,3252,Cairns,123938,128914,252852,21829,20189,42018,145767,149103,294870
Cairns,2013,3,1556,1565,3121,232,222,454,1788,1787,3575,Cairns,133590,128582,262172,21533,21190,42723,155123,149772,304895
Cairns,2013,4,1699,1713,3412,223,218,441,1922,1931,3853,Cairns,144224,151242,295466,18953,18806,37759,163177,170048,333225
Cairns,2013,5,1662,1652,3314,245,233,478,1907,1885,3792,Cairns,136268,134823,271091,15953,17390,33343,152221,152213,304434
Cairns,2013,6,1646,1646,3292,240,231,471,1886,1877,3763,Cairns,165711,152438,318149,16920,18395,35315,182631,170833,353464
Cairns,2013,7,1830,1847,3677,268,258,526,2098,2105,4203,Cairns,184689,193806,378495,24150,19409,43559,208839,213215,422054
Cairns,2013,8,1778,1794,3572,268,256,524,2046,2050,4096,Cairns,175719,181971,357690,24696,27564,52260,200415,209535,409950
Cairns,2013,9,1735,1755,3490,241,229,470,1976,1984,3960,Cairns,174335,166530,340865,20101,21374,41475,194436,187904,382340
Cairns,2013,10,1792,1809,3601,250,230,480,2042,2039,4081,Cairns,171668,182915,354583,22144,18929,41073,193812,201844,395656
Cairns,2013,11,1572,1578,3150,212,204,416,1784,1782,3566,Cairns,150984,155655,306639,17798,18220,36018,168782,173875,342657
Cairns,2013,12,1631,1642,3273,212,204,416,1843,1846,3689,Cairns,165079,159070,324149,20333,21652,41985,185412,180722,366134
Cairns,2014,1,1665,1678,3343,225,213,438,1890,1891,3781,Cairns,160822,172757,333579,23911,20221,44132,184733,192978,377711
Cairns,2014,2,1353,1367,2720,205,196,401,1558,1563,3121,Cairns,126598,135121,261719,20129,19117,39246,146727,154238,300965
Cairns,2014,3,1479,1497,2976,217,208,425,1696,1705,3401,Cairns,135222,137603,272825,19065,18792,37857,154287,156395,310682
Cairns,2014,4,1624,1620,3244,191,191,382,1815,1811,3626,Cairns,156096,155713,311809,14670,16394,31064,170766,172107,342873
Cairns,2014,5,1591,1587,3178,216,218,434,1807,1805,3612,Cairns,140494,140629,281123,13715,15252,28967,154209,155881,310090
Cairns,2014,6,1595,1603,3198,216,212,428,1811,1815,3626,Cairns,157186,146090,303276,15273,16675,31948,172459,162765,335224
Cairns,2014,7,1784,1791,3575,231,230,461,2015,2021,4036,Cairns,190882,193790,384672,23638,18074,41712,214520,211864,426384
Cairns,2014,8,1717,1718,3435,239,239,478,1956,1957,3913,Cairns,176583,183251,359834,23182,26286,49468,199765,209537,409302
Cairns,2014,9,1724,1730,3454,222,223,445,1946,1953,3899,Cairns,176654,165752,342406,19242,22088,41330,195896,187840,383736
Cairns,2014,10,1744,1751,3495,228,225,453,1972,1976,3948,Cairns,175380,184351,359731,21715,18589,40304,197095,202940,400035
Cairns,2014,11,1541,1545,3086,198,189,387,1739,1734,3473,Cairns,154640,159052,313692,16906,17259,34165,171546,176311,347857
Cairns,2014,12,1625,1628,3253,206,204,410,1831,1832,3663,Cairns,171023,161710,332733,19374,21343,40717,190397,183053,373450
Cairns,2015,1,1619,1621,3240,211,206,417,1830,1827,3657,Cairns,152476,165203,317679,22204,20752,42956,174680,185955,360635
Cairns,2015,2,1464,1465,2929,216,217,433,1680,1682,3362,Cairns,140012,144177,284189,24375,20661,45036,164387,164838,329225
Cairns,2015,3,1581,1584,3165,210,207,417,1791,1791,3582,Cairns,142490,140180,282670,19341,21334,40675,161831,161514,323345
Cairns,2015,4,1605,1606,3211,228,229,457,1833,1835,3668,Cairns,155106,159990,315096,18491,19824,38315,173597,179814,353411
Cairns,2015,5,1577,1577,3154,217,217,434,1794,1794,3588,Cairns,145872,144667,290539,17628,19137,36765,163500,163804,327304
Cairns,2015,6,1635,1640,3275,227,225,452,1862,1865,3727,Cairns,166490,152862,319352,17394,19542,36936,183884,172404,356288
Cairns,2015,7,1850,1855,3705,255,254,509,2105,2109,4214,Cairns,192616,197402,390018,28199,23289,51488,220815,220691,441506
Cairns,2015,8,1818,1825,3643,273,273,546,2091,2098,4189,Cairns,181781,189008,370789,27312,30336,57648,209093,219344,428437
Cairns,2015,9,1818,1819,3637,242,243,485,2060,2062,4122,Cairns,180672,171210,351882,23846,26196,50042,204518,197406,401924
Cairns,2015,10,1828,1827,3655,241,242,483,2069,2069,4138,Cairns,178571,187352,365923,25590,23096,48686,204161,210448,414609
Cairns,2015,11,1656,1661,3317,222,218,440,1878,1879,3757,Cairns,165109,167707,332816,21836,23067,44903,186945,190774,377719
Cairns,2015,12,1781,1779,3560,257,258,515,2038,2037,4075,Cairns,182390,171966,354356,24899,27384,52283,207289,199350,406639
Cairns,2016,1,1751,1753,3504,286,287,573,2037,2040,4077,Cairns,166392,180143,346535,28354,25600,53954,194746,205743,400489
Cairns,2016,2,1616,1616,3232,282,281,563,1898,1897,3795,Cairns,147359,150684,298043,29128,28700,57828,176487,179384,355871
Cairns,2016,3,1721,1729,3450,286,286,572,2007,2015,4022,Cairns,161725,158261,319986,26429,29816,56245,188154,188077,376231
Cairns,2016,4,1781,1771,3552,277,281,558,2058,2052,4110,Cairns,158962,163293,322255,25976,25867,51843,184938,189160,374098
Cairns,2016,5,1705,1712,3417,260,262,522,1965,1974,3939,Cairns,153667,154045,307712,18986,22772,41758,172653,176817,349470
Cairns,2016,6,1758,1761,3519,257,256,513,2015,2017,4032,Cairns,177835,162796,340631,20267,23078,43345,198102,185874,383976
Cairns,2016,7,1926,1909,3835,275,279,554,2201,2188,4389,Cairns,205259,208746,414005,28946,24878,53824,234205,233624,467829
Cairns,2016,8,1898,1889,3787,281,281,562,2179,2170,4349,Cairns,189152,195768,384920,28342,33282,61624,217494,229050,446544
Cairns,2016,9,1885,1882,3767,272,273,545,2157,2155,4312,Cairns,191670,182330,374000,27185,29632,56817,218855,211962,430817
Cairns,2016,10,1880,1882,3762,270,267,537,2150,2149,4299,Cairns,190492,197416,387908,27703,26910,54613,218195,224326,442521
Cairns,2016,11,1684,1718,3402,231,231,462,1915,1949,3864,Cairns,171693,174915,346608,23821,26864,50685,195514,201779,397293
Cairns,2016,12,1817,1805,3622,255,253,508,2072,2058,4130,Cairns,188179,177439,365618,28437,31320,59757,216616,208759,425375
Cairns,2017,1,1808,1811,3619,264,264,528,2072,2075,4147,Cairns,179645,190243,369888,31070,29762,60832,210715,220005,430720
Cairns,2017,2,1528,1529,3057,226,225,451,1754,1754,3508,Cairns,136709,142652,279361,24322,24762,49084,161031,167414,328445
Cairns,2017,3,1730,1725,3455,238,239,477,1968,1964,3932,Cairns,159059,158396,317455,27174,30646,57820,186233,189042,375275
Cairns,2017,4,1780,1777,3557,243,244,487,2023,2021,4044,Cairns,181848,180316,362164,24815,27684,52499,206663,208000,414663
Cairns,2017,5,1730,1732,3462,226,226,452,1956,1958,3914,Cairns,155382,157929,313311,19798,24128,43926,175180,182057,357237
Cairns,2017,6,1746,1744,3490,224,226,450,1970,1970,3940,Cairns,173798,161089,334887,22086,24497,46583,195884,185586,381470
Cairns,2017,7,1960,1972,3932,262,261,523,2222,2233,4455,Cairns,208892,213575,422467,31200,26249,57449,240092,239824,479916
Cairns,2017,8,1896,1917,3813,280,279,559,2176,2196,4372,Cairns,190495,196881,387376,30565,36935,67500,221060,233816,454876
Cairns,2017,9,1832,1851,3683,248,247,495,2080,2098,4178,Cairns,192190,182477,374667,27687,28833,56520,219877,211310,431187
Cairns,2017,10,1864,1892,3756,246,246,492,2110,2138,4248,Cairns,193857,204903,398760,27636,27173,54809,221493,232076,453569
Cairns,2017,11,1688,1687,3375,212,212,424,1900,1899,3799,Cairns,174737,176302,351039,24211,27170,51381,198948,203472,402420
Cairns,2017,12,1730,1732,3462,214,210,424,1944,1942,3886,Cairns,187915,179021,366936,29556,34214,63770,217471,213235,430706
Cairns,2018,1,1816,1815,3631,231,228,459,2047,2043,4090,Cairns,174815,189015,363830,33610,29869,63479,208425,218884,427309
Cairns,2018,2,1538,1521,3059,199,203,402,1737,1724,3461,Cairns,148120,153832,301952,29756,28672,58428,177876,182504,360380
Cairns,2018,3,1674,1671,3345,209,208,417,1883,1879,3762,Cairns,166498,160548,327046,28706,30677,59383,195204,191225,386429
Cairns,2018,4,1799,1810,3609,200,200,400,1999,2010,4009,Cairns,169060,177203,346263,24471,25518,49989,193531,202721,396252
Cairns,2018,5,1689,1694,3383,193,195,388,1882,1889,3771,Cairns,160164,161252,321416,20491,23509,44000,180655,184761,365416
Cairns,2018,6,1695,1686,3381,188,185,373,1883,1871,3754,Cairns,172358,162744,335102,22089,23370,45459,194447,186114,380561
Cairns,2018,7,1925,1919,3844,225,226,451,2150,2145,4295,Cairns,210462,214490,424952,32402,27031,59433,242864,241521,484385
Cairns,2018,8,1870,1860,3730,233,234,467,2103,2094,4197,Cairns,196958,203255,400213,33261,36904,70165,230219,240159,470378
Cairns,2018,9,1791,1786,3577,210,213,423,2001,1999,4000,Cairns,186993,181215,368208,26298,27264,53562,213291,208479,421770
Cairns,2018,10,1876,1850,3726,215,215,430,2091,2065,4156,Cairns,191602,202568,394170,28446,26124,54570,220048,228692,448740
Cairns,2018,11,1640,1643,3283,156,154,310,1796,1797,3593,Cairns,169838,173124,342962,22546,22310,44856,192384,195434,387818
Cairns,2018,12,1703,1706,3409,182,183,365,1885,1889,3774,Cairns,182221,174912,357133,28415,30812,59227,210636,205724,416360
Cairns,2019,1,1785,1790,3575,190,192,382,1975,1982,3957,Cairns,165466,182593,348059,35119,28466,63585,200585,211059,411644
Cairns,2019,2,1511,1516,3027,173,172,345,1684,1688,3372,Cairns,137677,144222,281899,30795,25815,56610,168472,170037,338509
Cairns,2019,3,1581,1606,3187,177,176,353,1758,1782,3540,Cairns,148353,148820,297173,27643,27018,54661,175996,175838,351834
Cairns,2019,4,1738,1744,3482,217,218,435,1955,1962,3917,Cairns,174165,174537,348702,26308,26781,53089,200473,201318,401791
Cairns,2019,5,1679,1678,3357,212,211,423,1891,1889,3780,Cairns,155803,156734,312537,21257,24427,45684,177060,181161,358221
Cairns,2019,6,1612,1622,3234,211,213,424,1823,1835,3658,Cairns,165242,156860,322102,22586,22671,45257,187828,179531,367359
Cairns,2019,7,1890,1899,3789,236,238,474,2126,2137,4263,Cairns,202599,207474,410073,32703,26768,59471,235302,234242,469544
Cairns,2019,8,1763,1771,3534,243,243,486,2006,2014,4020,Cairns,186770,193366,380136,31853,35300,67153,218623,228666,447289
Cairns,2019,9,1720,1734,3454,224,223,447,1944,1957,3901,Cairns,179272,175399,354671,27488,27903,55391,206760,203302,410062
Cairns,2019,10,1802,1812,3614,221,220,441,2023,2032,4055,Cairns,186674,198083,384757,29088,24945,54033,215762,223028,438790
Cairns,2019,11,1602,1608,3210,183,184,367,1785,1792,3577,Cairns,166611,170095,336706,21997,22149,44146,188608,192244,380852
Cairns,2019,12,1660,1667,3327,156,158,314,1816,1825,3641,Cairns,178108,171434,349542,25408,27336,52744,203516,198770,402286
Cairns,2020,1,1700,1699,3399,169,168,337,1869,1867,3736,Cairns,167386,180829,348215,28638,24465,53103,196024,205294,401318
Cairns,2020,2,1441,1449,2890,145,145,290,1586,1594,3180,Cairns,112318,121118,233436,24070,19120,43190,136388,140238,276626
Cairns,2020,3,1271,1290,2561,113,111,224,1384,1401,2785,Cairns,87371,93860,181231,10976,10079,21055,98347,103939,202286
Cairns,2020,4,239,230,469,13,12,25,252,242,494,Cairns,3459,3967,7426,30,24,54,3489,3991,7480
Cairns,2020,5,277,277,554,17,17,34,294,294,588,Cairns,4457,4324,8781,37,55,92,4494,4379,8873
Cairns,2020,6,359,357,716,18,18,36,377,375,752,Cairns,13751,12639,26390,102,144,246,13853,12783,26636
Cairns,2020,7,688,688,1376,17,17,34,705,705,1410,Cairns,54621,49769,104390,53,72,125,54674,49841,104515
Cairns,2020,8,737,735,1472,18,18,36,755,753,1508,Cairns,47105,50717,97822,79,58,137,47184,50775,97959
Cairns,2020,9,946,935,1881,18,17,35,964,952,1916,Cairns,63478,61080,124558,94,68,162,63572,61148,124720
Cairns,2020,10,991,975,1966,20,20,40,1011,995,2006,Cairns,64549,68830,133379,130,108,238,64679,68938,133617
Cairns,2020,11,914,901,1815,22,22,44,936,923,1859,Cairns,61386,63204,124590,367,96,463,61753,63300,125053
Cairns,2020,12,1178,1160,2338,19,22,41,1197,1182,2379,Cairns,104291,92785,197076,250,106,356,104541,92891,197432
Cairns,2021,1,1149,1131,2280,19,23,42,1168,1154,2322,Cairns,81168,94999,176167,267,127,394,81435,95126,176561
Cairns,2021,2,938,925,1863,20,24,44,958,949,1907,Cairns,61052,61666,122718,184,104,288,61236,61770,123006
Cairns,2021,3,1196,1176,2372,20,25,45,1216,1201,2417,Cairns,96171,89306,185477,171,47,218,96342,89353,185695
Cairns,2021,4,1508,1488,2996,16,20,36,1524,1508,3032,Cairns,139312,137320,276632,0,0,0,139312,137320,276632
Cairns,2021,5,1437,1427,2864,12,16,28,1449,1443,2892,Cairns,138197,136872,275069,0,0,0,138197,136872,275069
Cairns,2021,6,1448,1436,2884,15,19,34,1463,1455,2918,Cairns,136235,124787,261022,283,275,558,136518,125062,261580
Cairns,2021,7,1438,1443,2881,17,19,36,1455,1462,2917,Cairns,105136,122044,227180,434,550,984,105570,122594,228164
Cairns,2021,8,1027,1019,2046,9,13,22,1036,1032,2068,Cairns,42963,46215,89178,0,0,0,42963,46215,89178
Cairns,2021,9,1221,1211,2432,9,14,23,1230,1225,2455,Cairns,82306,78141,160447,0,0,0,82306,78141,160447
Cairns,2021,10,1245,1237,2482,12,13,25,1257,1250,2507,Cairns,80925,85901,166826,0,3,3,80925,85904,166829
Cairns,2021,11,1244,1242,2486,11,15,26,1255,1257,2512,Cairns,76280,79303,155583,0,19,19,76280,79322,155602
Cairns,2021,12,1531,1525,3056,10,18,28,1541,1543,3084,Cairns,117397,98493,215890,0,26,26,117397,98519,215916
Cairns,2022,1,1439,1442,2881,54,64,118,1493,1506,2999,Cairns,101593,119639,221232,0,68,68,101593,119707,221300
Cairns,2022,2,1020,1029,2049,61,65,126,1081,1094,2175,Cairns,74950,73920,148870,0,111,111,74950,74031,148981
Cairns,2022,3,1388,1389,2777,69,74,143,1457,1463,2920,Cairns,112705,109426,222131,107,250,357,112812,109676,222488
Cairns,2022,4,1746,1736,3482,85,89,174,1831,1825,3656,Cairns,176984,170675,347659,1597,1374,2971,178581,172049,350630
Cairns,2022,5,1601,1602,3203,88,92,180,1689,1694,3383,Cairns,152773,152054,304827,2277,3020,5297,155050,155074,310124
Cairns,2022,6,1636,1634,3270,91,95,186,1727,1729,3456,Cairns,181033,165059,346092,4037,5344,9381,185070,170403,355473
Cairns,2022,7,1689,1698,3387,71,71,142,1760,1769,3529,Cairns,188524,196632,385156,10314,8022,18336,198838,204654,403492
Cairns,2022,8,1646,1649,3295,92,91,183,1738,1740,3478,Cairns,173475,178869,352344,11323,10614,21937,184798,189483,374281
Cairns,2022,9,1640,1642,3282,69,65,134,1709,1707,3416,Cairns,184671,178202,362873,7586,7664,15250,192257,185866,378123
Cairns,2022,10,1654,1661,3315,82,83,165,1736,1744,3480,Cairns,179425,188390,367815,10261,8440,18701,189686,196830,386516
Cairns,2022,11,1513,1514,3027,75,80,155,1588,1594,3182,Cairns,149558,155164,304722,7692,9456,17148,157250,164620,321870
Cairns,2022,12,1584,1587,3171,79,81,160,1663,1668,3331,Cairns,159727,149179,308906,11267,14438,25705,170994,163617,334611
Cairns,2023,1,1543,1548,3091,89,88,177,1632,1636,3268,Cairns,143420,155313,298733,15885,13920,29805,159305,169233,328538
Cairns,2023,2,1287,1293,2580,91,89,180,1378,1382,2760,Cairns,111683,116266,227949,15903,11957,27860,127586,128223,255809
Cairns,2023,3,1518,1523,3041,106,106,212,1624,1629,3253,Cairns,142578,139756,282334,15864,17120,32984,158442,156876,315318
Cairns,2023,4,1666,1667,3333,121,121,242,1787,1788,3575,Cairns,163902,166802,330704,18602,16245,34847,182504,183047,365551
Cairns,2023,5,1624,1631,3255,120,119,239,1744,1750,3494,Cairns,158107,158050,316157,16952,18037,34989,175059,176087,351146
Cairns,2023,6,1659,1661,3320,121,121,242,1780,1782,3562,Cairns,177738,166490,344228,18226,18794,37020,195964,185284,381248
Cairns,2023,7,1782,1791,3573,175,169,344,1957,1960,3917,Cairns,195021,204360,399381,28855,20136,48991,223876,224496,448372
Cairns,2023,8,1777,1775,3552,186,175,361,1963,1950,3913,Cairns,188325,193286,381611,27315,27939,55254,215640,221225,436865
Cairns,2023,9,1758,1757,3515,165,165,330,1923,1922,3845,Cairns,191936,186040,377976,25026,28228,53254,216962,214268,431230
Cairns,2023,10,1814,1823,3637,160,159,319,1974,1982,3956,Cairns,184789,195082,379871,27532,24665,52197,212321,219747,432068
Cairns,2023,11,1590,1595,3185,153,152,305,1743,1747,3490,Cairns,162243,165589,327832,24233,25047,49280,186476,190636,377112
Cairns,2023,12,1478,1470,2948,152,154,306,1630,1624,3254,Cairns,145746,139468,285214,23460,26852,50312,169206,166320,335526
Cairns,2024,1,1705,1706,3411,171,171,342,1876,1877,3753,Cairns,150684,160317,311001,29351,26377,55728,180035,186694,366729
Cairns,2024,2,1480,1480,2960,159,158,317,1639,1638,3277,Cairns,133177,137650,270827,25916,22413,48329,159093,160063,319156
Cairns,2024,3,1605,1597,3202,166,166,332,1771,1763,3534,Cairns,153296,147367,300663,24446,26343,50789,177742,173710,351452
Cairns,2024,4,1814,1819,3633,157,157,314,1971,1976,3947,Cairns,165086,171624,336710,23397,22580,45977,188483,194204,382687
Cairns,2024,5,1694,1693,3387,160,160,320,1854,1853,3707,Cairns,160997,159965,320962,20443,23586,44029,181440,183551,364991
Cairns,2024,6,1682,1680,3362,151,151,302,1833,1831,3664,Cairns,176673,167064,343737,22641,22635,45276,199314,189699,389013
Cairns,2024,7,1953,1954,3907,163,163,326,2116,2117,4233,Cairns,201172,205630,406802,27423,21350,48773,228595,226980,455575
Cairns,2024,8,1866,1865,3731,172,172,344,2038,2037,4075,Cairns,188138,192151,380289,27481,30285,57766,215619,222436,438055
Cairns,2024,9,1850,1847,3697,167,167,334,2017,2014,4031,Cairns,188611,183120,371731,27762,29529,57291,216373,212649,429022
Cairns,2024,10,1845,1850,3695,168,167,335,2013,2017,4030,Cairns,184965,194744,379709,30318,27470,57788,215283,222214,437497
Cairns,2024,11,1610,1619,3229,159,160,319,1769,1779,3548,Cairns,157626,161553,319179,25281,27624,52905,182907,189177,372084
Cairns,2024,12,1702,1698,3400,196,196,392,1898,1894,3792,Cairns,168072,160494,328566,29355,31908,61263,197427,192402,389829
Cairns,2025,1,1734,1731,3465,213,212,425,1947,1943,3890,Cairns,163541,174575,338116,35472,30729,66201,199013,205304,404317
Cairns,2025,2,1432,1437,2869,186,185,371,1618,1622,3240,Cairns,119585,125616,245201,28424,24675,53099,148009,150291,298300
Cairns,2025,3,1619,1616,3235,177,179,356,1796,1795,3591,Cairns,141108,138369,279477,24957,26231,51188,166065,164600,330665
Cairns,2025,4,1826,1825,3651,188,188,376,2014,2013,4027,Cairns,171491,169709,341200,26035,28149,54184,197526,197858,395384
Cairns,2025,5,1750,1743,3493,192,193,385,1942,1936,3878,Cairns,157384,157130,314514,25189,26296,51485,182573,183426,365999
Cairns,2025,6,1779,1785,3564,188,187,375,1967,1972,3939,Cairns,173218,164521,337739,26128,26882,53010,199346,191403,390749
Canberra,1985,1,690,684,1374,0,0,0,690,684,1374,Canberra,33809,30739,64548,0,0,0,33809,30739,64548
Canberra,1985,2,737,739,1476,0,0,0,737,739,1476,Canberra,38132,37396,75528,0,0,0,38132,37396,75528
Canberra,1985,3,837,794,1631,0,0,0,837,794,1631,Canberra,45206,45866,91072,0,0,0,45206,45866,91072
Canberra,1985,4,757,762,1519,0,0,0,757,762,1519,Canberra,39409,40788,80197,0,0,0,39409,40788,80197
Canberra,1985,5,848,836,1684,0,0,0,848,836,1684,Canberra,47245,47193,94438,0,0,0,47245,47193,94438
Canberra,1985,6,722,699,1421,0,0,0,722,699,1421,Canberra,37385,36802,74187,0,0,0,37385,36802,74187
Canberra,1985,7,741,767,1508,0,0,0,741,767,1508,Canberra,39226,39099,78325,0,0,0,39226,39099,78325
Canberra,1985,8,839,840,1679,0,0,0,839,840,1679,Canberra,39542,42161,81703,0,0,0,39542,42161,81703
Canberra,1985,9,896,888,1784,0,0,0,896,888,1784,Canberra,44654,41255,85909,0,0,0,44654,41255,85909
Canberra,1985,10,958,959,1917,0,0,0,958,959,1917,Canberra,46382,46590,92972,0,0,0,46382,46590,92972
Canberra,1985,11,885,891,1776,0,0,0,885,891,1776,Canberra,45677,45907,91584,0,0,0,45677,45907,91584
Canberra,1985,12,850,840,1690,0,0,0,850,840,1690,Canberra,37152,38867,76019,0,0,0,37152,38867,76019
Canberra,1986,1,743,740,1483,0,0,0,743,740,1483,Canberra,34837,31877,66714,0,0,0,34837,31877,66714
Canberra,1986,2,810,805,1615,0,0,0,810,805,1615,Canberra,39808,39836,79644,0,0,0,39808,39836,79644
Canberra,1986,3,898,906,1804,0,0,0,898,906,1804,Canberra,44111,44365,88476,0,0,0,44111,44365,88476
Canberra,1986,4,903,908,1811,0,0,0,903,908,1811,Canberra,45363,46197,91560,0,0,0,45363,46197,91560
Canberra,1986,5,913,906,1819,0,0,0,913,906,1819,Canberra,47514,48319,95833,0,0,0,47514,48319,95833
Canberra,1986,6,870,859,1729,0,0,0,870,859,1729,Canberra,39445,39870,79315,0,0,0,39445,39870,79315
Canberra,1986,7,873,874,1747,0,0,0,873,874,1747,Canberra,39731,39390,79121,0,0,0,39731,39390,79121
Canberra,1986,8,918,926,1844,0,0,0,918,926,1844,Canberra,43625,45625,89250,0,0,0,43625,45625,89250
Canberra,1986,9,915,923,1838,0,0,0,915,923,1838,Canberra,45032,42508,87540,0,0,0,45032,42508,87540
Canberra,1986,10,953,966,1919,0,0,0,953,966,1919,Canberra,48170,48275,96445,0,0,0,48170,48275,96445
Canberra,1986,11,911,921,1832,0,0,0,911,921,1832,Canberra,46997,46705,93702,0,0,0,46997,46705,93702
Canberra,1986,12,888,879,1767,0,0,0,888,879,1767,Canberra,39170,41184,80354,0,0,0,39170,41184,80354
Canberra,1987,1,768,774,1542,0,0,0,768,774,1542,Canberra,35575,32855,68430,0,0,0,35575,32855,68430
Canberra,1987,2,836,835,1671,0,0,0,836,835,1671,Canberra,43519,43197,86716,0,0,0,43519,43197,86716
Canberra,1987,3,934,947,1881,0,0,0,934,947,1881,Canberra,47247,46968,94215,0,0,0,47247,46968,94215
Canberra,1987,4,920,898,1818,0,0,0,920,898,1818,Canberra,44028,45530,89558,0,0,0,44028,45530,89558
Canberra,1987,5,953,952,1905,0,0,0,953,952,1905,Canberra,48051,48092,96143,0,0,0,48051,48092,96143
Canberra,1987,6,902,902,1804,0,0,0,902,902,1804,Canberra,40527,40837,81364,0,0,0,40527,40837,81364
Canberra,1987,7,969,969,1938,0,0,0,969,969,1938,Canberra,44241,45470,89711,0,0,0,44241,45470,89711
Canberra,1987,8,961,946,1907,0,0,0,961,946,1907,Canberra,43879,45951,89830,0,0,0,43879,45951,89830
Canberra,1987,9,941,964,1905,0,0,0,941,964,1905,Canberra,47867,44444,92311,0,0,0,47867,44444,92311
Canberra,1987,10,997,1003,2000,0,0,0,997,1003,2000,Canberra,51843,52124,103967,0,0,0,51843,52124,103967
Canberra,1987,11,983,968,1951,0,0,0,983,968,1951,Canberra,51604,51940,103544,0,0,0,51604,51940,103544
Canberra,1987,12,886,890,1776,0,0,0,886,890,1776,Canberra,42669,44654,87323,0,0,0,42669,44654,87323
Canberra,1988,1,733,732,1465,0,0,0,733,732,1465,Canberra,37610,34485,72095,0,0,0,37610,34485,72095
Canberra,1988,2,833,835,1668,0,0,0,833,835,1668,Canberra,47012,47005,94017,0,0,0,47012,47005,94017
Canberra,1988,3,896,908,1804,0,0,0,896,908,1804,Canberra,49241,50409,99650,0,0,0,49241,50409,99650
Canberra,1988,4,799,813,1612,0,0,0,799,813,1612,Canberra,45247,45950,91197,0,0,0,45247,45950,91197
Canberra,1988,5,928,907,1835,0,0,0,928,907,1835,Canberra,51830,51225,103055,0,0,0,51830,51225,103055
Canberra,1988,6,881,900,1781,0,0,0,881,900,1781,Canberra,44217,45971,90188,0,0,0,44217,45971,90188
Canberra,1988,7,835,829,1664,0,0,0,835,829,1664,Canberra,47691,47845,95536,0,0,0,47691,47845,95536
Canberra,1988,8,972,965,1937,0,0,0,972,965,1937,Canberra,49390,48705,98095,0,0,0,49390,48705,98095
Canberra,1988,9,936,936,1872,0,0,0,936,936,1872,Canberra,48218,52067,100285,0,0,0,48218,52067,100285
Canberra,1988,10,889,889,1778,0,0,0,889,889,1778,Canberra,50154,47970,98124,0,0,0,50154,47970,98124
Canberra,1988,11,928,924,1852,0,0,0,928,924,1852,Canberra,50837,51347,102184,0,0,0,50837,51347,102184
Canberra,1988,12,809,819,1628,0,0,0,809,819,1628,Canberra,40016,43123,83139,0,0,0,40016,43123,83139
Canberra,1989,1,614,621,1235,0,0,0,614,621,1235,Canberra,33873,31467,65340,0,0,0,33873,31467,65340
Canberra,1989,2,818,796,1614,0,0,0,818,796,1614,Canberra,42510,42055,84565,0,0,0,42510,42055,84565
Canberra,1989,3,850,875,1725,0,0,0,850,875,1725,Canberra,46649,48348,94997,0,0,0,46649,48348,94997
Canberra,1989,4,831,852,1683,0,0,0,831,852,1683,Canberra,41252,41532,82784,0,0,0,41252,41532,82784
Canberra,1989,5,956,965,1921,0,0,0,956,965,1921,Canberra,48050,47239,95289,0,0,0,48050,47239,95289
Canberra,1989,6,903,914,1817,0,0,0,903,914,1817,Canberra,43097,45549,88646,0,0,0,43097,45549,88646
Canberra,1989,7,967,968,1935,0,0,0,967,968,1935,Canberra,48833,46550,95383,0,0,0,48833,46550,95383
Canberra,1989,8,617,631,1248,0,0,0,617,631,1248,Canberra,29150,29569,58719,0,0,0,29150,29569,58719
Canberra,1989,9,273,269,542,0,0,0,273,269,542,Canberra,3989,3433,7422,0,0,0,3989,3433,7422
Canberra,1989,10,549,552,1101,0,0,0,549,552,1101,Canberra,10468,9698,20166,0,0,0,10468,9698,20166
Canberra,1989,11,660,675,1335,0,0,0,660,675,1335,Canberra,20452,20179,40631,0,0,0,20452,20179,40631
Canberra,1989,12,527,534,1061,0,0,0,527,534,1061,Canberra,22526,23068,45594,0,0,0,22526,23068,45594
Canberra,1990,1,438,436,874,0,0,0,438,436,874,Canberra,26727,24306,51033,0,0,0,26727,24306,51033
Canberra,1990,2,534,538,1072,0,0,0,534,538,1072,Canberra,34883,36048,70931,0,0,0,34883,36048,70931
Canberra,1990,3,602,611,1213,0,0,0,602,611,1213,Canberra,38072,39469,77541,0,0,0,38072,39469,77541
Canberra,1990,4,696,691,1387,0,0,0,696,691,1387,Canberra,39942,40339,80281,0,0,0,39942,40339,80281
Canberra,1990,5,825,840,1665,0,0,0,825,840,1665,Canberra,45379,46300,91679,0,0,0,45379,46300,91679
Canberra,1990,6,835,824,1659,0,0,0,835,824,1659,Canberra,40175,41901,82076,0,0,0,40175,41901,82076
Canberra,1990,7,899,903,1802,0,0,0,899,903,1802,Canberra,43832,42550,86382,0,0,0,43832,42550,86382
Canberra,1990,8,990,1006,1996,0,0,0,990,1006,1996,Canberra,48909,49016,97925,0,0,0,48909,49016,97925
Canberra,1990,9,921,927,1848,0,0,0,921,927,1848,Canberra,47126,48493,95619,0,0,0,47126,48493,95619
Canberra,1990,10,970,982,1952,0,0,0,970,982,1952,Canberra,50654,49311,99965,0,0,0,50654,49311,99965
Canberra,1990,11,978,979,1957,0,0,0,978,979,1957,Canberra,50705,51156,101861,0,0,0,50705,51156,101861
Canberra,1990,12,908,907,1815,0,0,0,908,907,1815,Canberra,41439,43888,85327,0,0,0,41439,43888,85327
Canberra,1991,1,750,745,1495,0,0,0,750,745,1495,Canberra,37567,34308,71875,0,0,0,37567,34308,71875
Canberra,1991,2,861,863,1724,0,0,0,861,863,1724,Canberra,45765,46260,92025,0,0,0,45765,46260,92025
Canberra,1991,3,950,953,1903,0,0,0,950,953,1903,Canberra,48315,49817,98132,0,0,0,48315,49817,98132
Canberra,1991,4,935,921,1856,0,0,0,935,921,1856,Canberra,48529,47275,95804,0,0,0,48529,47275,95804
Canberra,1991,5,1061,1062,2123,0,0,0,1061,1062,2123,Canberra,52394,53065,105459,0,0,0,52394,53065,105459
Canberra,1991,6,981,980,1961,0,0,0,981,980,1961,Canberra,45987,48036,94023,0,0,0,45987,48036,94023
Canberra,1991,7,1095,1093,2188,0,0,0,1095,1093,2188,Canberra,57397,56661,114058,0,0,0,57397,56661,114058
Canberra,1991,8,1104,1114,2218,0,0,0,1104,1114,2218,Canberra,56792,57663,114455,0,0,0,56792,57663,114455
Canberra,1991,9,1086,1087,2173,0,0,0,1086,1087,2173,Canberra,59583,60793,120376,0,0,0,59583,60793,120376
Canberra,1991,10,1158,1131,2289,0,0,0,1158,1131,2289,Canberra,63716,62408,126124,0,0,0,63716,62408,126124
Canberra,1991,11,1142,1166,2308,0,0,0,1142,1166,2308,Canberra,60724,61011,121735,0,0,0,60724,61011,121735
Canberra,1991,12,1025,1027,2052,0,0,0,1025,1027,2052,Canberra,51999,55414,107413,0,0,0,51999,55414,107413
Canberra,1992,1,750,749,1499,0,0,0,750,749,1499,Canberra,45472,41923,87395,0,0,0,45472,41923,87395
Canberra,1992,2,1057,1055,2112,0,0,0,1057,1055,2112,Canberra,54511,54315,108826,0,0,0,54511,54315,108826
Canberra,1992,3,1127,1126,2253,0,0,0,1127,1126,2253,Canberra,58274,58223,116497,0,0,0,58274,58223,116497
Canberra,1992,4,1149,1144,2293,0,0,0,1149,1144,2293,Canberra,58435,60275,118710,0,0,0,58435,60275,118710
Canberra,1992,5,1158,1162,2320,0,0,0,1158,1162,2320,Canberra,59002,60368,119370,0,0,0,59002,60368,119370
Canberra,1992,6,1142,1141,2283,0,0,0,1142,1141,2283,Canberra,52183,53685,105868,0,0,0,52183,53685,105868
Canberra,1992,7,1211,1211,2422,0,0,0,1211,1211,2422,Canberra,58779,59586,118365,0,0,0,58779,59586,118365
Canberra,1992,8,1196,1195,2391,0,0,0,1196,1195,2391,Canberra,54301,54187,108488,0,0,0,54301,54187,108488
Canberra,1992,9,1246,1248,2494,0,0,0,1246,1248,2494,Canberra,58719,59157,117876,0,0,0,58719,59157,117876
Canberra,1992,10,1280,1281,2561,0,0,0,1280,1281,2561,Canberra,65231,65146,130377,0,0,0,65231,65146,130377
Canberra,1992,11,1244,1240,2484,0,0,0,1244,1240,2484,Canberra,62420,61924,124344,0,0,0,62420,61924,124344
Canberra,1992,12,1127,1131,2258,0,0,0,1127,1131,2258,Canberra,53582,57456,111038,0,0,0,53582,57456,111038
Canberra,1993,1,900,897,1797,0,0,0,900,897,1797,Canberra,48077,45006,93083,0,0,0,48077,45006,93083
Canberra,1993,2,1158,1152,2310,0,0,0,1158,1152,2310,Canberra,54517,54917,109434,0,0,0,54517,54917,109434
Canberra,1993,3,1329,1329,2658,0,0,0,1329,1329,2658,Canberra,59153,59719,118872,0,0,0,59153,59719,118872
Canberra,1993,4,1256,1253,2509,0,0,0,1256,1253,2509,Canberra,59327,61094,120421,0,0,0,59327,61094,120421
Canberra,1993,5,1320,1318,2638,0,0,0,1320,1318,2638,Canberra,58704,60118,118822,0,0,0,58704,60118,118822
Canberra,1993,6,1268,1264,2532,0,0,0,1268,1264,2532,Canberra,53901,56888,110789,0,0,0,53901,56888,110789
Canberra,1993,7,1264,1264,2528,0,0,0,1264,1264,2528,Canberra,60068,59365,119433,0,0,0,60068,59365,119433
Canberra,1993,8,1289,1285,2574,0,0,0,1289,1285,2574,Canberra,63394,62475,125869,0,0,0,63394,62475,125869
Canberra,1993,9,1242,1240,2482,0,0,0,1242,1240,2482,Canberra,61437,63128,124565,0,0,0,61437,63128,124565
Canberra,1993,10,1273,1274,2547,0,0,0,1273,1274,2547,Canberra,66763,67131,133894,0,0,0,66763,67131,133894
Canberra,1993,11,1304,1301,2605,0,0,0,1304,1301,2605,Canberra,67508,68765,136273,0,0,0,67508,68765,136273
Canberra,1993,12,1191,1197,2388,0,0,0,1191,1197,2388,Canberra,57354,62282,119636,0,0,0,57354,62282,119636
Canberra,1994,1,957,953,1910,0,0,0,957,953,1910,Canberra,48862,46002,94864,0,0,0,48862,46002,94864
Canberra,1994,2,1279,1279,2558,0,0,0,1279,1279,2558,Canberra,62438,63546,125984,0,0,0,62438,63546,125984
Canberra,1994,3,1459,1462,2921,0,0,0,1459,1462,2921,Canberra,69773,73158,142931,0,0,0,69773,73158,142931
Canberra,1994,4,1393,1390,2783,0,0,0,1393,1390,2783,Canberra,62973,64852,127825,0,0,0,62973,64852,127825
Canberra,1994,5,1529,1529,3058,0,0,0,1529,1529,3058,Canberra,67178,68746,135924,0,0,0,67178,68746,135924
Canberra,1994,6,1461,1460,2921,0,0,0,1461,1460,2921,Canberra,60427,66799,127226,0,0,0,60427,66799,127226
Canberra,1994,7,1468,1467,2935,0,0,0,1468,1467,2935,Canberra,66525,65844,132369,0,0,0,66525,65844,132369
Canberra,1994,8,1527,1526,3053,0,0,0,1527,1526,3053,Canberra,67520,68172,135692,0,0,0,67520,68172,135692
Canberra,1994,9,1538,1539,3077,0,0,0,1538,1539,3077,Canberra,68787,73663,142450,0,0,0,68787,73663,142450
Canberra,1994,10,1509,1498,3007,0,0,0,1509,1498,3007,Canberra,74191,71497,145688,0,0,0,74191,71497,145688
Canberra,1994,11,1558,1555,3113,0,0,0,1558,1555,3113,Canberra,75339,76369,151708,0,0,0,75339,76369,151708
Canberra,1994,12,1441,1447,2888,0,0,0,1441,1447,2888,Canberra,62105,67102,129207,0,0,0,62105,67102,129207
Canberra,1995,1,1151,1145,2296,0,0,0,1151,1145,2296,Canberra,55941,52362,108303,0,0,0,55941,52362,108303
Canberra,1995,2,1444,1436,2880,0,0,0,1444,1436,2880,Canberra,70835,70595,141430,0,0,0,70835,70595,141430
Canberra,1995,3,1619,1635,3254,0,0,0,1619,1635,3254,Canberra,77990,80762,158752,0,0,0,77990,80762,158752
Canberra,1995,4,1454,1452,2906,0,0,0,1454,1452,2906,Canberra,71873,71989,143862,0,0,0,71873,71989,143862
Canberra,1995,5,1599,1594,3193,0,0,0,1599,1594,3193,Canberra,73357,74767,148124,0,0,0,73357,74767,148124
Canberra,1995,6,1511,1512,3023,0,0,0,1511,1512,3023,Canberra,69250,72235,141485,0,0,0,69250,72235,141485
Canberra,1995,7,1574,1570,3144,0,0,0,1574,1570,3144,Canberra,72153,71795,143948,0,0,0,72153,71795,143948
Canberra,1995,8,1595,1587,3182,0,0,0,1595,1587,3182,Canberra,75375,74635,150010,0,0,0,75375,74635,150010
Canberra,1995,9,1537,1538,3075,0,0,0,1537,1538,3075,Canberra,74192,77120,151312,0,0,0,74192,77120,151312
Canberra,1995,10,1612,1599,3211,0,0,0,1612,1599,3211,Canberra,79465,76637,156102,0,0,0,79465,76637,156102
Canberra,1995,11,1603,1585,3188,0,0,0,1603,1585,3188,Canberra,79745,79723,159468,0,0,0,79745,79723,159468
Canberra,1995,12,1413,1405,2818,0,0,0,1413,1405,2818,Canberra,65897,70371,136268,0,0,0,65897,70371,136268
Canberra,1996,1,1286,1284,2570,0,0,0,1286,1284,2570,Canberra,59120,56616,115736,0,0,0,59120,56616,115736
Canberra,1996,2,1488,1474,2962,0,0,0,1488,1474,2962,Canberra,72348,72492,144840,0,0,0,72348,72492,144840
Canberra,1996,3,1571,1553,3124,0,0,0,1571,1553,3124,Canberra,76370,78231,154601,0,0,0,76370,78231,154601
Canberra,1996,4,1603,1593,3196,0,0,0,1603,1593,3196,Canberra,72713,71852,144565,0,0,0,72713,71852,144565
Canberra,1996,5,1731,1733,3464,0,0,0,1731,1733,3464,Canberra,76221,78108,154329,0,0,0,76221,78108,154329
Canberra,1996,6,1567,1556,3123,0,0,0,1567,1556,3123,Canberra,68252,70177,138429,0,0,0,68252,70177,138429
Canberra,1996,7,1700,1689,3389,0,0,0,1700,1689,3389,Canberra,72252,70997,143249,0,0,0,72252,70997,143249
Canberra,1996,8,1690,1689,3379,0,0,0,1690,1689,3379,Canberra,71337,73443,144780,0,0,0,71337,73443,144780
Canberra,1996,9,1643,1634,3277,0,0,0,1643,1634,3277,Canberra,74392,73949,148341,0,0,0,74392,73949,148341
Canberra,1996,10,1725,1723,3448,0,0,0,1725,1723,3448,Canberra,80558,79687,160245,0,0,0,80558,79687,160245
Canberra,1996,11,1623,1623,3246,0,0,0,1623,1623,3246,Canberra,73848,75406,149254,0,0,0,73848,75406,149254
Canberra,1996,12,1460,1458,2918,0,0,0,1460,1458,2918,Canberra,66759,70630,137389,0,0,0,66759,70630,137389
Canberra,1997,1,1211,1207,2418,0,0,0,1211,1207,2418,Canberra,57361,54266,111627,0,0,0,57361,54266,111627
Canberra,1997,2,1528,1525,3053,0,0,0,1528,1525,3053,Canberra,72317,72166,144483,0,0,0,72317,72166,144483
Canberra,1997,3,1635,1635,3270,0,0,0,1635,1635,3270,Canberra,75382,77282,152664,0,0,0,75382,77282,152664
Canberra,1997,4,1639,1640,3279,0,0,0,1639,1640,3279,Canberra,73775,74194,147969,0,0,0,73775,74194,147969
Canberra,1997,5,1649,1653,3302,0,0,0,1649,1653,3302,Canberra,75050,76917,151967,0,0,0,75050,76917,151967
Canberra,1997,6,1602,1592,3194,0,0,0,1602,1592,3194,Canberra,70147,72603,142750,0,0,0,70147,72603,142750
Canberra,1997,7,1720,1718,3438,0,0,0,1720,1718,3438,Canberra,76298,74626,150924,0,0,0,76298,74626,150924
Canberra,1997,8,1664,1665,3329,0,0,0,1664,1665,3329,Canberra,79828,79110,158938,0,0,0,79828,79110,158938
Canberra,1997,9,1652,1648,3300,0,0,0,1652,1648,3300,Canberra,78069,78954,157023,0,0,0,78069,78954,157023
Canberra,1997,10,1715,1717,3432,0,0,0,1715,1717,3432,Canberra,86407,84203,170610,0,0,0,86407,84203,170610
Canberra,1997,11,1628,1623,3251,0,0,0,1628,1623,3251,Canberra,79183,80050,159233,0,0,0,79183,80050,159233
Canberra,1997,12,1493,1489,2982,0,0,0,1493,1489,2982,Canberra,68427,71415,139842,0,0,0,68427,71415,139842
Canberra,1998,1,1285,1276,2561,0,0,0,1285,1276,2561,Canberra,60547,57301,117848,0,0,0,60547,57301,117848
Canberra,1998,2,1543,1540,3083,0,0,0,1543,1540,3083,Canberra,74366,74134,148500,0,0,0,74366,74134,148500
Canberra,1998,3,1717,1710,3427,0,0,0,1717,1710,3427,Canberra,81845,81996,163841,0,0,0,81845,81996,163841
Canberra,1998,4,1586,1582,3168,0,0,0,1586,1582,3168,Canberra,74668,76918,151586,0,0,0,74668,76918,151586
Canberra,1998,5,1648,1647,3295,0,0,0,1648,1647,3295,Canberra,78987,79605,158592,0,0,0,78987,79605,158592
Canberra,1998,6,1590,1590,3180,0,0,0,1590,1590,3180,Canberra,72745,74833,147578,0,0,0,72745,74833,147578
Canberra,1998,7,1693,1695,3388,0,0,0,1693,1695,3388,Canberra,76702,76187,152889,0,0,0,76702,76187,152889
Canberra,1998,8,1649,1639,3288,0,0,0,1649,1639,3288,Canberra,76727,77140,153867,0,0,0,76727,77140,153867
Canberra,1998,9,1626,1623,3249,0,0,0,1626,1623,3249,Canberra,74091,75339,149430,0,0,0,74091,75339,149430
Canberra,1998,10,1658,1660,3318,0,0,0,1658,1660,3318,Canberra,80642,78802,159444,0,0,0,80642,78802,159444
Canberra,1998,11,1602,1596,3198,0,0,0,1602,1596,3198,Canberra,79135,77500,156635,0,0,0,79135,77500,156635
Canberra,1998,12,1474,1481,2955,0,0,0,1474,1481,2955,Canberra,69910,74971,144881,0,0,0,69910,74971,144881
Canberra,1999,1,1245,1236,2481,0,0,0,1245,1236,2481,Canberra,58591,54909,113500,0,0,0,58591,54909,113500
Canberra,1999,2,1549,1548,3097,0,0,0,1549,1548,3097,Canberra,72811,73002,145813,0,0,0,72811,73002,145813
Canberra,1999,3,1703,1702,3405,0,0,0,1703,1702,3405,Canberra,84189,85049,169238,0,0,0,84189,85049,169238
Canberra,1999,4,1571,1572,3143,0,0,0,1571,1572,3143,Canberra,76793,78831,155624,0,0,0,76793,78831,155624
Canberra,1999,5,1654,1653,3307,0,0,0,1654,1653,3307,Canberra,80953,81001,161954,0,0,0,80953,81001,161954
Canberra,1999,6,1624,1624,3248,0,0,0,1624,1624,3248,Canberra,78303,79179,157482,0,0,0,78303,79179,157482
Canberra,1999,7,1720,1726,3446,0,0,0,1720,1726,3446,Canberra,80714,80982,161696,0,0,0,80714,80982,161696
Canberra,1999,8,1735,1730,3465,0,0,0,1735,1730,3465,Canberra,85005,83398,168403,0,0,0,85005,83398,168403
Canberra,1999,9,1698,1698,3396,0,0,0,1698,1698,3396,Canberra,85191,87207,172398,0,0,0,85191,87207,172398
Canberra,1999,10,1707,1708,3415,0,0,0,1707,1708,3415,Canberra,88802,85165,173967,0,0,0,88802,85165,173967
Canberra,1999,11,1679,1681,3360,0,0,0,1679,1681,3360,Canberra,84873,83754,168627,0,0,0,84873,83754,168627
Canberra,1999,12,1601,1610,3211,0,0,0,1601,1610,3211,Canberra,73128,77864,150992,0,0,0,73128,77864,150992
Canberra,2000,1,1406,1397,2803,0,0,0,1406,1397,2803,Canberra,63567,59407,122974,0,0,0,63567,59407,122974
Canberra,2000,2,1644,1641,3285,0,0,0,1644,1641,3285,Canberra,79976,80458,160434,0,0,0,79976,80458,160434
Canberra,2000,3,1813,1814,3627,0,0,0,1813,1814,3627,Canberra,89090,90563,179653,0,0,0,89090,90563,179653
Canberra,2000,4,1626,1625,3251,0,0,0,1626,1625,3251,Canberra,80812,80501,161313,0,0,0,80812,80501,161313
Canberra,2000,5,1828,1827,3655,0,0,0,1828,1827,3655,Canberra,87410,87729,175139,0,0,0,87410,87729,175139
Canberra,2000,6,2015,2012,4027,0,0,0,2015,2012,4027,Canberra,85590,87663,173253,0,0,0,85590,87663,173253
Canberra,2000,7,2128,2140,4268,0,0,0,2128,2140,4268,Canberra,85338,83972,169310,0,0,0,85338,83972,169310
Canberra,2000,8,2128,2160,4288,0,0,0,2128,2160,4288,Canberra,92094,91368,183462,0,0,0,92094,91368,183462
Canberra,2000,9,1996,2024,4020,0,0,0,1996,2024,4020,Canberra,87420,90668,178088,0,0,0,87420,90668,178088
Canberra,2000,10,2121,2140,4261,0,0,0,2121,2140,4261,Canberra,95516,91356,186872,0,0,0,95516,91356,186872
Canberra,2000,11,2108,2130,4238,0,0,0,2108,2130,4238,Canberra,92592,93275,185867,0,0,0,92592,93275,185867
Canberra,2000,12,1922,1949,3871,0,0,0,1922,1949,3871,Canberra,78929,84010,162939,0,0,0,78929,84010,162939
Canberra,2001,1,1764,1779,3543,0,0,0,1764,1779,3543,Canberra,71684,68413,140097,0,0,0,71684,68413,140097
Canberra,2001,2,2194,2191,4385,0,0,0,2194,2191,4385,Canberra,81722,79821,161543,0,0,0,81722,79821,161543
Canberra,2001,3,2497,2489,4986,0,0,0,2497,2489,4986,Canberra,94958,97595,192553,0,0,0,94958,97595,192553
Canberra,2001,4,2420,2417,4837,0,0,0,2420,2417,4837,Canberra,88637,90063,178700,0,0,0,88637,90063,178700
Canberra,2001,5,2517,2521,5038,0,0,0,2517,2521,5038,Canberra,96153,97692,193845,0,0,0,96153,97692,193845
Canberra,2001,6,2067,2065,4132,0,0,0,2067,2065,4132,Canberra,86268,87675,173943,0,0,0,86268,87675,173943
Canberra,2001,7,2172,2170,4342,0,0,0,2172,2170,4342,Canberra,92434,91858,184292,0,0,0,92434,91858,184292
Canberra,2001,8,2289,2295,4584,0,0,0,2289,2295,4584,Canberra,92346,94238,186584,0,0,0,92346,94238,186584
Canberra,2001,9,1602,1600,3202,0,0,0,1602,1600,3202,Canberra,73206,73209,146415,0,0,0,73206,73209,146415
Canberra,2001,10,1483,1490,2973,0,0,0,1483,1490,2973,Canberra,69103,68934,138037,0,0,0,69103,68934,138037
Canberra,2001,11,1613,1611,3224,0,0,0,1613,1611,3224,Canberra,71218,71235,142453,0,0,0,71218,71235,142453
Canberra,2001,12,1536,1539,3075,0,0,0,1536,1539,3075,Canberra,65794,67946,133740,0,0,0,65794,67946,133740
Canberra,2002,1,1385,1383,2768,0,0,0,1385,1383,2768,Canberra,60652,58819,119471,0,0,0,60652,58819,119471
Canberra,2002,2,1527,1531,3058,0,0,0,1527,1531,3058,Canberra,74979,74058,149037,0,0,0,74979,74058,149037
Canberra,2002,3,1586,1578,3164,0,0,0,1586,1578,3164,Canberra,81851,81435,163286,0,0,0,81851,81435,163286
Canberra,2002,4,1557,1557,3114,0,0,0,1557,1557,3114,Canberra,77334,77739,155073,0,0,0,77334,77739,155073
Canberra,2002,5,1624,1622,3246,0,0,0,1624,1622,3246,Canberra,83310,84827,168137,0,0,0,83310,84827,168137
Canberra,2002,6,1484,1482,2966,0,0,0,1484,1482,2966,Canberra,77452,77325,154777,0,0,0,77452,77325,154777
Canberra,2002,7,1503,1503,3006,0,0,0,1503,1503,3006,Canberra,79042,78486,157528,0,0,0,79042,78486,157528
Canberra,2002,8,1479,1475,2954,0,0,0,1479,1475,2954,Canberra,81752,82379,164131,0,0,0,81752,82379,164131
Canberra,2002,9,1526,1521,3047,0,0,0,1526,1521,3047,Canberra,78891,80539,159430,0,0,0,78891,80539,159430
Canberra,2002,10,1663,1661,3324,0,0,0,1663,1661,3324,Canberra,88720,85335,174055,0,0,0,88720,85335,174055
Canberra,2002,11,1516,1518,3034,0,0,0,1516,1518,3034,Canberra,83652,83325,166977,0,0,0,83652,83325,166977
Canberra,2002,12,1390,1388,2778,0,0,0,1390,1388,2778,Canberra,75598,77266,152864,0,0,0,75598,77266,152864
Canberra,2003,1,1284,1277,2561,0,0,0,1284,1277,2561,Canberra,64814,60851,125665,0,0,0,64814,60851,125665
Canberra,2003,2,1418,1411,2829,0,0,0,1418,1411,2829,Canberra,76967,75730,152697,0,0,0,76967,75730,152697
Canberra,2003,3,1574,1564,3138,0,0,0,1574,1564,3138,Canberra,85230,85107,170337,0,0,0,85230,85107,170337
Canberra,2003,4,1396,1403,2799,0,0,0,1396,1403,2799,Canberra,77215,77236,154451,0,0,0,77215,77236,154451
Canberra,2003,5,1625,1621,3246,0,0,0,1625,1621,3246,Canberra,83843,85711,169554,0,0,0,83843,85711,169554
Canberra,2003,6,1638,1632,3270,0,0,0,1638,1632,3270,Canberra,84837,83825,168662,0,0,0,84837,83825,168662
Canberra,2003,7,1764,1751,3515,0,0,0,1764,1751,3515,Canberra,90610,89304,179914,0,0,0,90610,89304,179914
Canberra,2003,8,1625,1622,3247,0,0,0,1625,1622,3247,Canberra,93479,93377,186856,0,0,0,93479,93377,186856
Canberra,2003,9,1668,1669,3337,0,0,0,1668,1669,3337,Canberra,94301,94974,189275,0,0,0,94301,94974,189275
Canberra,2003,10,1699,1690,3389,0,0,0,1699,1690,3389,Canberra,103211,99664,202875,0,0,0,103211,99664,202875
Canberra,2003,11,1555,1553,3108,0,0,0,1555,1553,3108,Canberra,97910,98408,196318,0,0,0,97910,98408,196318
Canberra,2003,12,1480,1477,2957,0,0,0,1480,1477,2957,Canberra,86512,91051,177563,0,0,0,86512,91051,177563
Canberra,2004,1,1387,1350,2737,0,0,0,1387,1350,2737,Canberra,77334,74318,151652,0,0,0,77334,74318,151652
Canberra,2004,2,1617,1590,3207,0,0,0,1617,1590,3207,Canberra,93694,91658,185352,0,0,0,93694,91658,185352
Canberra,2004,3,1810,1776,3586,0,0,0,1810,1776,3586,Canberra,109841,110172,220013,0,0,0,109841,110172,220013
Canberra,2004,4,1715,1671,3386,0,0,0,1715,1671,3386,Canberra,101440,103268,204708,0,0,0,101440,103268,204708
Canberra,2004,5,1770,1747,3517,0,0,0,1770,1747,3517,Canberra,103031,103688,206719,0,0,0,103031,103688,206719
Canberra,2004,6,1730,1702,3432,0,0,0,1730,1702,3432,Canberra,100652,101525,202177,0,0,0,100652,101525,202177
Canberra,2004,7,1775,1741,3516,8,8,16,1783,1749,3532,Canberra,108796,107320,216116,379,417,796,109175,107737,216912
Canberra,2004,8,1807,1791,3598,9,9,18,1816,1800,3616,Canberra,110835,110076,220911,415,392,807,111250,110468,221718
Canberra,2004,9,1712,1683,3395,4,4,8,1716,1687,3403,Canberra,103669,107627,211296,200,193,393,103869,107820,211689
Canberra,2004,10,1709,1689,3398,0,0,0,1709,1689,3398,Canberra,107177,104160,211337,0,0,0,107177,104160,211337
Canberra,2004,11,1723,1709,3432,0,0,0,1723,1709,3432,Canberra,105418,104718,210136,0,0,0,105418,104718,210136
Canberra,2004,12,1567,1531,3098,0,0,0,1567,1531,3098,Canberra,94416,99630,194046,0,0,0,94416,99630,194046
Canberra,2005,1,1293,1268,2561,0,0,0,1293,1268,2561,Canberra,83981,77819,161800,0,0,0,83981,77819,161800
Canberra,2005,2,1456,1439,2895,0,0,0,1456,1439,2895,Canberra,94425,93255,187680,0,0,0,94425,93255,187680
Canberra,2005,3,1586,1569,3155,0,0,0,1586,1569,3155,Canberra,109737,110332,220069,0,0,0,109737,110332,220069
Canberra,2005,4,1514,1497,3011,0,0,0,1514,1497,3011,Canberra,107389,109707,217096,0,0,0,107389,109707,217096
Canberra,2005,5,1623,1610,3233,0,0,0,1623,1610,3233,Canberra,106937,107974,214911,0,0,0,106937,107974,214911
Canberra,2005,6,1598,1580,3178,0,0,0,1598,1580,3178,Canberra,104633,106678,211311,0,0,0,104633,106678,211311
Canberra,2005,7,1614,1595,3209,0,0,0,1614,1595,3209,Canberra,110450,108778,219228,0,0,0,110450,108778,219228
Canberra,2005,8,1703,1689,3392,0,0,0,1703,1689,3392,Canberra,109530,110542,220072,0,0,0,109530,110542,220072
Canberra,2005,9,1665,1653,3318,0,0,0,1665,1653,3318,Canberra,110622,113557,224179,0,0,0,110622,113557,224179
Canberra,2005,10,1686,1669,3355,0,0,0,1686,1669,3355,Canberra,113953,110635,224588,0,0,0,113953,110635,224588
Canberra,2005,11,1687,1669,3356,0,0,0,1687,1669,3356,Canberra,111285,111715,223000,0,0,0,111285,111715,223000
Canberra,2005,12,1430,1407,2837,0,0,0,1430,1407,2837,Canberra,98489,102330,200819,0,0,0,98489,102330,200819
Canberra,2006,1,1211,1196,2407,0,0,0,1211,1196,2407,Canberra,87151,82452,169603,0,0,0,87151,82452,169603
Canberra,2006,2,1505,1487,2992,0,0,0,1505,1487,2992,Canberra,97431,95280,192711,0,0,0,97431,95280,192711
Canberra,2006,3,1690,1673,3363,0,0,0,1690,1673,3363,Canberra,112270,115553,227823,0,0,0,112270,115553,227823
Canberra,2006,4,1548,1524,3072,0,0,0,1548,1524,3072,Canberra,104397,104272,208669,0,0,0,104397,104272,208669
Canberra,2006,5,1803,1779,3582,0,0,0,1803,1779,3582,Canberra,111771,112621,224392,0,0,0,111771,112621,224392
Canberra,2006,6,1658,1641,3299,0,0,0,1658,1641,3299,Canberra,107165,107880,215045,0,0,0,107165,107880,215045
Canberra,2006,7,1698,1673,3371,0,0,0,1698,1673,3371,Canberra,112025,109665,221690,0,0,0,112025,109665,221690
Canberra,2006,8,1773,1759,3532,0,0,0,1773,1759,3532,Canberra,115399,115974,231373,0,0,0,115399,115974,231373
Canberra,2006,9,1672,1647,3319,0,0,0,1672,1647,3319,Canberra,114836,116199,231035,0,0,0,114836,116199,231035
Canberra,2006,10,1690,1669,3359,0,0,0,1690,1669,3359,Canberra,120725,118087,238812,0,0,0,120725,118087,238812
Canberra,2006,11,1671,1657,3328,0,0,0,1671,1657,3328,Canberra,121176,121637,242813,0,0,0,121176,121637,242813
Canberra,2006,12,1404,1382,2786,0,0,0,1404,1382,2786,Canberra,101840,106873,208713,0,0,0,101840,106873,208713
Canberra,2007,1,1249,1222,2471,0,0,0,1249,1222,2471,Canberra,91283,86949,178232,0,0,0,91283,86949,178232
Canberra,2007,2,1536,1524,3060,0,0,0,1536,1524,3060,Canberra,103685,101970,205655,0,0,0,103685,101970,205655
Canberra,2007,3,1704,1696,3400,0,0,0,1704,1696,3400,Canberra,122482,124998,247480,0,0,0,122482,124998,247480
Canberra,2007,4,1481,1464,2945,0,0,0,1481,1464,2945,Canberra,109738,110927,220665,0,0,0,109738,110927,220665
Canberra,2007,5,1749,1743,3492,0,0,0,1749,1743,3492,Canberra,116760,118636,235396,0,0,0,116760,118636,235396
Canberra,2007,6,1606,1588,3194,0,0,0,1606,1588,3194,Canberra,112317,113155,225472,0,0,0,112317,113155,225472
Canberra,2007,7,1574,1554,3128,0,0,0,1574,1554,3128,Canberra,120145,118282,238427,0,0,0,120145,118282,238427
Canberra,2007,8,1789,1784,3573,0,0,0,1789,1784,3573,Canberra,124371,125501,249872,0,0,0,124371,125501,249872
Canberra,2007,9,1624,1616,3240,0,0,0,1624,1616,3240,Canberra,116658,118175,234833,0,0,0,116658,118175,234833
Canberra,2007,10,1695,1674,3369,0,0,0,1695,1674,3369,Canberra,123556,119731,243287,0,0,0,123556,119731,243287
Canberra,2007,11,1690,1677,3367,0,0,0,1690,1677,3367,Canberra,121268,120605,241873,0,0,0,121268,120605,241873
Canberra,2007,12,1487,1459,2946,0,0,0,1487,1459,2946,Canberra,104280,109403,213683,0,0,0,104280,109403,213683
Canberra,2008,1,1332,1318,2650,0,0,0,1332,1318,2650,Canberra,96633,90791,187424,0,0,0,96633,90791,187424
Canberra,2008,2,1733,1716,3449,0,0,0,1733,1716,3449,Canberra,116050,114119,230169,0,0,0,116050,114119,230169
Canberra,2008,3,1896,1887,3783,0,0,0,1896,1887,3783,Canberra,128087,128062,256149,0,0,0,128087,128062,256149
Canberra,2008,4,1933,1923,3856,0,0,0,1933,1923,3856,Canberra,126119,126993,253112,0,0,0,126119,126993,253112
Canberra,2008,5,2013,1993,4006,0,0,0,2013,1993,4006,Canberra,128090,129576,257666,0,0,0,128090,129576,257666
Canberra,2008,6,1926,1884,3810,0,0,0,1926,1884,3810,Canberra,124514,122471,246985,0,0,0,124514,122471,246985
Canberra,2008,7,1980,1970,3950,0,0,0,1980,1970,3950,Canberra,129031,128425,257456,0,0,0,129031,128425,257456
Canberra,2008,8,1977,1949,3926,0,0,0,1977,1949,3926,Canberra,129650,129179,258829,0,0,0,129650,129179,258829
Canberra,2008,9,1967,1952,3919,0,0,0,1967,1952,3919,Canberra,128945,130815,259760,0,0,0,128945,130815,259760
Canberra,2008,10,2011,1996,4007,0,0,0,2011,1996,4007,Canberra,138389,136763,275152,0,0,0,138389,136763,275152
Canberra,2008,11,1889,1878,3767,0,0,0,1889,1878,3767,Canberra,132051,127808,259859,0,0,0,132051,127808,259859
Canberra,2008,12,1703,1705,3408,0,0,0,1703,1705,3408,Canberra,117031,123896,240927,0,0,0,117031,123896,240927
Canberra,2009,1,1585,1600,3185,0,0,0,1585,1600,3185,Canberra,108207,101081,209288,0,0,0,108207,101081,209288
Canberra,2009,2,1758,1754,3512,0,0,0,1758,1754,3512,Canberra,116663,113554,230217,0,0,0,116663,113554,230217
Canberra,2009,3,1939,1939,3878,0,0,0,1939,1939,3878,Canberra,140251,140587,280838,0,0,0,140251,140587,280838
Canberra,2009,4,1897,1890,3787,0,0,0,1897,1890,3787,Canberra,131170,133295,264465,0,0,0,131170,133295,264465
Canberra,2009,5,2006,1999,4005,0,0,0,2006,1999,4005,Canberra,133275,133030,266305,0,0,0,133275,133030,266305
Canberra,2009,6,1923,1924,3847,0,0,0,1923,1924,3847,Canberra,129877,128886,258763,0,0,0,129877,128886,258763
Canberra,2009,7,1961,1959,3920,0,0,0,1961,1959,3920,Canberra,135477,134669,270146,0,0,0,135477,134669,270146
Canberra,2009,8,1939,1945,3884,0,0,0,1939,1945,3884,Canberra,140898,139037,279935,0,0,0,140898,139037,279935
Canberra,2009,9,1907,1905,3812,0,0,0,1907,1905,3812,Canberra,138413,140091,278504,0,0,0,138413,140091,278504
Canberra,2009,10,1831,1806,3637,0,0,0,1831,1806,3637,Canberra,139171,136886,276057,0,0,0,139171,136886,276057
Canberra,2009,11,1873,1861,3734,0,0,0,1873,1861,3734,Canberra,140350,136400,276750,0,0,0,140350,136400,276750
Canberra,2009,12,1763,1762,3525,0,0,0,1763,1762,3525,Canberra,124879,132273,257152,0,0,0,124879,132273,257152
Canberra,2010,1,1570,1561,3131,0,0,0,1570,1561,3131,Canberra,115316,108511,223827,0,0,0,115316,108511,223827
Canberra,2010,2,1772,1767,3539,0,0,0,1772,1767,3539,Canberra,127933,125520,253453,0,0,0,127933,125520,253453
Canberra,2010,3,1969,1974,3943,0,0,0,1969,1974,3943,Canberra,159259,158643,317902,0,0,0,159259,158643,317902
Canberra,2010,4,1850,1850,3700,0,0,0,1850,1850,3700,Canberra,137603,139037,276640,0,0,0,137603,139037,276640
Canberra,2010,5,1908,1916,3824,0,0,0,1908,1916,3824,Canberra,135630,135664,271294,0,0,0,135630,135664,271294
Canberra,2010,6,1847,1849,3696,0,0,0,1847,1849,3696,Canberra,138443,138293,276736,0,0,0,138443,138293,276736
Canberra,2010,7,1868,1868,3736,0,0,0,1868,1868,3736,Canberra,140048,140533,280581,0,0,0,140048,140533,280581
Canberra,2010,8,1854,1851,3705,0,0,0,1854,1851,3705,Canberra,138899,135985,274884,0,0,0,138899,135985,274884
Canberra,2010,9,1765,1751,3516,0,0,0,1765,1751,3516,Canberra,137827,142801,280628,0,0,0,137827,142801,280628
Canberra,2010,10,1905,1895,3800,0,0,0,1905,1895,3800,Canberra,150238,143708,293946,0,0,0,150238,143708,293946
Canberra,2010,11,1887,1882,3769,0,0,0,1887,1882,3769,Canberra,146185,144206,290391,0,0,0,146185,144206,290391
Canberra,2010,12,1767,1768,3535,0,0,0,1767,1768,3535,Canberra,127064,136664,263728,0,0,0,127064,136664,263728
Canberra,2011,1,1539,1535,3074,0,0,0,1539,1535,3074,Canberra,112590,103009,215599,0,0,0,112590,103009,215599
Canberra,2011,2,1737,1736,3473,0,0,0,1737,1736,3473,Canberra,123300,118760,242060,0,0,0,123300,118760,242060
Canberra,2011,3,1956,1956,3912,0,0,0,1956,1956,3912,Canberra,147553,148135,295688,0,0,0,147553,148135,295688
Canberra,2011,4,1771,1768,3539,0,0,0,1771,1768,3539,Canberra,133303,136882,270185,0,0,0,133303,136882,270185
Canberra,2011,5,1881,1875,3756,0,0,0,1881,1875,3756,Canberra,139177,136996,276173,0,0,0,139177,136996,276173
Canberra,2011,6,1732,1733,3465,0,0,0,1732,1733,3465,Canberra,127137,129848,256985,0,0,0,127137,129848,256985
Canberra,2011,7,1883,1862,3745,0,0,0,1883,1862,3745,Canberra,141140,139594,280734,0,0,0,141140,139594,280734
Canberra,2011,8,1928,1907,3835,0,0,0,1928,1907,3835,Canberra,143160,139888,283048,0,0,0,143160,139888,283048
Canberra,2011,9,1857,1848,3705,0,0,0,1857,1848,3705,Canberra,141455,142946,284401,0,0,0,141455,142946,284401
Canberra,2011,10,1818,1811,3629,0,0,0,1818,1811,3629,Canberra,138124,134276,272400,0,0,0,138124,134276,272400
Canberra,2011,11,1879,1876,3755,0,0,0,1879,1876,3755,Canberra,140335,138342,278677,0,0,0,140335,138342,278677
Canberra,2011,12,1737,1726,3463,0,0,0,1737,1726,3463,Canberra,121309,130966,252275,0,0,0,121309,130966,252275
Canberra,2012,1,1495,1489,2984,0,0,0,1495,1489,2984,Canberra,109033,99199,208232,0,0,0,109033,99199,208232
Canberra,2012,2,1795,1779,3574,0,0,0,1795,1779,3574,Canberra,121419,116842,238261,0,0,0,121419,116842,238261
Canberra,2012,3,1893,1866,3759,0,0,0,1893,1866,3759,Canberra,141394,144121,285515,0,0,0,141394,144121,285515
Canberra,2012,4,1763,1754,3517,0,0,0,1763,1754,3517,Canberra,126610,127383,253993,0,0,0,126610,127383,253993
Canberra,2012,5,1836,1825,3661,0,0,0,1836,1825,3661,Canberra,133853,135314,269167,0,0,0,133853,135314,269167
Canberra,2012,6,1661,1650,3311,0,0,0,1661,1650,3311,Canberra,125070,126912,251982,0,0,0,125070,126912,251982
Canberra,2012,7,1808,1788,3596,0,0,0,1808,1788,3596,Canberra,131577,128069,259646,0,0,0,131577,128069,259646
Canberra,2012,8,1858,1848,3706,0,0,0,1858,1848,3706,Canberra,131733,133657,265390,0,0,0,131733,133657,265390
Canberra,2012,9,1742,1732,3474,0,0,0,1742,1732,3474,Canberra,128890,130406,259296,0,0,0,128890,130406,259296
Canberra,2012,10,1840,1826,3666,0,0,0,1840,1826,3666,Canberra,138679,130767,269446,0,0,0,138679,130767,269446
Canberra,2012,11,1807,1804,3611,0,0,0,1807,1804,3611,Canberra,135284,135565,270849,0,0,0,135284,135565,270849
Canberra,2012,12,1582,1576,3158,0,0,0,1582,1576,3158,Canberra,113399,120717,234116,0,0,0,113399,120717,234116
Canberra,2013,1,1487,1480,2967,0,0,0,1487,1480,2967,Canberra,103477,94142,197619,0,0,0,103477,94142,197619
Canberra,2013,2,1675,1667,3342,0,0,0,1675,1667,3342,Canberra,113732,110963,224695,0,0,0,113732,110963,224695
Canberra,2013,3,1826,1821,3647,0,0,0,1826,1821,3647,Canberra,134918,136345,271263,0,0,0,134918,136345,271263
Canberra,2013,4,1752,1747,3499,0,0,0,1752,1747,3499,Canberra,124558,124378,248936,0,0,0,124558,124378,248936
Canberra,2013,5,1853,1850,3703,0,0,0,1853,1850,3703,Canberra,129017,131160,260177,0,0,0,129017,131160,260177
Canberra,2013,6,1728,1719,3447,0,0,0,1728,1719,3447,Canberra,126482,126045,252527,0,0,0,126482,126045,252527
Canberra,2013,7,1819,1810,3629,0,0,0,1819,1810,3629,Canberra,128750,126930,255680,0,0,0,128750,126930,255680
Canberra,2013,8,1794,1787,3581,0,0,0,1794,1787,3581,Canberra,126778,127395,254173,0,0,0,126778,127395,254173
Canberra,2013,9,1752,1742,3494,0,0,0,1752,1742,3494,Canberra,120563,122006,242569,0,0,0,120563,122006,242569
Canberra,2013,10,1818,1812,3630,0,0,0,1818,1812,3630,Canberra,134709,128025,262734,0,0,0,134709,128025,262734
Canberra,2013,11,1746,1743,3489,0,0,0,1746,1743,3489,Canberra,127922,128151,256073,0,0,0,127922,128151,256073
Canberra,2013,12,1638,1634,3272,0,0,0,1638,1634,3272,Canberra,112159,117843,230002,0,0,0,112159,117843,230002
Canberra,2014,1,1428,1424,2852,0,0,0,1428,1424,2852,Canberra,97433,90215,187648,0,0,0,97433,90215,187648
Canberra,2014,2,1568,1560,3128,0,0,0,1568,1560,3128,Canberra,106417,102807,209224,0,0,0,106417,102807,209224
Canberra,2014,3,1716,1704,3420,0,0,0,1716,1704,3420,Canberra,124681,125533,250214,0,0,0,124681,125533,250214
Canberra,2014,4,1638,1629,3267,0,0,0,1638,1629,3267,Canberra,114029,115205,229234,0,0,0,114029,115205,229234
Canberra,2014,5,1722,1713,3435,0,0,0,1722,1713,3435,Canberra,120764,123275,244039,0,0,0,120764,123275,244039
Canberra,2014,6,1655,1639,3294,0,0,0,1655,1639,3294,Canberra,118607,117421,236028,0,0,0,118607,117421,236028
Canberra,2014,7,1726,1712,3438,0,0,0,1726,1712,3438,Canberra,122917,121468,244385,0,0,0,122917,121468,244385
Canberra,2014,8,1714,1709,3423,0,0,0,1714,1709,3423,Canberra,120988,120574,241562,0,0,0,120988,120574,241562
Canberra,2014,9,1690,1683,3373,0,0,0,1690,1683,3373,Canberra,121363,121743,243106,0,0,0,121363,121743,243106
Canberra,2014,10,1741,1733,3474,0,0,0,1741,1733,3474,Canberra,131857,128821,260678,0,0,0,131857,128821,260678
Canberra,2014,11,1613,1609,3222,0,0,0,1613,1609,3222,Canberra,122435,120113,242548,0,0,0,122435,120113,242548
Canberra,2014,12,1575,1570,3145,0,0,0,1575,1570,3145,Canberra,108108,115048,223156,0,0,0,108108,115048,223156
Canberra,2015,1,1382,1378,2760,0,0,0,1382,1378,2760,Canberra,94689,86462,181151,0,0,0,94689,86462,181151
Canberra,2015,2,1530,1524,3054,0,0,0,1530,1524,3054,Canberra,104237,100964,205201,0,0,0,104237,100964,205201
Canberra,2015,3,1684,1679,3363,0,0,0,1684,1679,3363,Canberra,126132,125655,251787,0,0,0,126132,125655,251787
Canberra,2015,4,1539,1532,3071,0,0,0,1539,1532,3071,Canberra,114563,117067,231630,0,0,0,114563,117067,231630
Canberra,2015,5,1623,1613,3236,0,0,0,1623,1613,3236,Canberra,120603,121584,242187,0,0,0,120603,121584,242187
Canberra,2015,6,1618,1612,3230,0,0,0,1618,1612,3230,Canberra,118741,118659,237400,0,0,0,118741,118659,237400
Canberra,2015,7,1679,1674,3353,0,0,0,1679,1674,3353,Canberra,123396,123872,247268,0,0,0,123396,123872,247268
Canberra,2015,8,1664,1662,3326,0,0,0,1664,1662,3326,Canberra,121935,119718,241653,0,0,0,121935,119718,241653
Canberra,2015,9,1644,1639,3283,0,0,0,1644,1639,3283,Canberra,121215,122296,243511,0,0,0,121215,122296,243511
Canberra,2015,10,1706,1699,3405,0,0,0,1706,1699,3405,Canberra,126705,122960,249665,0,0,0,126705,122960,249665
Canberra,2015,11,1679,1670,3349,0,0,0,1679,1670,3349,Canberra,127260,123247,250507,0,0,0,127260,123247,250507
Canberra,2015,12,1472,1474,2946,0,0,0,1472,1474,2946,Canberra,107340,116006,223346,0,0,0,107340,116006,223346
Canberra,2016,1,1286,1276,2562,0,0,0,1286,1276,2562,Canberra,95222,85827,181049,0,0,0,95222,85827,181049
Canberra,2016,2,1628,1620,3248,0,0,0,1628,1620,3248,Canberra,113441,110029,223470,0,0,0,113441,110029,223470
Canberra,2016,3,1677,1671,3348,0,0,0,1677,1671,3348,Canberra,125542,126699,252241,0,0,0,125542,126699,252241
Canberra,2016,4,1617,1618,3235,0,0,0,1617,1618,3235,Canberra,118371,122047,240418,0,0,0,118371,122047,240418
Canberra,2016,5,1682,1673,3355,0,0,0,1682,1673,3355,Canberra,121205,120895,242100,0,0,0,121205,120895,242100
Canberra,2016,6,1546,1543,3089,0,0,0,1546,1543,3089,Canberra,116467,119291,235758,0,0,0,116467,119291,235758
Canberra,2016,7,1633,1634,3267,0,0,0,1633,1634,3267,Canberra,124246,122447,246693,0,0,0,124246,122447,246693
Canberra,2016,8,1729,1724,3453,0,0,0,1729,1724,3453,Canberra,126885,123817,250702,0,0,0,126885,123817,250702
Canberra,2016,9,1630,1625,3255,12,12,24,1642,1637,3279,Canberra,123755,129234,252989,1421,1784,3205,125176,131018,256194
Canberra,2016,10,1635,1622,3257,36,36,72,1671,1658,3329,Canberra,131890,124676,256566,3821,3174,6995,135711,127850,263561
Canberra,2016,11,1643,1636,3279,34,34,68,1677,1670,3347,Canberra,134343,131391,265734,3393,3274,6667,137736,134665,272401
Canberra,2016,12,1472,1467,2939,36,36,72,1508,1503,3011,Canberra,113363,124710,238073,2743,4161,6904,116106,128871,244977
Canberra,2017,1,1251,1239,2490,36,36,72,1287,1275,2562,Canberra,101509,90217,191726,4665,3403,8068,106174,93620,199794
Canberra,2017,2,1576,1565,3141,35,35,70,1611,1600,3211,Canberra,114565,110886,225451,3255,2652,5907,117820,113538,231358
Canberra,2017,3,1718,1720,3438,36,36,72,1754,1756,3510,Canberra,135406,138246,273652,3369,3140,6509,138775,141386,280161
Canberra,2017,4,1497,1488,2985,35,35,70,1532,1523,3055,Canberra,118282,119097,237379,3961,3427,7388,122243,122524,244767
Canberra,2017,5,1697,1698,3395,35,35,70,1732,1733,3465,Canberra,128920,129619,258539,2794,2737,5531,131714,132356,264070
Canberra,2017,6,1602,1590,3192,35,35,70,1637,1625,3262,Canberra,123485,128500,251985,3031,3727,6758,126516,132227,258743
Canberra,2017,7,1698,1690,3388,36,36,72,1734,1726,3460,Canberra,131376,127611,258987,3918,2969,6887,135294,130580,265874
Canberra,2017,8,1753,1746,3499,33,33,66,1786,1779,3565,Canberra,131056,131328,262384,3477,3076,6553,134533,134404,268937
Canberra,2017,9,1633,1627,3260,32,32,64,1665,1659,3324,Canberra,131749,135681,267430,3582,3692,7274,135331,139373,274704
Canberra,2017,10,1693,1686,3379,34,34,68,1727,1720,3447,Canberra,139380,132630,272010,4306,3250,7556,143686,135880,279566
Canberra,2017,11,1691,1687,3378,34,34,68,1725,1721,3446,Canberra,138446,137892,276338,3759,3404,7163,142205,141296,283501
Canberra,2017,12,1492,1488,2980,36,36,72,1528,1524,3052,Canberra,117225,128234,245459,3747,5094,8841,120972,133328,254300
Canberra,2018,1,1287,1278,2565,36,36,72,1323,1314,2637,Canberra,104856,94239,199095,5278,3714,8992,110134,97953,208087
Canberra,2018,2,1556,1555,3111,49,49,98,1605,1604,3209,Canberra,119614,114799,234413,3841,3174,7015,123455,117973,241428
Canberra,2018,3,1716,1707,3423,60,60,120,1776,1767,3543,Canberra,138912,143798,282710,3975,3737,7712,142887,147535,290422
Canberra,2018,4,1519,1515,3034,65,65,130,1584,1580,3164,Canberra,128524,128730,257254,4859,4717,9576,133383,133447,266830
Canberra,2018,5,1730,1724,3454,62,62,124,1792,1786,3578,Canberra,135746,136978,272724,2930,4225,7155,138676,141203,279879
Canberra,2018,6,1602,1600,3202,60,60,120,1662,1660,3322,Canberra,127237,129749,256986,3422,4773,8195,130659,134522,265181
Canberra,2018,7,1698,1694,3392,63,63,126,1761,1757,3518,Canberra,141914,138351,280265,4197,4585,8782,146111,142936,289047
Canberra,2018,8,1751,1746,3497,62,62,124,1813,1808,3621,Canberra,140734,141717,282451,3593,4245,7838,144327,145962,290289
Canberra,2018,9,1641,1645,3286,60,60,120,1701,1705,3406,Canberra,134735,135431,270166,3749,4719,8468,138484,140150,278634
Canberra,2018,10,1708,1703,3411,62,62,124,1770,1765,3535,Canberra,149456,142604,292060,3923,3360,7283,153379,145964,299343
Canberra,2018,11,1666,1662,3328,60,60,120,1726,1722,3448,Canberra,142780,143912,286692,3035,3992,7027,145815,147904,293719
Canberra,2018,12,1453,1454,2907,61,61,122,1514,1515,3029,Canberra,115000,123327,238327,2230,4649,6879,117230,127976,245206
Canberra,2019,1,1290,1284,2574,63,63,126,1353,1347,2700,Canberra,106793,94755,201548,3290,3445,6735,110083,98200,208283
Canberra,2019,2,1549,1546,3095,56,56,112,1605,1602,3207,Canberra,120670,118342,239012,2839,2678,5517,123509,121020,244529
Canberra,2019,3,1681,1678,3359,62,62,124,1743,1740,3483,Canberra,135197,135475,270672,2592,3492,6084,137789,138967,276756
Canberra,2019,4,1593,1588,3181,60,60,120,1653,1648,3301,Canberra,127461,127899,255360,2811,4239,7050,130272,132138,262410
Canberra,2019,5,1700,1686,3386,62,62,124,1762,1748,3510,Canberra,130101,132847,262948,2984,4365,7349,133085,137212,270297
Canberra,2019,6,1591,1581,3172,60,60,120,1651,1641,3292,Canberra,125376,126024,251400,3333,4545,7878,128709,130569,259278
Canberra,2019,7,1709,1706,3415,62,62,124,1771,1768,3539,Canberra,140844,137122,277966,4168,4227,8395,145012,141349,286361
Canberra,2019,8,1694,1690,3384,62,62,124,1756,1752,3508,Canberra,138130,139859,277989,3174,4067,7241,141304,143926,285230
Canberra,2019,9,1682,1678,3360,60,60,120,1742,1738,3480,Canberra,140824,139184,280008,3471,4559,8030,144295,143743,288038
Canberra,2019,10,1731,1725,3456,62,61,123,1793,1786,3579,Canberra,150608,147522,298130,3777,3557,7334,154385,151079,305464
Canberra,2019,11,1647,1643,3290,58,58,116,1705,1701,3406,Canberra,143066,144165,287231,2813,3718,6531,145879,147883,293762
Canberra,2019,12,1475,1477,2952,62,62,124,1537,1539,3076,Canberra,120748,130031,250779,2478,4447,6925,123226,134478,257704
Canberra,2020,1,1233,1230,2463,62,62,124,1295,1292,2587,Canberra,107782,97761,205543,2617,3087,5704,110399,100848,211247
Canberra,2020,2,1541,1532,3073,58,58,116,1599,1590,3189,Canberra,121940,117645,239585,2265,2279,4544,124205,119924,244129
Canberra,2020,3,1284,1280,2564,43,43,86,1327,1323,2650,Canberra,77060,74706,151766,1471,1174,2645,78531,75880,154411
Canberra,2020,4,125,126,251,0,0,0,125,126,251,Canberra,2044,2334,4378,0,0,0,2044,2334,4378
Canberra,2020,5,91,91,182,0,0,0,91,91,182,Canberra,2891,2827,5718,0,0,0,2891,2827,5718
Canberra,2020,6,155,155,310,0,0,0,155,155,310,Canberra,6861,6484,13345,0,0,0,6861,6484,13345
Canberra,2020,7,229,228,457,0,0,0,229,228,457,Canberra,10723,11907,22630,0,0,0,10723,11907,22630
Canberra,2020,8,200,199,399,0,0,0,200,199,399,Canberra,7072,6437,13509,0,0,0,7072,6437,13509
Canberra,2020,9,171,170,341,0,0,0,171,170,341,Canberra,6167,7122,13289,0,0,0,6167,7122,13289
Canberra,2020,10,320,320,640,0,0,0,320,320,640,Canberra,22103,23072,45175,0,0,0,22103,23072,45175
Canberra,2020,11,492,492,984,1,1,2,493,493,986,Canberra,34173,34250,68423,118,0,118,34291,34250,68541
Canberra,2020,12,706,711,1417,0,0,0,706,711,1417,Canberra,51306,61312,112618,0,0,0,51306,61312,112618
Canberra,2021,1,707,706,1413,0,0,0,707,706,1413,Canberra,52681,44013,96694,0,0,0,52681,44013,96694
Canberra,2021,2,858,849,1707,0,0,0,858,849,1707,Canberra,46159,46671,92830,0,0,0,46159,46671,92830
Canberra,2021,3,952,950,1902,1,0,1,953,950,1903,Canberra,65604,66221,131825,137,0,137,65741,66221,131962
Canberra,2021,4,1054,1056,2110,0,0,0,1054,1056,2110,Canberra,73731,73864,147595,0,0,0,73731,73864,147595
Canberra,2021,5,1394,1387,2781,0,0,0,1394,1387,2781,Canberra,81032,82567,163599,0,0,0,81032,82567,163599
Canberra,2021,6,1167,1168,2335,0,0,0,1167,1168,2335,Canberra,67280,69125,136405,0,0,0,67280,69125,136405
Canberra,2021,7,714,715,1429,0,0,0,714,715,1429,Canberra,35607,33190,68797,0,0,0,35607,33190,68797
Canberra,2021,8,268,273,541,0,0,0,268,273,541,Canberra,7057,5713,12770,0,0,0,7057,5713,12770
Canberra,2021,9,155,158,313,0,0,0,155,158,313,Canberra,1854,1642,3496,0,0,0,1854,1642,3496
Canberra,2021,10,167,167,334,0,0,0,167,167,334,Canberra,2074,2484,4558,0,0,0,2074,2484,4558
Canberra,2021,11,536,528,1064,0,0,0,536,528,1064,Canberra,24218,23996,48214,0,0,0,24218,23996,48214
Canberra,2021,12,1005,999,2004,0,0,0,1005,999,2004,Canberra,53095,64004,117099,0,0,0,53095,64004,117099
Canberra,2022,1,867,866,1733,0,0,0,867,866,1733,Canberra,54401,45340,99741,0,0,0,54401,45340,99741
Canberra,2022,2,909,902,1811,0,0,0,909,902,1811,Canberra,56774,56165,112939,0,0,0,56774,56165,112939
Canberra,2022,3,1342,1345,2687,0,0,0,1342,1345,2687,Canberra,88227,88613,176840,0,0,0,88227,88613,176840
Canberra,2022,4,1671,1668,3339,0,0,0,1671,1668,3339,Canberra,104174,106801,210975,0,0,0,104174,106801,210975
Canberra,2022,5,1837,1832,3669,0,0,0,1837,1832,3669,Canberra,105704,106083,211787,0,0,0,105704,106083,211787
Canberra,2022,6,1656,1657,3313,0,0,0,1656,1657,3313,Canberra,108136,110827,218963,0,0,0,108136,110827,218963
Canberra,2022,7,1664,1663,3327,0,0,0,1664,1663,3327,Canberra,121068,119187,240255,0,0,0,121068,119187,240255
Canberra,2022,8,1665,1662,3327,0,0,0,1665,1662,3327,Canberra,111703,109761,221464,0,0,0,111703,109761,221464
Canberra,2022,9,1567,1562,3129,0,0,0,1567,1562,3129,Canberra,114412,119407,233819,0,0,0,114412,119407,233819
Canberra,2022,10,1588,1591,3179,0,0,0,1588,1591,3179,Canberra,125573,119439,245012,0,0,0,125573,119439,245012
Canberra,2022,11,1633,1634,3267,0,0,0,1633,1634,3267,Canberra,123665,122061,245726,0,0,0,123665,122061,245726
Canberra,2022,12,1565,1570,3135,0,0,0,1565,1570,3135,Canberra,103818,116268,220086,0,0,0,103818,116268,220086
Canberra,2023,1,1390,1385,2775,0,0,0,1390,1385,2775,Canberra,98797,86077,184874,0,0,0,98797,86077,184874
Canberra,2023,2,1544,1538,3082,0,0,0,1544,1538,3082,Canberra,100579,98249,198828,0,0,0,100579,98249,198828
Canberra,2023,3,1756,1748,3504,0,0,0,1756,1748,3504,Canberra,120774,122673,243447,0,0,0,120774,122673,243447
Canberra,2023,4,1623,1618,3241,1,1,2,1624,1619,3243,Canberra,110403,108661,219064,105,72,177,110508,108733,219241
Canberra,2023,5,1828,1818,3646,0,0,0,1828,1818,3646,Canberra,115035,115972,231007,0,0,0,115035,115972,231007
Canberra,2023,6,1730,1726,3456,0,0,0,1730,1726,3456,Canberra,111779,116283,228062,0,0,0,111779,116283,228062
Canberra,2023,7,1718,1710,3428,3,3,6,1721,1713,3434,Canberra,121023,116196,237219,318,203,521,121341,116399,237740
Canberra,2023,8,1793,1791,3584,9,9,18,1802,1800,3602,Canberra,119065,120265,239330,802,874,1676,119867,121139,241006
Canberra,2023,9,1728,1726,3454,9,9,18,1737,1735,3472,Canberra,119580,122742,242322,940,1059,1999,120520,123801,244321
Canberra,2023,10,1746,1742,3488,14,14,28,1760,1756,3516,Canberra,127977,120158,248135,1234,1379,2613,129211,121537,250748
Canberra,2023,11,1703,1699,3402,12,12,24,1715,1711,3426,Canberra,129008,129404,258412,983,1183,2166,129991,130587,260578
Canberra,2023,12,1493,1488,2981,14,14,28,1507,1502,3009,Canberra,107915,118735,226650,1568,1360,2928,109483,120095,229578
Canberra,2024,1,1298,1292,2590,13,13,26,1311,1305,2616,Canberra,99608,88844,188452,1235,1767,3002,100843,90611,191454
Canberra,2024,2,1598,1591,3189,8,8,16,1606,1599,3205,Canberra,111444,108941,220385,544,707,1251,111988,109648,221636
Canberra,2024,3,1692,1682,3374,10,10,20,1702,1692,3394,Canberra,121366,123362,244728,1001,927,1928,122367,124289,246656
Canberra,2024,4,1596,1585,3181,13,13,26,1609,1598,3207,Canberra,113579,114353,227932,1140,1177,2317,114719,115530,230249
Canberra,2024,5,1674,1664,3338,9,9,18,1683,1673,3356,Canberra,116763,119036,235799,1048,1085,2133,117811,120121,237932
Canberra,2024,6,1556,1546,3102,19,19,38,1575,1565,3140,Canberra,112740,112096,224836,1750,1911,3661,114490,114007,228497
Canberra,2024,7,1610,1602,3212,25,25,50,1635,1627,3262,Canberra,117143,116911,234054,2857,2623,5480,120000,119534,239534
Canberra,2024,8,1584,1578,3162,21,21,42,1605,1599,3204,Canberra,120034,121472,241506,1950,2057,4007,121984,123529,245513
Canberra,2024,9,1530,1532,3062,19,19,38,1549,1551,3100,Canberra,120587,121662,242249,1776,1939,3715,122363,123601,245964
Canberra,2024,10,1609,1596,3205,21,21,42,1630,1617,3247,Canberra,127043,123300,250343,1928,1845,3773,128971,125145,254116
Canberra,2024,11,1600,1590,3190,13,13,26,1613,1603,3216,Canberra,130290,129943,260233,1092,1123,2215,131382,131066,262448
Canberra,2024,12,1354,1354,2708,20,19,39,1374,1373,2747,Canberra,108371,116941,225312,1800,2008,3808,110171,118949,229120
Canberra,2025,1,1129,1121,2250,16,17,33,1145,1138,2283,Canberra,100585,91569,192154,1448,2005,3453,102033,93574,195607
Canberra,2025,2,1464,1450,2914,12,12,24,1476,1462,2938,Canberra,106456,104400,210856,816,860,1676,107272,105260,212532
Canberra,2025,3,1583,1575,3158,13,13,26,1596,1588,3184,Canberra,116018,116611,232629,1030,1090,2120,117048,117701,234749
Canberra,2025,4,1532,1519,3051,13,13,26,1545,1532,3077,Canberra,110614,110846,221460,1405,1337,2742,112019,112183,224202
Canberra,2025,5,1594,1583,3177,13,13,26,1607,1596,3203,Canberra,112953,117067,230020,1337,1280,2617,114290,118347,232637
Canberra,2025,6,1498,1497,2995,13,13,26,1511,1510,3021,Canberra,112788,111166,223954,1462,1303,2765,114250,112469,226719
Darwin,1985,1,474,470,944,30,29,59,504,499,1003,Darwin,17450,14328,31778,2942,1837,4779,20392,16165,36557
Darwin,1985,2,403,405,808,24,24,48,427,429,856,Darwin,9983,10060,20043,1646,1391,3037,11629,11451,23080
Darwin,1985,3,423,424,847,28,29,57,451,453,904,Darwin,11487,10953,22440,1459,1738,3197,12946,12691,25637
Darwin,1985,4,391,392,783,28,28,56,419,420,839,Darwin,13095,12089,25184,1795,1653,3448,14890,13742,28632
Darwin,1985,5,415,413,828,27,27,54,442,440,882,Darwin,14915,14254,29169,1508,1616,3124,16423,15870,32293
Darwin,1985,6,356,419,775,28,28,56,384,447,831,Darwin,15519,16367,31886,1783,2538,4321,17302,18905,36207
Darwin,1985,7,440,441,881,33,33,66,473,474,947,Darwin,18452,17328,35780,3113,2611,5724,21565,19939,41504
Darwin,1985,8,458,461,919,27,26,53,485,487,972,Darwin,17914,18556,36470,1945,1997,3942,19859,20553,40412
Darwin,1985,9,437,439,876,27,28,55,464,467,931,Darwin,14892,16833,31725,1901,1916,3817,16793,18749,35542
Darwin,1985,10,469,470,939,28,27,55,497,497,994,Darwin,13975,15367,29342,1940,1743,3683,15915,17110,33025
Darwin,1985,11,437,439,876,27,27,54,464,466,930,Darwin,12314,12983,25297,1418,1679,3097,13732,14662,28394
Darwin,1985,12,411,421,832,31,32,63,442,453,895,Darwin,13764,18331,32095,1735,2935,4670,15499,21266,36765
Darwin,1986,1,424,416,840,32,32,64,456,448,904,Darwin,18003,14746,32749,3082,1905,4987,21085,16651,37736
Darwin,1986,2,330,335,665,24,24,48,354,359,713,Darwin,10136,10347,20483,1593,1194,2787,11729,11541,23270
Darwin,1986,3,387,396,783,29,29,58,416,425,841,Darwin,12190,12573,24763,1374,1605,2979,13564,14178,27742
Darwin,1986,4,350,359,709,47,48,95,397,407,804,Darwin,13624,13454,27078,2195,1980,4175,15819,15434,31253
Darwin,1986,5,379,388,767,46,45,91,425,433,858,Darwin,16184,15479,31663,1566,1474,3040,17750,16953,34703
Darwin,1986,6,455,459,914,38,40,78,493,499,992,Darwin,16860,15978,32838,1699,1951,3650,18559,17929,36488
Darwin,1986,7,515,510,1025,49,49,98,564,559,1123,Darwin,19271,20268,39539,2827,3143,5970,22098,23411,45509
Darwin,1986,8,485,493,978,47,49,96,532,542,1074,Darwin,18900,19132,38032,2564,2177,4741,21464,21309,42773
Darwin,1986,9,460,458,918,37,39,76,497,497,994,Darwin,14618,17321,31939,1928,1718,3646,16546,19039,35585
Darwin,1986,10,504,540,1044,43,44,87,547,584,1131,Darwin,13984,15749,29733,2288,2115,4403,16272,17864,34136
Darwin,1986,11,436,435,871,39,39,78,475,474,949,Darwin,11632,12094,23726,1748,1994,3742,13380,14088,27468
Darwin,1986,12,484,491,975,51,51,102,535,542,1077,Darwin,13736,17552,31288,1822,2769,4591,15558,20321,35879
Darwin,1987,1,495,464,959,54,53,107,549,517,1066,Darwin,17625,15467,33092,3346,2077,5423,20971,17544,38515
Darwin,1987,2,375,376,751,40,40,80,415,416,831,Darwin,10645,10556,21201,1784,1409,3193,12429,11965,24394
Darwin,1987,3,476,462,938,44,45,89,520,507,1027,Darwin,12085,11659,23744,1744,1810,3554,13829,13469,27298
Darwin,1987,4,410,408,818,51,52,103,461,460,921,Darwin,14257,14096,28353,2284,2467,4751,16541,16563,33104
Darwin,1987,5,449,457,906,50,50,100,499,507,1006,Darwin,15457,14554,30011,2229,2306,4535,17686,16860,34546
Darwin,1987,6,496,502,998,48,49,97,544,551,1095,Darwin,17843,17147,34990,2216,3120,5336,20059,20267,40326
Darwin,1987,7,479,485,964,54,54,108,533,539,1072,Darwin,23101,23523,46624,4117,3419,7536,27218,26942,54160
Darwin,1987,8,454,451,905,49,49,98,503,500,1003,Darwin,18550,20078,38628,2807,2951,5758,21357,23029,44386
Darwin,1987,9,475,484,959,51,51,102,526,535,1061,Darwin,16967,18031,34998,2270,2415,4685,19237,20446,39683
Darwin,1987,10,501,505,1006,56,55,111,557,560,1117,Darwin,15874,18178,34052,3312,2496,5808,19186,20674,39860
Darwin,1987,11,430,429,859,54,56,110,484,485,969,Darwin,13467,13951,27418,2560,2590,5150,16027,16541,32568
Darwin,1987,12,446,454,900,60,60,120,506,514,1020,Darwin,15000,18870,33870,2765,3492,6257,17765,22362,40127
Darwin,1988,1,434,436,870,62,61,123,496,497,993,Darwin,17948,15535,33483,3978,2800,6778,21926,18335,40261
Darwin,1988,2,395,401,796,56,56,112,451,457,908,Darwin,11479,11273,22752,2456,2018,4474,13935,13291,27226
Darwin,1988,3,460,462,922,56,55,111,516,517,1033,Darwin,13418,13296,26714,2383,2463,4846,15801,15759,31560
Darwin,1988,4,404,409,813,63,63,126,467,472,939,Darwin,15703,15268,30971,2754,3057,5811,18457,18325,36782
Darwin,1988,5,409,418,827,64,63,127,473,481,954,Darwin,16387,16322,32709,2800,2890,5690,19187,19212,38399
Darwin,1988,6,468,469,937,59,60,119,527,529,1056,Darwin,19450,17815,37265,3041,3653,6694,22491,21468,43959
Darwin,1988,7,581,587,1168,67,67,134,648,654,1302,Darwin,23582,25258,48840,4802,4297,9099,28384,29555,57939
Darwin,1988,8,530,525,1055,62,62,124,592,587,1179,Darwin,21101,22020,43121,3637,3631,7268,24738,25651,50389
Darwin,1988,9,468,471,939,60,59,119,528,530,1058,Darwin,19186,20066,39252,3275,3114,6389,22461,23180,45641
Darwin,1988,10,443,454,897,65,65,130,508,519,1027,Darwin,16733,18963,35696,4600,3120,7720,21333,22083,43416
Darwin,1988,11,390,399,789,51,54,105,441,453,894,Darwin,13937,14094,28031,3075,3176,6251,17012,17270,34282
Darwin,1988,12,406,424,830,55,54,109,461,478,939,Darwin,14096,18490,32586,3384,4921,8305,17480,23411,40891
Darwin,1989,1,409,406,815,54,53,107,463,459,922,Darwin,17443,14387,31830,5015,3135,8150,22458,17522,39980
Darwin,1989,2,381,380,761,51,49,100,432,429,861,Darwin,11680,11734,23414,3061,2493,5554,14741,14227,28968
Darwin,1989,3,208,210,418,54,54,108,262,264,526,Darwin,13242,12920,26162,2805,3462,6267,16047,16382,32429
Darwin,1989,4,439,441,880,51,52,103,490,493,983,Darwin,15958,16164,32122,3304,3651,6955,19262,19815,39077
Darwin,1989,5,217,216,433,53,53,106,270,269,539,Darwin,15299,14784,30083,2740,3128,5868,18039,17912,35951
Darwin,1989,6,228,226,454,55,55,110,283,281,564,Darwin,20628,18183,38811,3308,4641,7949,23936,22824,46760
Darwin,1989,7,270,264,534,57,56,113,327,320,647,Darwin,24105,25342,49447,5952,4722,10674,30057,30064,60121
Darwin,1989,8,183,184,367,57,58,115,240,242,482,Darwin,15191,15492,30683,3867,4393,8260,19058,19885,38943
Darwin,1989,9,17,14,31,65,62,127,82,76,158,Darwin,2049,1863,3912,3913,4235,8148,5962,6098,12060
Darwin,1989,10,45,43,88,66,62,128,111,105,216,Darwin,4048,4662,8710,5093,4171,9264,9141,8833,17974
Darwin,1989,11,104,103,207,58,56,114,162,159,321,Darwin,7400,7633,15033,3465,3379,6844,10865,11012,21877
Darwin,1989,12,149,153,302,57,53,110,206,206,412,Darwin,9826,13020,22846,3423,5413,8836,13249,18433,31682
Darwin,1990,1,182,180,362,62,60,122,244,240,484,Darwin,14849,11886,26735,4995,3482,8477,19844,15368,35212
Darwin,1990,2,181,180,361,48,48,96,229,228,457,Darwin,10533,10398,20931,3574,2764,6338,14107,13162,27269
Darwin,1990,3,198,196,394,54,54,108,252,250,502,Darwin,12213,11830,24043,2936,3517,6453,15149,15347,30496
Darwin,1990,4,199,199,398,55,54,109,254,253,507,Darwin,15168,14785,29953,3548,3864,7412,18716,18649,37365
Darwin,1990,5,214,212,426,58,57,115,272,269,541,Darwin,16946,15866,32812,3015,3669,6684,19961,19535,39496
Darwin,1990,6,222,223,445,56,56,112,278,279,557,Darwin,18837,18271,37108,3439,4908,8347,22276,23179,45455
Darwin,1990,7,252,249,501,61,61,122,313,310,623,Darwin,23121,23731,46852,5800,4718,10518,28921,28449,57370
Darwin,1990,8,246,243,489,59,59,118,305,302,607,Darwin,19243,21251,40494,4412,4591,9003,23655,25842,49497
Darwin,1990,9,233,228,461,53,53,106,286,281,567,Darwin,17497,18290,35787,3903,3844,7747,21400,22134,43534
Darwin,1990,10,242,237,479,52,52,104,294,289,583,Darwin,16336,18744,35080,4266,3162,7428,20602,21906,42508
Darwin,1990,11,234,232,466,62,62,124,296,294,590,Darwin,13917,14810,28727,4198,3683,7881,18115,18493,36608
Darwin,1990,12,243,241,484,65,66,131,308,307,615,Darwin,14255,18040,32295,3139,4862,8001,17394,22902,40296
Darwin,1991,1,250,246,496,65,65,130,315,311,626,Darwin,18692,16304,34996,5024,3184,8208,23716,19488,43204
Darwin,1991,2,207,203,410,56,56,112,263,259,522,Darwin,11724,11162,22886,2882,2574,5456,14606,13736,28342
Darwin,1991,3,228,223,451,64,64,128,292,287,579,Darwin,12694,12717,25411,2734,3279,6013,15428,15996,31424
Darwin,1991,4,216,210,426,67,67,134,283,277,560,Darwin,15325,14626,29951,2871,3337,6208,18196,17963,36159
Darwin,1991,5,234,228,462,76,76,152,310,304,614,Darwin,16341,15686,32027,3225,3996,7221,19566,19682,39248
Darwin,1991,6,288,285,573,70,70,140,358,355,713,Darwin,19778,19140,38918,3632,4903,8535,23410,24043,47453
Darwin,1991,7,325,328,653,68,68,136,393,396,789,Darwin,25703,25632,51335,5772,4439,10211,31475,30071,61546
Darwin,1991,8,323,321,644,74,74,148,397,395,792,Darwin,21189,23323,44512,4088,4601,8689,25277,27924,53201
Darwin,1991,9,311,310,621,70,70,140,381,380,761,Darwin,19561,21143,40704,3779,3822,7601,23340,24965,48305
Darwin,1991,10,373,378,751,70,70,140,443,448,891,Darwin,18163,21046,39209,4182,3035,7217,22345,24081,46426
Darwin,1991,11,508,505,1013,72,72,144,580,577,1157,Darwin,16272,17203,33475,3355,3296,6651,19627,20499,40126
Darwin,1991,12,550,541,1091,78,78,156,628,619,1247,Darwin,17194,22142,39336,2844,4371,7215,20038,26513,46551
Darwin,1992,1,580,567,1147,80,79,159,660,646,1306,Darwin,21949,18292,40241,4445,2754,7199,26394,21046,47440
Darwin,1992,2,508,513,1021,74,74,148,582,587,1169,Darwin,15934,15443,31377,2981,2436,5417,18915,17879,36794
Darwin,1992,3,572,565,1137,79,79,158,651,644,1295,Darwin,16806,15997,32803,2461,2770,5231,19267,18767,38034
Darwin,1992,4,526,521,1047,80,80,160,606,601,1207,Darwin,19728,20505,40233,3422,3552,6974,23150,24057,47207
Darwin,1992,5,560,557,1117,81,81,162,641,638,1279,Darwin,19251,18470,37721,3229,3679,6908,22480,22149,44629
Darwin,1992,6,558,563,1121,74,74,148,632,637,1269,Darwin,21899,21806,43705,3671,4908,8579,25570,26714,52284
Darwin,1992,7,583,594,1177,80,80,160,663,674,1337,Darwin,29196,27666,56862,6068,4309,10377,35264,31975,67239
Darwin,1992,8,498,498,996,81,81,162,579,579,1158,Darwin,21786,24474,46260,4041,4716,8757,25827,29190,55017
Darwin,1992,9,579,584,1163,78,78,156,657,662,1319,Darwin,19853,20670,40523,3582,4123,7705,23435,24793,48228
Darwin,1992,10,545,547,1092,82,82,164,627,629,1256,Darwin,20484,21933,42417,4798,3646,8444,25282,25579,50861
Darwin,1992,11,528,527,1055,82,82,164,610,609,1219,Darwin,19374,20542,39916,3317,3760,7077,22691,24302,46993
Darwin,1992,12,597,598,1195,83,83,166,680,681,1361,Darwin,18006,23362,41368,3603,4537,8140,21609,27899,49508
Darwin,1993,1,560,558,1118,77,77,154,637,635,1272,Darwin,22430,18431,40861,4678,3006,7684,27108,21437,48545
Darwin,1993,2,494,493,987,68,68,136,562,561,1123,Darwin,15344,15304,30648,3035,2510,5545,18379,17814,36193
Darwin,1993,3,549,552,1101,75,75,150,624,627,1251,Darwin,18744,18706,37450,3324,3671,6995,22068,22377,44445
Darwin,1993,4,576,576,1152,88,88,176,664,664,1328,Darwin,21502,20225,41727,4406,3966,8372,25908,24191,50099
Darwin,1993,5,589,592,1181,90,90,180,679,682,1361,Darwin,23072,22792,45864,3748,5093,8841,26820,27885,54705
Darwin,1993,6,584,586,1170,84,84,168,668,670,1338,Darwin,25344,24777,50121,3617,4905,8522,28961,29682,58643
Darwin,1993,7,647,654,1301,104,104,208,751,758,1509,Darwin,31710,30795,62505,6244,4710,10954,37954,35505,73459
Darwin,1993,8,618,618,1236,98,98,196,716,716,1432,Darwin,26014,28885,54899,4178,4975,9153,30192,33860,64052
Darwin,1993,9,635,634,1269,101,101,202,736,735,1471,Darwin,23833,24530,48363,4384,4162,8546,28217,28692,56909
Darwin,1993,10,648,649,1297,115,115,230,763,764,1527,Darwin,23637,26053,49690,6136,4216,10352,29773,30269,60042
Darwin,1993,11,629,630,1259,108,108,216,737,738,1475,Darwin,21124,21907,43031,4144,4523,8667,25268,26430,51698
Darwin,1993,12,646,641,1287,121,122,243,767,763,1530,Darwin,20782,26128,46910,4138,5293,9431,24920,31421,56341
Darwin,1994,1,622,620,1242,120,120,240,742,740,1482,Darwin,25081,21128,46209,5739,4157,9896,30820,25285,56105
Darwin,1994,2,556,555,1111,105,105,210,661,660,1321,Darwin,18633,18103,36736,3719,3524,7243,22352,21627,43979
Darwin,1994,3,649,649,1298,118,117,235,767,766,1533,Darwin,23186,23490,46676,4466,4647,9113,27652,28137,55789
Darwin,1994,4,616,615,1231,123,123,246,739,738,1477,Darwin,23999,23662,47661,4827,4735,9562,28826,28397,57223
Darwin,1994,5,661,662,1323,125,125,250,786,787,1573,Darwin,25503,24983,50486,4275,5252,9527,29778,30235,60013
Darwin,1994,6,685,685,1370,127,127,254,812,812,1624,Darwin,30071,30040,60111,5339,6106,11445,35410,36146,71556
Darwin,1994,7,721,722,1443,142,142,284,863,864,1727,Darwin,35664,35691,71355,9265,6737,16002,44929,42428,87357
Darwin,1994,8,715,714,1429,132,133,265,847,847,1694,Darwin,31231,33794,65025,6002,6160,12162,37233,39954,77187
Darwin,1994,9,703,702,1405,133,133,266,836,835,1671,Darwin,29169,30369,59538,6656,5657,12313,35825,36026,71851
Darwin,1994,10,722,721,1443,139,139,278,861,860,1721,Darwin,28695,30925,59620,7844,5312,13156,36539,36237,72776
Darwin,1994,11,707,708,1415,126,125,251,833,833,1666,Darwin,24458,26466,50924,5239,4999,10238,29697,31465,61162
Darwin,1994,12,737,731,1468,141,141,282,878,872,1750,Darwin,23888,28703,52591,4935,6389,11324,28823,35092,63915
Darwin,1995,1,726,726,1452,139,137,276,865,863,1728,Darwin,29177,26082,55259,6577,4999,11576,35754,31081,66835
Darwin,1995,2,661,658,1319,121,121,242,782,779,1561,Darwin,20428,20188,40616,4507,3675,8182,24935,23863,48798
Darwin,1995,3,737,731,1468,131,132,263,868,863,1731,Darwin,25186,25139,50325,4518,5061,9579,29704,30200,59904
Darwin,1995,4,763,757,1520,129,128,257,892,885,1777,Darwin,28278,28006,56284,5262,5140,10402,33540,33146,66686
Darwin,1995,5,787,788,1575,137,139,276,924,927,1851,Darwin,29330,28713,58043,5434,6081,11515,34764,34794,69558
Darwin,1995,6,759,758,1517,135,134,269,894,892,1786,Darwin,33547,32492,66039,5685,6264,11949,39232,38756,77988
Darwin,1995,7,832,832,1664,150,150,300,982,982,1964,Darwin,42048,41687,83735,9227,7049,16276,51275,48736,100011
Darwin,1995,8,841,842,1683,141,140,281,982,982,1964,Darwin,37504,40530,78034,6840,6716,13556,44344,47246,91590
Darwin,1995,9,834,835,1669,135,136,271,969,971,1940,Darwin,34211,35854,70065,6926,5676,12602,41137,41530,82667
Darwin,1995,10,880,879,1759,138,138,276,1018,1017,2035,Darwin,31245,35621,66866,8257,4946,13203,39502,40567,80069
Darwin,1995,11,811,810,1621,137,137,274,948,947,1895,Darwin,27905,29599,57504,5248,5084,10332,33153,34683,67836
Darwin,1995,12,823,820,1643,141,142,283,964,962,1926,Darwin,26725,33796,60521,4552,5913,10465,31277,39709,70986
Darwin,1996,1,890,889,1779,140,140,280,1030,1029,2059,Darwin,32836,27895,60731,6490,4978,11468,39326,32873,72199
Darwin,1996,2,809,804,1613,129,127,256,938,931,1869,Darwin,24020,24256,48276,5082,3814,8896,29102,28070,57172
Darwin,1996,3,864,862,1726,138,138,276,1002,1000,2002,Darwin,28009,27710,55719,4565,5297,9862,32574,33007,65581
Darwin,1996,4,892,892,1784,144,144,288,1036,1036,2072,Darwin,31650,30573,62223,5085,5561,10646,36735,36134,72869
Darwin,1996,5,905,899,1804,144,145,289,1049,1044,2093,Darwin,34384,33072,67456,4855,5919,10774,39239,38991,78230
Darwin,1996,6,836,833,1669,147,146,293,983,979,1962,Darwin,40002,38743,78745,6561,7062,13623,46563,45805,92368
Darwin,1996,7,892,892,1784,159,162,321,1051,1054,2105,Darwin,44856,45234,90090,9164,7347,16511,54020,52581,106601
Darwin,1996,8,880,881,1761,148,147,295,1028,1028,2056,Darwin,41127,44603,85730,6883,6830,13713,48010,51433,99443
Darwin,1996,9,848,847,1695,150,150,300,998,997,1995,Darwin,34675,37258,71933,7525,6563,14088,42200,43821,86021
Darwin,1996,10,898,898,1796,159,158,317,1057,1056,2113,Darwin,35080,38344,73424,9473,5901,15374,44553,44245,88798
Darwin,1996,11,861,861,1722,155,155,310,1016,1016,2032,Darwin,30299,32596,62895,5723,5607,11330,36022,38203,74225
Darwin,1996,12,874,875,1749,166,166,332,1040,1041,2081,Darwin,29026,35336,64362,5314,6289,11603,34340,41625,75965
Darwin,1997,1,864,861,1725,161,165,326,1025,1026,2051,Darwin,33296,29278,62574,7370,4915,12285,40666,34193,74859
Darwin,1997,2,753,752,1505,145,146,291,898,898,1796,Darwin,24562,24985,49547,5862,4474,10336,30424,29459,59883
Darwin,1997,3,835,837,1672,162,162,324,997,999,1996,Darwin,29934,29394,59328,5300,5084,10384,35234,34478,69712
Darwin,1997,4,837,838,1675,163,163,326,1000,1001,2001,Darwin,31657,30561,62218,5553,6492,12045,37210,37053,74263
Darwin,1997,5,864,866,1730,169,168,337,1033,1034,2067,Darwin,34058,33699,67757,6220,6906,13126,40278,40605,80883
Darwin,1997,6,837,834,1671,169,170,339,1006,1004,2010,Darwin,39710,37658,77368,7396,8376,15772,47106,46034,93140
Darwin,1997,7,846,846,1692,169,168,337,1015,1014,2029,Darwin,45596,46459,92055,10262,8091,18353,55858,54550,110408
Darwin,1997,8,830,830,1660,169,170,339,999,1000,1999,Darwin,41643,44231,85874,7594,8421,16015,49237,52652,101889
Darwin,1997,9,815,814,1629,166,165,331,981,979,1960,Darwin,35047,36736,71783,9043,7457,16500,44090,44193,88283
Darwin,1997,10,847,845,1692,169,171,340,1016,1016,2032,Darwin,34912,37788,72700,10056,7613,17669,44968,45401,90369
Darwin,1997,11,792,791,1583,178,176,354,970,967,1937,Darwin,28769,30854,59623,8166,6874,15040,36935,37728,74663
Darwin,1997,12,832,828,1660,183,182,365,1015,1010,2025,Darwin,27972,33784,61756,6232,7562,13794,34204,41346,75550
Darwin,1998,1,805,807,1612,182,181,363,987,988,1975,Darwin,32729,28959,61688,8208,5963,14171,40937,34922,75859
Darwin,1998,2,739,740,1479,163,163,326,902,903,1805,Darwin,25242,25682,50924,6326,5503,11829,31568,31185,62753
Darwin,1998,3,822,821,1643,179,179,358,1001,1000,2001,Darwin,30567,29373,59940,6402,6792,13194,36969,36165,73134
Darwin,1998,4,817,817,1634,168,167,335,985,984,1969,Darwin,32851,32190,65041,6409,6701,13110,39260,38891,78151
Darwin,1998,5,834,834,1668,170,171,341,1004,1005,2009,Darwin,35874,34887,70761,5698,6820,12518,41572,41707,83279
Darwin,1998,6,826,826,1652,168,168,336,994,994,1988,Darwin,41936,40494,82430,6687,7827,14514,48623,48321,96944
Darwin,1998,7,891,890,1781,170,171,341,1061,1061,2122,Darwin,48062,47754,95816,10596,8064,18660,58658,55818,114476
Darwin,1998,8,868,869,1737,169,167,336,1037,1036,2073,Darwin,43822,45405,89227,8462,9191,17653,52284,54596,106880
Darwin,1998,9,853,851,1704,163,165,328,1016,1016,2032,Darwin,37328,39354,76682,8828,7915,16743,46156,47269,93425
Darwin,1998,10,885,887,1772,172,170,342,1057,1057,2114,Darwin,36891,40490,77381,10497,7673,18170,47388,48163,95551
Darwin,1998,11,892,892,1784,164,164,328,1056,1056,2112,Darwin,30271,31479,61750,7448,7103,14551,37719,38582,76301
Darwin,1998,12,913,913,1826,170,171,341,1083,1084,2167,Darwin,27860,34221,62081,5714,6946,12660,33574,41167,74741
Darwin,1999,1,888,886,1774,168,168,336,1056,1054,2110,Darwin,32736,28274,61010,7705,6506,14211,40441,34780,75221
Darwin,1999,2,832,830,1662,153,153,306,985,983,1968,Darwin,24315,24597,48912,5860,4406,10266,30175,29003,59178
Darwin,1999,3,930,927,1857,166,167,333,1096,1094,2190,Darwin,30921,29577,60498,5492,5892,11384,36413,35469,71882
Darwin,1999,4,880,880,1760,156,156,312,1036,1036,2072,Darwin,32704,32368,65072,5940,5948,11888,38644,38316,76960
Darwin,1999,5,890,893,1783,163,161,324,1053,1054,2107,Darwin,37846,35307,73153,5648,6227,11875,43494,41534,85028
Darwin,1999,6,879,878,1757,156,158,314,1035,1036,2071,Darwin,43330,41607,84937,6244,6851,13095,49574,48458,98032
Darwin,1999,7,819,821,1640,164,162,326,983,983,1966,Darwin,48921,49219,98140,10354,7397,17751,59275,56616,115891
Darwin,1999,8,846,844,1690,157,157,314,1003,1001,2004,Darwin,46688,48451,95139,7217,7412,14629,53905,55863,109768
Darwin,1999,9,836,834,1670,155,156,311,991,990,1981,Darwin,41655,42267,83922,8364,6846,15210,50019,49113,99132
Darwin,1999,10,830,829,1659,158,158,316,988,987,1975,Darwin,39031,41260,80291,8489,5766,14255,47520,47026,94546
Darwin,1999,11,797,797,1594,148,147,295,945,944,1889,Darwin,31908,32736,64644,5787,5228,11015,37695,37964,75659
Darwin,1999,12,745,746,1491,138,138,276,883,884,1767,Darwin,28791,34454,63245,4613,5866,10479,33404,40320,73724
Darwin,2000,1,729,726,1455,135,135,270,864,861,1725,Darwin,33972,29811,63783,6403,4728,11131,40375,34539,74914
Darwin,2000,2,688,689,1377,126,126,252,814,815,1629,Darwin,27201,26831,54032,5025,4114,9139,32226,30945,63171
Darwin,2000,3,830,827,1657,137,139,276,967,966,1933,Darwin,32183,31415,63598,4930,5206,10136,37113,36621,73734
Darwin,2000,4,743,742,1485,132,131,263,875,873,1748,Darwin,35802,34770,70572,5888,6080,11968,41690,40850,82540
Darwin,2000,5,778,777,1555,156,157,313,934,934,1868,Darwin,40676,37764,78440,5909,6255,12164,46585,44019,90604
Darwin,2000,6,790,789,1579,155,155,310,945,944,1889,Darwin,44145,44100,88245,7096,8097,15193,51241,52197,103438
Darwin,2000,7,806,808,1614,164,163,327,970,971,1941,Darwin,46309,47010,93319,10825,7917,18742,57134,54927,112061
Darwin,2000,8,824,828,1652,191,191,382,1015,1019,2034,Darwin,47013,48122,95135,8668,8945,17613,55681,57067,112748
Darwin,2000,9,802,802,1604,190,190,380,992,992,1984,Darwin,41137,44505,85642,8258,7395,15653,49395,51900,101295
Darwin,2000,10,798,802,1600,193,191,384,991,993,1984,Darwin,39001,41570,80571,10237,7477,17714,49238,49047,98285
Darwin,2000,11,774,774,1548,181,181,362,955,955,1910,Darwin,33128,33936,67064,8042,7437,15479,41170,41373,82543
Darwin,2000,12,729,735,1464,185,187,372,914,922,1836,Darwin,29701,36482,66183,6632,7932,14564,36333,44414,80747
Darwin,2001,1,708,708,1416,186,188,374,894,896,1790,Darwin,37668,33221,70889,7579,6309,13888,45247,39530,84777
Darwin,2001,2,672,673,1345,112,112,224,784,785,1569,Darwin,26328,26069,52397,5208,4100,9308,31536,30169,61705
Darwin,2001,3,767,765,1532,123,121,244,890,886,1776,Darwin,31618,31164,62782,5582,5356,10938,37200,36520,73720
Darwin,2001,4,749,753,1502,120,120,240,869,873,1742,Darwin,35099,35020,70119,5812,5973,11785,40911,40993,81904
Darwin,2001,5,785,793,1578,125,125,250,910,918,1828,Darwin,39094,38120,77214,6369,6841,13210,45463,44961,90424
Darwin,2001,6,751,749,1500,116,116,232,867,865,1732,Darwin,42266,42017,84283,6381,7015,13396,48647,49032,97679
Darwin,2001,7,815,810,1625,123,123,246,938,933,1871,Darwin,50348,50352,100700,9376,7228,16604,59724,57580,117304
Darwin,2001,8,790,791,1581,121,122,243,911,913,1824,Darwin,44751,47888,92639,7589,8294,15883,52340,56182,108522
Darwin,2001,9,618,624,1242,114,113,227,732,737,1469,Darwin,32519,34879,67398,8149,6220,14369,40668,41099,81767
Darwin,2001,10,493,491,984,113,114,227,606,605,1211,Darwin,28425,29793,58218,8206,5546,13752,36631,35339,71970
Darwin,2001,11,512,516,1028,108,108,216,620,624,1244,Darwin,26393,28035,54428,5417,5026,10443,31810,33061,64871
Darwin,2001,12,512,514,1026,73,72,145,585,586,1171,Darwin,25025,31654,56679,3401,4646,8047,28426,36300,64726
Darwin,2002,1,610,615,1225,73,72,145,683,687,1370,Darwin,32525,27341,59866,4841,3710,8551,37366,31051,68417
Darwin,2002,2,597,595,1192,49,49,98,646,644,1290,Darwin,25960,26439,52399,3298,3043,6341,29258,29482,58740
Darwin,2002,3,663,663,1326,54,54,108,717,717,1434,Darwin,32474,31955,64429,3936,4230,8166,36410,36185,72595
Darwin,2002,4,658,656,1314,49,49,98,707,705,1412,Darwin,34426,32452,66878,3825,3657,7482,38251,36109,74360
Darwin,2002,5,681,683,1364,58,59,117,739,742,1481,Darwin,39144,37849,76993,3866,4931,8797,43010,42780,85790
Darwin,2002,6,679,682,1361,58,57,115,737,739,1476,Darwin,43022,41172,84194,4271,5062,9333,47293,46234,93527
Darwin,2002,7,726,723,1449,56,57,113,782,780,1562,Darwin,51116,51396,102512,5864,5302,11166,56980,56698,113678
Darwin,2002,8,726,725,1451,61,60,121,787,785,1572,Darwin,46819,49364,96183,5132,5933,11065,51951,55297,107248
Darwin,2002,9,706,706,1412,58,59,117,764,765,1529,Darwin,40838,42045,82883,5459,5258,10717,46297,47303,93600
Darwin,2002,10,723,722,1445,60,58,118,783,780,1563,Darwin,38925,41582,80507,5671,3997,9668,44596,45579,90175
Darwin,2002,11,644,643,1287,52,52,104,696,695,1391,Darwin,31300,32944,64244,2954,3133,6087,34254,36077,70331
Darwin,2002,12,638,640,1278,61,61,122,699,701,1400,Darwin,28244,34759,63003,2446,3392,5838,30690,38151,68841
Darwin,2003,1,635,636,1271,60,60,120,695,696,1391,Darwin,32793,28694,61487,3367,2482,5849,36160,31176,67336
Darwin,2003,2,568,563,1131,43,44,87,611,607,1218,Darwin,25510,25846,51356,2511,2268,4779,28021,28114,56135
Darwin,2003,3,630,626,1256,51,50,101,681,676,1357,Darwin,30025,29855,59880,2755,2796,5551,32780,32651,65431
Darwin,2003,4,640,636,1276,48,49,97,688,685,1373,Darwin,35057,34290,69347,2549,2836,5385,37606,37126,74732
Darwin,2003,5,668,675,1343,54,53,107,722,728,1450,Darwin,38312,37911,76223,2599,3649,6248,40911,41560,82471
Darwin,2003,6,668,665,1333,52,52,104,720,717,1437,Darwin,45471,42770,88241,3097,3856,6953,48568,46626,95194
Darwin,2003,7,754,754,1508,53,53,106,807,807,1614,Darwin,55069,56114,111183,4310,3979,8289,59379,60093,119472
Darwin,2003,8,729,734,1463,55,55,110,784,789,1573,Darwin,47489,51466,98955,3928,4483,8411,51417,55949,107366
Darwin,2003,9,702,702,1404,52,52,104,754,754,1508,Darwin,41892,42978,84870,3360,3171,6531,45252,46149,91401
Darwin,2003,10,722,716,1438,54,55,109,776,771,1547,Darwin,41463,43018,84481,3840,3054,6894,45303,46072,91375
Darwin,2003,11,631,634,1265,56,55,111,687,689,1376,Darwin,33721,35351,69072,3071,2846,5917,36792,38197,74989
Darwin,2003,12,524,520,1044,59,59,118,583,579,1162,Darwin,31724,37340,69064,2889,3994,6883,34613,41334,75947
Darwin,2004,1,524,545,1069,59,59,118,583,604,1187,Darwin,36637,32208,68845,4087,2935,7022,40724,35143,75867
Darwin,2004,2,492,508,1000,53,53,106,545,561,1106,Darwin,29227,29934,59161,2839,2606,5445,32066,32540,64606
Darwin,2004,3,547,566,1113,57,57,114,604,623,1227,Darwin,35292,35298,70590,2851,3260,6111,38143,38558,76701
Darwin,2004,4,589,605,1194,57,58,115,646,663,1309,Darwin,41292,40937,82229,3083,3398,6481,44375,44335,88710
Darwin,2004,5,655,672,1327,72,71,143,727,743,1470,Darwin,45261,44645,89906,3283,3682,6965,48544,48327,96871
Darwin,2004,6,629,644,1273,78,78,156,707,722,1429,Darwin,51459,49519,100978,4205,4952,9157,55664,54471,110135
Darwin,2004,7,642,660,1302,85,85,170,727,745,1472,Darwin,60352,60952,121304,6569,4862,11431,66921,65814,132735
Darwin,2004,8,638,659,1297,83,83,166,721,742,1463,Darwin,55684,59595,115279,4802,5659,10461,60486,65254,125740
Darwin,2004,9,608,626,1234,82,82,164,690,708,1398,Darwin,49382,50233,99615,5459,4725,10184,54841,54958,109799
Darwin,2004,10,611,626,1237,84,84,168,695,710,1405,Darwin,46239,48233,94472,5647,4072,9719,51886,52305,104191
Darwin,2004,11,530,552,1082,76,74,150,606,626,1232,Darwin,38623,40118,78741,3858,3634,7492,42481,43752,86233
Darwin,2004,12,545,558,1103,91,92,183,636,650,1286,Darwin,37488,43234,80722,3202,4704,7906,40690,47938,88628
Darwin,2005,1,545,559,1104,82,81,163,627,640,1267,Darwin,41115,37222,78337,4964,3344,8308,46079,40566,86645
Darwin,2005,2,517,534,1051,68,68,136,585,602,1187,Darwin,31906,31979,63885,3032,2589,5621,34938,34568,69506
Darwin,2005,3,580,598,1178,73,74,147,653,672,1325,Darwin,40237,39953,80190,3167,3603,6770,43404,43556,86960
Darwin,2005,4,622,640,1262,84,83,167,706,723,1429,Darwin,46488,45678,92166,3230,4079,7309,49718,49757,99475
Darwin,2005,5,646,662,1308,86,86,172,732,748,1480,Darwin,48538,47098,95636,4021,4948,8969,52559,52046,104605
Darwin,2005,6,670,686,1356,100,101,201,770,787,1557,Darwin,55001,52171,107172,4080,4965,9045,59081,57136,116217
Darwin,2005,7,633,650,1283,110,110,220,743,760,1503,Darwin,61640,62249,123889,6845,5062,11907,68485,67311,135796
Darwin,2005,8,648,666,1314,93,92,185,741,758,1499,Darwin,56016,59161,115177,5051,6294,11345,61067,65455,126522
Darwin,2005,9,450,485,935,82,82,164,532,567,1099,Darwin,47555,48204,95759,4992,4440,9432,52547,52644,105191
Darwin,2005,10,599,615,1214,83,83,166,682,698,1380,Darwin,47928,51472,99400,5451,3809,9260,53379,55281,108660
Darwin,2005,11,560,577,1137,74,74,148,634,651,1285,Darwin,38687,39539,78226,3753,3360,7113,42440,42899,85339
Darwin,2005,12,555,573,1128,83,83,166,638,656,1294,Darwin,36731,43982,80713,3850,5453,9303,40581,49435,90016
Darwin,2006,1,546,563,1109,104,104,208,650,667,1317,Darwin,41040,36170,77210,6099,4253,10352,47139,40423,87562
Darwin,2006,2,502,517,1019,96,96,192,598,613,1211,Darwin,30649,31395,62044,3998,3292,7290,34647,34687,69334
Darwin,2006,3,561,571,1132,107,107,214,668,678,1346,Darwin,37486,37595,75081,3935,4330,8265,41421,41925,83346
Darwin,2006,4,572,580,1152,108,108,216,680,688,1368,Darwin,42178,41903,84081,5186,6019,11205,47364,47922,95286
Darwin,2006,5,669,687,1356,108,108,216,777,795,1572,Darwin,51406,49148,100554,4108,5056,9164,55514,54204,109718
Darwin,2006,6,659,669,1328,107,107,214,766,776,1542,Darwin,56457,54333,110790,5072,6746,11818,61529,61079,122608
Darwin,2006,7,675,675,1350,128,128,256,803,803,1606,Darwin,68177,69954,138131,8020,6217,14237,76197,76171,152368
Darwin,2006,8,685,688,1373,122,123,245,807,811,1618,Darwin,62813,66717,129530,5282,6814,12096,68095,73531,141626
Darwin,2006,9,645,633,1278,108,107,215,753,740,1493,Darwin,54167,56936,111103,5412,5265,10677,59579,62201,121780
Darwin,2006,10,645,647,1292,114,114,228,759,761,1520,Darwin,52100,56346,108446,5778,5050,10828,57878,61396,119274
Darwin,2006,11,628,622,1250,122,123,245,750,745,1495,Darwin,47259,48625,95884,4526,4662,9188,51785,53287,105072
Darwin,2006,12,583,577,1160,131,131,262,714,708,1422,Darwin,43111,50354,93465,4081,7627,11708,47192,57981,105173
Darwin,2007,1,590,585,1175,129,128,257,719,713,1432,Darwin,47442,42150,89592,7515,5243,12758,54957,47393,102350
Darwin,2007,2,548,547,1095,113,113,226,661,660,1321,Darwin,36268,37621,73889,4642,3953,8595,40910,41574,82484
Darwin,2007,3,621,614,1235,126,127,253,747,741,1488,Darwin,44612,44752,89364,4423,4765,9188,49035,49517,98552
Darwin,2007,4,608,605,1213,125,124,249,733,729,1462,Darwin,50485,50503,100988,5298,5447,10745,55783,55950,111733
Darwin,2007,5,657,640,1297,125,127,252,782,767,1549,Darwin,58981,55667,114648,5250,5930,11180,64231,61597,125828
Darwin,2007,6,664,648,1312,132,131,263,796,779,1575,Darwin,63885,60543,124428,5435,7582,13017,69320,68125,137445
Darwin,2007,7,676,678,1354,140,140,280,816,818,1634,Darwin,69489,71555,141044,8937,7175,16112,78426,78730,157156
Darwin,2007,8,676,676,1352,139,138,277,815,814,1629,Darwin,64809,69870,134679,6583,7052,13635,71392,76922,148314
Darwin,2007,9,623,625,1248,138,138,276,761,763,1524,Darwin,57855,59840,117695,6963,7056,14019,64818,66896,131714
Darwin,2007,10,663,665,1328,143,142,285,806,807,1613,Darwin,56541,60186,116727,7989,6389,14378,64530,66575,131105
Darwin,2007,11,638,633,1271,132,132,264,770,765,1535,Darwin,49280,50394,99674,5480,5716,11196,54760,56110,110870
Darwin,2007,12,664,658,1322,142,144,286,806,802,1608,Darwin,50793,58463,109256,6344,10152,16496,57137,68615,125752
Darwin,2008,1,671,662,1333,144,143,287,815,805,1620,Darwin,56039,49192,105231,9631,7481,17112,65670,56673,122343
Darwin,2008,2,620,616,1236,112,112,224,732,728,1460,Darwin,44558,45531,90089,7371,5540,12911,51929,51071,103000
Darwin,2008,3,651,653,1304,123,124,247,774,777,1551,Darwin,53648,53006,106654,6686,6378,13064,60334,59384,119718
Darwin,2008,4,674,675,1349,149,148,297,823,823,1646,Darwin,56679,54760,111439,6612,6826,13438,63291,61586,124877
Darwin,2008,5,699,688,1387,176,176,352,875,864,1739,Darwin,62707,60376,123083,6588,7263,13851,69295,67639,136934
Darwin,2008,6,683,682,1365,173,173,346,856,855,1711,Darwin,68335,65067,133402,7624,9407,17031,75959,74474,150433
Darwin,2008,7,708,707,1415,180,180,360,888,887,1775,Darwin,76454,77715,154169,11910,9344,21254,88364,87059,175423
Darwin,2008,8,691,691,1382,176,176,352,867,867,1734,Darwin,69908,72681,142589,8349,8808,17157,78257,81489,159746
Darwin,2008,9,663,657,1320,208,209,417,871,866,1737,Darwin,62577,62661,125238,8733,8474,17207,71310,71135,142445
Darwin,2008,10,672,664,1336,217,217,434,889,881,1770,Darwin,57756,63184,120940,10344,8187,18531,68100,71371,139471
Darwin,2008,11,681,675,1356,189,189,378,870,864,1734,Darwin,49382,51219,100601,5820,5246,11066,55202,56465,111667
Darwin,2008,12,749,739,1488,256,256,512,1005,995,2000,Darwin,45280,50601,95881,5677,9538,15215,50957,60139,111096
Darwin,2009,1,721,714,1435,252,252,504,973,966,1939,Darwin,48063,43362,91425,10356,6373,16729,58419,49735,108154
Darwin,2009,2,656,654,1310,228,227,455,884,881,1765,Darwin,36513,38153,74666,6589,4231,10820,43102,42384,85486
Darwin,2009,3,731,731,1462,245,245,490,976,976,1952,Darwin,44423,43605,88028,5113,5276,10389,49536,48881,98417
Darwin,2009,4,769,766,1535,227,218,445,996,984,1980,Darwin,54008,53083,107091,7744,7085,14829,61752,60168,121920
Darwin,2009,5,852,852,1704,228,220,448,1080,1072,2152,Darwin,59998,58394,118392,8422,8485,16907,68420,66879,135299
Darwin,2009,6,882,877,1759,216,214,430,1098,1091,2189,Darwin,66180,65174,131354,8809,9617,18426,74989,74791,149780
Darwin,2009,7,925,927,1852,212,212,424,1137,1139,2276,Darwin,72086,73153,145239,11331,8167,19498,83417,81320,164737
Darwin,2009,8,919,917,1836,212,212,424,1131,1129,2260,Darwin,65829,68777,134606,9252,9866,19118,75081,78643,153724
Darwin,2009,9,891,899,1790,207,207,414,1098,1106,2204,Darwin,62026,62687,124713,9437,8716,18153,71463,71403,142866
Darwin,2009,10,884,910,1794,211,211,422,1095,1121,2216,Darwin,55456,61195,116651,9885,7547,17432,65341,68742,134083
Darwin,2009,11,859,861,1720,210,206,416,1069,1067,2136,Darwin,48126,49180,97306,8305,7371,15676,56431,56551,112982
Darwin,2009,12,866,866,1732,229,226,455,1095,1092,2187,Darwin,47587,50893,98480,6700,11065,17765,54287,61958,116245
Darwin,2010,1,847,852,1699,226,227,453,1073,1079,2152,Darwin,49033,45706,94739,12438,7021,19459,61471,52727,114198
Darwin,2010,2,811,813,1624,194,189,383,1005,1002,2007,Darwin,40680,42137,82817,7671,5946,13617,48351,48083,96434
Darwin,2010,3,927,931,1858,214,210,424,1141,1141,2282,Darwin,52040,51606,103646,7223,6848,14071,59263,58454,117717
Darwin,2010,4,898,899,1797,193,188,381,1091,1087,2178,Darwin,56009,54454,110463,8722,8067,16789,64731,62521,127252
Darwin,2010,5,928,926,1854,199,191,390,1127,1117,2244,Darwin,59942,58547,118489,8980,8182,17162,68922,66729,135651
Darwin,2010,6,905,902,1807,203,197,400,1108,1099,2207,Darwin,68101,64828,132929,9032,10053,19085,77133,74881,152014
Darwin,2010,7,986,991,1977,222,221,443,1208,1212,2420,Darwin,77612,78928,156540,12432,10236,22668,90044,89164,179208
Darwin,2010,8,998,997,1995,220,219,439,1218,1216,2434,Darwin,71205,73913,145118,9930,10517,20447,81135,84430,165565
Darwin,2010,9,953,949,1902,211,211,422,1164,1160,2324,Darwin,68599,69156,137755,10104,9608,19712,78703,78764,157467
Darwin,2010,10,970,970,1940,218,218,436,1188,1188,2376,Darwin,61561,66232,127793,10326,7948,18274,71887,74180,146067
Darwin,2010,11,905,902,1807,213,214,427,1118,1116,2234,Darwin,51484,52956,104440,8202,7770,15972,59686,60726,120412
Darwin,2010,12,929,927,1856,210,209,419,1139,1136,2275,Darwin,51494,58703,110197,7376,12373,19749,58870,71076,129946
Darwin,2011,1,909,896,1805,209,206,415,1118,1102,2220,Darwin,55293,48768,104061,15893,9594,25487,71186,58362,129548
Darwin,2011,2,763,761,1524,184,183,367,947,944,1891,Darwin,38684,40291,78975,9685,8793,18478,48369,49084,97453
Darwin,2011,3,935,937,1872,224,222,446,1159,1159,2318,Darwin,50909,51066,101975,10698,9766,20464,61607,60832,122439
Darwin,2011,4,924,920,1844,222,223,445,1146,1143,2289,Darwin,59134,57886,117020,11843,11649,23492,70977,69535,140512
Darwin,2011,5,933,933,1866,227,227,454,1160,1160,2320,Darwin,61808,59126,120934,12126,10980,23106,73934,70106,144040
Darwin,2011,6,929,926,1855,220,220,440,1149,1146,2295,Darwin,66655,63831,130486,11490,12875,24365,78145,76706,154851
Darwin,2011,7,1079,1082,2161,170,170,340,1249,1252,2501,Darwin,94294,94188,188482,17228,16951,34179,111522,111139,222661
Darwin,2011,8,1061,1072,2133,163,163,326,1224,1235,2459,Darwin,82073,86379,168452,14244,16475,30719,96317,102854,199171
Darwin,2011,9,1003,1011,2014,163,163,326,1166,1174,2340,Darwin,76464,75476,151940,14384,16426,30810,90848,91902,182750
Darwin,2011,10,1012,1000,2012,160,161,321,1172,1161,2333,Darwin,74984,77772,152756,16324,16065,32389,91308,93837,185145
Darwin,2011,11,973,959,1932,141,143,284,1114,1102,2216,Darwin,66991,67348,134339,14519,16635,31154,81510,83983,165493
Darwin,2011,12,973,950,1923,158,158,316,1131,1108,2239,Darwin,63483,71878,135361,12214,20078,32292,75697,91956,167653
Darwin,2012,1,956,938,1894,157,157,314,1113,1095,2208,Darwin,68388,60334,128722,19497,14371,33868,87885,74705,162590
Darwin,2012,2,912,890,1802,128,127,255,1040,1017,2057,Darwin,53813,55491,109304,13713,12071,25784,67526,67562,135088
Darwin,2012,3,1022,1004,2026,144,140,284,1166,1144,2310,Darwin,63537,62277,125814,12657,13290,25947,76194,75567,151761
Darwin,2012,4,978,974,1952,188,185,373,1166,1159,2325,Darwin,67753,65371,133124,13086,14062,27148,80839,79433,160272
Darwin,2012,5,971,969,1940,164,161,325,1135,1130,2265,Darwin,68975,67402,136377,12099,12321,24420,81074,79723,160797
Darwin,2012,6,952,941,1893,166,167,333,1118,1108,2226,Darwin,78831,73034,151865,12603,15897,28500,91434,88931,180365
Darwin,2012,7,1035,1027,2062,181,182,363,1216,1209,2425,Darwin,86207,88760,174967,17574,15555,33129,103781,104315,208096
Darwin,2012,8,1029,1038,2067,168,163,331,1197,1201,2398,Darwin,77942,81287,159229,13355,14200,27555,91297,95487,186784
Darwin,2012,9,977,997,1974,154,152,306,1131,1149,2280,Darwin,71178,72489,143667,12534,12692,25226,83712,85181,168893
Darwin,2012,10,1037,1060,2097,160,156,316,1197,1216,2413,Darwin,64444,70909,135353,14405,12751,27156,78849,83660,162509
Darwin,2012,11,994,1024,2018,135,128,263,1129,1152,2281,Darwin,59865,63198,123063,11167,12510,23677,71032,75708,146740
Darwin,2012,12,744,779,1523,146,144,290,890,923,1813,Darwin,55534,66863,122397,9045,17259,26304,64579,84122,148701
Darwin,2013,1,894,932,1826,139,138,277,1033,1070,2103,Darwin,62540,57093,119633,15897,12096,27993,78437,69189,147626
Darwin,2013,2,851,878,1729,117,115,232,968,993,1961,Darwin,46455,51578,98033,11276,10209,21485,57731,61787,119518
Darwin,2013,3,966,982,1948,134,132,266,1100,1114,2214,Darwin,64627,62391,127018,11665,12739,24404,76292,75130,151422
Darwin,2013,4,976,985,1961,135,129,264,1111,1114,2225,Darwin,70025,67143,137168,13150,13090,26240,83175,80233,163408
Darwin,2013,5,1018,1021,2039,133,127,260,1151,1148,2299,Darwin,69754,66386,136140,11902,12238,24140,81656,78624,160280
Darwin,2013,6,950,957,1907,191,186,377,1141,1143,2284,Darwin,77660,74169,151829,11490,14233,25723,89150,88402,177552
Darwin,2013,7,1046,1074,2120,224,217,441,1270,1291,2561,Darwin,85730,91046,176776,17711,15892,33603,103441,106938,210379
Darwin,2013,8,1029,1069,2098,213,208,421,1242,1277,2519,Darwin,78518,86863,165381,14709,16044,30753,93227,102907,196134
Darwin,2013,9,972,992,1964,167,163,330,1139,1155,2294,Darwin,77078,76640,153718,15175,14947,30122,92253,91587,183840
Darwin,2013,10,1006,1026,2032,172,170,342,1178,1196,2374,Darwin,76345,84183,160528,16029,14077,30106,92374,98260,190634
Darwin,2013,11,934,955,1889,171,166,337,1105,1121,2226,Darwin,62843,66689,129532,12889,13846,26735,75732,80535,156267
Darwin,2013,12,914,940,1854,192,186,378,1106,1126,2232,Darwin,62425,72740,135165,10761,21152,31913,73186,93892,167078
Darwin,2014,1,936,954,1890,194,190,384,1130,1144,2274,Darwin,68673,59642,128315,20907,13760,34667,89580,73402,162982
Darwin,2014,2,837,857,1694,157,151,308,994,1008,2002,Darwin,51884,54504,106388,12288,10867,23155,64172,65371,129543
Darwin,2014,3,969,989,1958,171,166,337,1140,1155,2295,Darwin,62953,62152,125105,12264,11944,24208,75217,74096,149313
Darwin,2014,4,1038,1047,2085,134,134,268,1172,1181,2353,Darwin,74805,72966,147771,10904,11950,22854,85709,84916,170625
Darwin,2014,5,1078,1093,2171,134,134,268,1212,1227,2439,Darwin,74481,73042,147523,11129,12017,23146,85610,85059,170669
Darwin,2014,6,1043,1030,2073,135,134,269,1178,1164,2342,Darwin,90436,84191,174627,12073,15491,27564,102509,99682,202191
Darwin,2014,7,1076,1063,2139,149,148,297,1225,1211,2436,Darwin,94921,97274,192195,16732,14403,31135,111653,111677,223330
Darwin,2014,8,1049,1041,2090,146,146,292,1195,1187,2382,Darwin,87423,91411,178834,14429,15917,30346,101852,107328,209180
Darwin,2014,9,1034,1022,2056,139,139,278,1173,1161,2334,Darwin,79779,81259,161038,13861,13879,27740,93640,95138,188778
Darwin,2014,10,1089,1083,2172,138,134,272,1227,1217,2444,Darwin,78438,83022,161460,14688,12566,27254,93126,95588,188714
Darwin,2014,11,995,982,1977,110,111,221,1105,1093,2198,Darwin,66034,68759,134793,10563,11258,21821,76597,80017,156614
Darwin,2014,12,998,989,1987,129,128,257,1127,1117,2244,Darwin,62920,77493,140413,8816,15964,24780,71736,93457,165193
Darwin,2015,1,954,950,1904,130,131,261,1084,1081,2165,Darwin,69503,57368,126871,15839,9890,25729,85342,67258,152600
Darwin,2015,2,889,879,1768,104,104,208,993,983,1976,Darwin,52098,53095,105193,10012,8779,18791,62110,61874,123984
Darwin,2015,3,999,988,1987,112,112,224,1111,1100,2211,Darwin,65149,63427,128576,9928,10166,20094,75077,73593,148670
Darwin,2015,4,1068,1056,2124,107,106,213,1175,1162,2337,Darwin,74927,71880,146807,10371,9647,20018,85298,81527,166825
Darwin,2015,5,1040,1031,2071,109,107,216,1149,1138,2287,Darwin,76197,73855,150052,10489,10953,21442,86686,84808,171494
Darwin,2015,6,1072,1064,2136,119,121,240,1191,1185,2376,Darwin,88982,83047,172029,10295,12773,23068,99277,95820,195097
Darwin,2015,7,1125,1119,2244,130,127,257,1255,1246,2501,Darwin,97542,100915,198457,14992,12248,27240,112534,113163,225697
Darwin,2015,8,1091,1072,2163,118,120,238,1209,1192,2401,Darwin,85948,91755,177703,11491,12008,23499,97439,103763,201202
Darwin,2015,9,1092,1063,2155,111,111,222,1203,1174,2377,Darwin,82773,82494,165267,10797,10482,21279,93570,92976,186546
Darwin,2015,10,1101,1078,2179,110,111,221,1211,1189,2400,Darwin,75128,81496,156624,11222,9569,20791,86350,91065,177415
Darwin,2015,11,1027,1006,2033,108,104,212,1135,1110,2245,Darwin,67178,68458,135636,9269,9372,18641,76447,77830,154277
Darwin,2015,12,1054,1032,2086,125,126,251,1179,1158,2337,Darwin,60543,75501,136044,8199,13996,22195,68742,89497,158239
Darwin,2016,1,996,973,1969,131,131,262,1127,1104,2231,Darwin,69963,56451,126414,14691,10021,24712,84654,66472,151126
Darwin,2016,2,961,941,1902,105,106,211,1066,1047,2113,Darwin,53598,54994,108592,9106,7612,16718,62704,62606,125310
Darwin,2016,3,1035,1027,2062,115,114,229,1150,1141,2291,Darwin,66369,66209,132578,8824,9100,17924,75193,75309,150502
Darwin,2016,4,1051,1029,2080,125,125,250,1176,1154,2330,Darwin,73084,71795,144879,9808,10021,19829,82892,81816,164708
Darwin,2016,5,1042,1015,2057,126,127,253,1168,1142,2310,Darwin,77991,74579,152570,10481,11275,21756,88472,85854,174326
Darwin,2016,6,1116,1082,2198,124,124,248,1240,1206,2446,Darwin,90624,84174,174798,10734,13149,23883,101358,97323,198681
Darwin,2016,7,1154,1126,2280,139,140,279,1293,1266,2559,Darwin,97118,98221,195339,15791,13694,29485,112909,111915,224824
Darwin,2016,8,1154,1131,2285,124,123,247,1278,1254,2532,Darwin,86449,93385,179834,12553,12772,25325,99002,106157,205159
Darwin,2016,9,1109,1082,2191,120,121,241,1229,1203,2432,Darwin,82167,83178,165345,11777,12080,23857,93944,95258,189202
Darwin,2016,10,1116,1093,2209,124,124,248,1240,1217,2457,Darwin,81098,85102,166200,12234,11149,23383,93332,96251,189583
Darwin,2016,11,1064,1038,2102,115,113,228,1179,1151,2330,Darwin,69322,70127,139449,9560,9637,19197,78882,79764,158646
Darwin,2016,12,1056,1030,2086,141,143,284,1197,1173,2370,Darwin,63916,77790,141706,8924,17076,26000,72840,94866,167706
Darwin,2017,1,997,976,1973,144,144,288,1141,1120,2261,Darwin,73163,61620,134783,17466,11510,28976,90629,73130,163759
Darwin,2017,2,921,901,1822,120,120,240,1041,1021,2062,Darwin,53766,54788,108554,10799,7972,18771,64565,62760,127325
Darwin,2017,3,1050,1014,2064,127,124,251,1177,1138,2315,Darwin,67319,65572,132891,9524,9890,19414,76843,75462,152305
Darwin,2017,4,997,973,1970,124,124,248,1121,1097,2218,Darwin,73820,73730,147550,11407,11660,23067,85227,85390,170617
Darwin,2017,5,1062,1033,2095,116,116,232,1178,1149,2327,Darwin,77086,72354,149440,10377,10756,21133,87463,83110,170573
Darwin,2017,6,1093,1069,2162,130,130,260,1223,1199,2422,Darwin,89615,83613,173228,11386,14142,25528,101001,97755,198756
Darwin,2017,7,1126,1104,2230,123,124,247,1249,1228,2477,Darwin,96791,99647,196438,14671,13244,27915,111462,112891,224353
Darwin,2017,8,1176,1151,2327,111,111,222,1287,1262,2549,Darwin,90820,93937,184757,11606,12589,24195,102426,106526,208952
Darwin,2017,9,1050,1029,2079,103,101,204,1153,1130,2283,Darwin,80377,81831,162208,11525,10651,22176,91902,92482,184384
Darwin,2017,10,1079,1058,2137,104,105,209,1183,1163,2346,Darwin,78841,82495,161336,11330,10565,21895,90171,93060,183231
Darwin,2017,11,1036,1017,2053,106,105,211,1142,1122,2264,Darwin,68432,70673,139105,9446,9662,19108,77878,80335,158213
Darwin,2017,12,961,941,1902,129,127,256,1090,1068,2158,Darwin,63841,75420,139261,8449,14230,22679,72290,89650,161940
Darwin,2018,1,952,929,1881,131,130,261,1083,1059,2142,Darwin,71306,60705,132011,15625,10304,25929,86931,71009,157940
Darwin,2018,2,867,846,1713,91,91,182,958,937,1895,Darwin,52433,53191,105624,8919,7364,16283,61352,60555,121907
Darwin,2018,3,948,932,1880,88,88,176,1036,1020,2056,Darwin,64602,65239,129841,7718,8106,15824,72320,73345,145665
Darwin,2018,4,1011,987,1998,63,64,127,1074,1051,2125,Darwin,72393,70218,142611,9102,9005,18107,81495,79223,160718
Darwin,2018,5,1051,1022,2073,53,53,106,1104,1075,2179,Darwin,76202,74029,150231,7979,8184,16163,84181,82213,166394
Darwin,2018,6,1063,1040,2103,79,78,157,1142,1118,2260,Darwin,84518,80484,165002,9976,10931,20907,94494,91415,185909
Darwin,2018,7,1151,1126,2277,71,72,143,1222,1198,2420,Darwin,96710,100013,196723,10465,9930,20395,107175,109943,217118
Darwin,2018,8,1113,1091,2204,81,81,162,1194,1172,2366,Darwin,86310,91491,177801,10085,10455,20540,96395,101946,198341
Darwin,2018,9,1036,1012,2048,73,73,146,1109,1085,2194,Darwin,81111,82002,163113,9327,9011,18338,90438,91013,181451
Darwin,2018,10,1049,1021,2070,70,70,140,1119,1091,2210,Darwin,74963,80197,155160,9424,8537,17961,84387,88734,173121
Darwin,2018,11,964,953,1917,70,70,140,1034,1023,2057,Darwin,62541,64400,126941,8426,8618,17044,70967,73018,143985
Darwin,2018,12,934,922,1856,87,87,174,1021,1009,2030,Darwin,59703,70480,130183,7985,13115,21100,67688,83595,151283
Darwin,2019,1,912,898,1810,90,89,179,1002,987,1989,Darwin,65415,56170,121585,13501,9880,23381,78916,66050,144966
Darwin,2019,2,844,827,1671,69,69,138,913,896,1809,Darwin,51741,52055,103796,9136,6754,15890,60877,58809,119686
Darwin,2019,3,953,934,1887,68,69,137,1021,1003,2024,Darwin,60587,59296,119883,7932,7402,15334,68519,66698,135217
Darwin,2019,4,969,960,1929,87,86,173,1056,1046,2102,Darwin,73370,70662,144032,10018,10067,20085,83388,80729,164117
Darwin,2019,5,1025,1011,2036,94,96,190,1119,1107,2226,Darwin,73588,71246,144834,10481,11013,21494,84069,82259,166328
Darwin,2019,6,1008,992,2000,94,94,188,1102,1086,2188,Darwin,83691,79376,163067,10830,12907,23737,94521,92283,186804
Darwin,2019,7,1060,1042,2102,103,103,206,1163,1145,2308,Darwin,93885,97733,191618,14178,11800,25978,108063,109533,217596
Darwin,2019,8,1038,1024,2062,95,94,189,1133,1118,2251,Darwin,85090,90369,175459,12323,12564,24887,97413,102933,200346
Darwin,2019,9,997,983,1980,90,91,181,1087,1074,2161,Darwin,77127,78844,155971,11655,11409,23064,88782,90253,179035
Darwin,2019,10,1053,1042,2095,89,87,176,1142,1129,2271,Darwin,74434,79762,154196,11996,9762,21758,86430,89524,175954
Darwin,2019,11,929,916,1845,82,81,163,1011,997,2008,Darwin,60776,63808,124584,9006,9238,18244,69782,73046,142828
Darwin,2019,12,918,904,1822,94,95,189,1012,999,2011,Darwin,60593,67842,128435,7543,14635,22178,68136,82477,150613
Darwin,2020,1,904,889,1793,103,103,206,1007,992,1999,Darwin,64657,56560,121217,15026,10712,25738,79683,67272,146955
Darwin,2020,2,842,831,1673,74,73,147,916,904,1820,Darwin,48141,50081,98222,8685,5674,14359,56826,55755,112581
Darwin,2020,3,790,768,1558,49,50,99,839,818,1657,Darwin,41355,39999,81354,4342,2910,7252,45697,42909,88606
Darwin,2020,4,240,230,470,0,0,0,240,230,470,Darwin,3401,3309,6710,0,0,0,3401,3309,6710
Darwin,2020,5,226,215,441,0,0,0,226,215,441,Darwin,3014,2736,5750,0,0,0,3014,2736,5750
Darwin,2020,6,381,367,748,1,1,2,382,368,750,Darwin,6728,6568,13296,0,0,0,6728,6568,13296
Darwin,2020,7,533,518,1051,0,0,0,533,518,1051,Darwin,14237,12332,26569,0,0,0,14237,12332,26569
Darwin,2020,8,602,587,1189,22,22,44,624,609,1233,Darwin,19355,19061,38416,0,0,0,19355,19061,38416
Darwin,2020,9,628,608,1236,28,28,56,656,636,1292,Darwin,25754,24295,50049,0,0,0,25754,24295,50049
Darwin,2020,10,699,681,1380,26,26,52,725,707,1432,Darwin,31623,33532,65155,0,0,0,31623,33532,65155
Darwin,2020,11,707,690,1397,31,31,62,738,721,1459,Darwin,31186,33267,64453,63,4,67,31249,33271,64520
Darwin,2020,12,710,696,1406,22,22,44,732,718,1450,Darwin,38497,45294,83791,8,0,8,38505,45294,83799
Darwin,2021,1,711,700,1411,25,25,50,736,725,1461,Darwin,40399,38445,78844,0,0,0,40399,38445,78844
Darwin,2021,2,668,656,1324,19,19,38,687,675,1362,Darwin,27246,29308,56554,0,0,0,27246,29308,56554
Darwin,2021,3,814,793,1607,29,29,58,843,822,1665,Darwin,41072,41479,82551,0,0,0,41072,41479,82551
Darwin,2021,4,883,863,1746,30,30,60,913,893,1806,Darwin,58960,57078,116038,0,0,0,58960,57078,116038
Darwin,2021,5,954,936,1890,26,31,57,980,967,1947,Darwin,64413,62995,127408,0,0,0,64413,62995,127408
Darwin,2021,6,952,929,1881,51,59,110,1003,988,1991,Darwin,59264,60502,119766,0,0,0,59264,60502,119766
Darwin,2021,7,921,904,1825,21,27,48,942,931,1873,Darwin,45513,45924,91437,0,0,0,45513,45924,91437
Darwin,2021,8,888,869,1757,70,75,145,958,944,1902,Darwin,38962,45706,84668,0,0,0,38962,45706,84668
Darwin,2021,9,949,934,1883,69,73,142,1018,1007,2025,Darwin,47173,50023,97196,0,0,0,47173,50023,97196
Darwin,2021,10,931,910,1841,64,68,132,995,978,1973,Darwin,44302,51407,95709,0,0,0,44302,51407,95709
Darwin,2021,11,791,770,1561,88,88,176,879,858,1737,Darwin,27062,31216,58278,887,181,1068,27949,31397,59346
Darwin,2021,12,760,725,1485,152,152,304,912,877,1789,Darwin,27859,36036,63895,1003,679,1682,28862,36715,65577
Darwin,2022,1,652,633,1285,181,181,362,833,814,1647,Darwin,33550,27956,61506,1128,672,1800,34678,28628,63306
Darwin,2022,2,557,543,1100,158,158,316,715,701,1416,Darwin,25989,27998,53987,1800,858,2658,27789,28856,56645
Darwin,2022,3,782,764,1546,197,197,394,979,961,1940,Darwin,43814,44414,88228,2796,1979,4775,46610,46393,93003
Darwin,2022,4,886,876,1762,214,214,428,1100,1090,2190,Darwin,69585,67980,137565,4633,4999,9632,74218,72979,147197
Darwin,2022,5,941,927,1868,225,225,450,1166,1152,2318,Darwin,74594,70583,145177,5768,6601,12369,80362,77184,157546
Darwin,2022,6,977,976,1953,141,140,281,1118,1116,2234,Darwin,87873,78844,166717,6072,7727,13799,93945,86571,180516
Darwin,2022,7,1022,1003,2025,109,109,218,1131,1112,2243,Darwin,93673,97593,191266,8642,7711,16353,102315,105304,207619
Darwin,2022,8,986,971,1957,100,100,200,1086,1071,2157,Darwin,77807,83209,161016,7483,6757,14240,85290,89966,175256
Darwin,2022,9,956,949,1905,59,59,118,1015,1008,2023,Darwin,76708,80271,156979,6289,6134,12423,82997,86405,169402
Darwin,2022,10,939,926,1865,48,48,96,987,974,1961,Darwin,71747,76723,148470,6707,5765,12472,78454,82488,160942
Darwin,2022,11,921,903,1824,75,74,149,996,977,1973,Darwin,57288,59696,116984,7064,6823,13887,64352,66519,130871
Darwin,2022,12,875,856,1731,69,70,139,944,926,1870,Darwin,52909,64556,117465,5409,7952,13361,58318,72508,130826
Darwin,2023,1,858,841,1699,82,82,164,940,923,1863,Darwin,57714,49886,107600,7777,6134,13911,65491,56020,121511
Darwin,2023,2,799,779,1578,63,62,125,862,841,1703,Darwin,43558,43549,87107,6650,5164,11814,50208,48713,98921
Darwin,2023,3,934,905,1839,69,67,136,1003,972,1975,Darwin,57575,55273,112848,6237,5577,11814,63812,60850,124662
Darwin,2023,4,932,918,1850,64,65,129,996,983,1979,Darwin,67366,64435,131801,6319,6734,13053,73685,71169,144854
Darwin,2023,5,1039,1022,2061,66,66,132,1105,1088,2193,Darwin,72768,69623,142391,6474,6504,12978,79242,76127,155369
Darwin,2023,6,1040,1019,2059,65,64,129,1105,1083,2188,Darwin,82253,75790,158043,6842,7183,14025,89095,82973,172068
Darwin,2023,7,1116,1103,2219,75,75,150,1191,1178,2369,Darwin,87172,90824,177996,8697,8406,17103,95869,99230,195099
Darwin,2023,8,1121,1104,2225,76,76,152,1197,1180,2377,Darwin,80462,84572,165034,8403,8207,16610,88865,92779,181644
Darwin,2023,9,1109,1087,2196,73,73,146,1182,1160,2342,Darwin,74658,78849,153507,8317,7713,16030,82975,86562,169537
Darwin,2023,10,1079,1065,2144,59,60,119,1138,1125,2263,Darwin,69188,71688,140876,5792,4943,10735,74980,76631,151611
Darwin,2023,11,894,876,1770,74,73,147,968,949,1917,Darwin,53752,55591,109343,7317,7608,14925,61069,63199,124268
Darwin,2023,12,889,865,1754,74,75,149,963,940,1903,Darwin,52349,62568,114917,6170,8556,14726,58519,71124,129643
Darwin,2024,1,910,913,1823,76,75,151,986,988,1974,Darwin,58692,51559,110251,8647,6677,15324,67339,58236,125575
Darwin,2024,2,865,866,1731,71,71,142,936,937,1873,Darwin,47084,47414,94498,7541,6586,14127,54625,54000,108625
Darwin,2024,3,917,917,1834,74,75,149,991,992,1983,Darwin,55733,54290,110023,7612,7730,15342,63345,62020,125365
Darwin,2024,4,982,984,1966,80,80,160,1062,1064,2126,Darwin,65696,62112,127808,8507,8090,16597,74203,70202,144405
Darwin,2024,5,1011,1005,2016,83,82,165,1094,1087,2181,Darwin,69901,66644,136545,8842,8847,17689,78743,75491,154234
Darwin,2024,6,1007,1004,2011,81,82,163,1088,1086,2174,Darwin,78771,73736,152507,9222,9922,19144,87993,83658,171651
Darwin,2024,7,1099,1099,2198,82,82,164,1181,1181,2362,Darwin,88217,89452,177669,10073,9450,19523,98290,98902,197192
Darwin,2024,8,1055,1057,2112,79,79,158,1134,1136,2270,Darwin,79567,85037,164604,9476,9866,19342,89043,94903,183946
Darwin,2024,9,1025,1024,2049,80,80,160,1105,1104,2209,Darwin,73915,77477,151392,9871,9937,19808,83786,87414,171200
Darwin,2024,10,1018,1023,2041,82,82,164,1100,1105,2205,Darwin,68872,72105,140977,10125,9267,19392,78997,81372,160369
Darwin,2024,11,919,922,1841,72,73,145,991,995,1986,Darwin,58678,60967,119645,8689,8647,17336,67367,69614,136981
Darwin,2024,12,929,926,1855,82,82,164,1011,1008,2019,Darwin,55235,65415,120650,7328,10288,17616,62563,75703,138266
Darwin,2025,1,885,884,1769,82,82,164,967,966,1933,Darwin,59763,51999,111762,9862,8335,18197,69625,60334,129959
Darwin,2025,2,817,818,1635,76,76,152,893,894,1787,Darwin,46826,47121,93947,8538,7227,15765,55364,54348,109712
Darwin,2025,3,936,930,1866,80,82,162,1016,1012,2028,Darwin,56762,54078,110840,8542,7834,16376,65304,61912,127216
Darwin,2025,4,1000,1002,2002,110,109,219,1110,1111,2221,Darwin,69109,66056,135165,11429,12184,23613,80538,78240,158778
Darwin,2025,5,1073,1071,2144,119,112,231,1192,1183,2375,Darwin,73279,69730,143009,11170,11190,22360,84449,80920,165369
Darwin,2025,6,1075,1066,2141,110,109,219,1185,1175,2360,Darwin,82097,75946,158043,12034,13469,25503,94131,89415,183546
Gold Coast,1985,1,710,718,1428,0,0,0,710,718,1428,Gold Coast,35352,44203,79555,0,0,0,35352,44203,79555
Gold Coast,1985,2,547,545,1092,0,0,0,547,545,1092,Gold Coast,18624,21886,40510,0,0,0,18624,21886,40510
Gold Coast,1985,3,613,621,1234,0,0,0,613,621,1234,Gold Coast,22431,24067,46498,0,0,0,22431,24067,46498
Gold Coast,1985,4,607,609,1216,0,0,0,607,609,1216,Gold Coast,25647,27669,53316,0,0,0,25647,27669,53316
Gold Coast,1985,5,665,669,1334,0,0,0,665,669,1334,Gold Coast,30380,31481,61861,0,0,0,30380,31481,61861
Gold Coast,1985,6,455,449,904,0,0,0,455,449,904,Gold Coast,22606,23929,46535,0,0,0,22606,23929,46535
Gold Coast,1985,7,446,447,893,0,0,0,446,447,893,Gold Coast,24514,22391,46905,0,0,0,24514,22391,46905
Gold Coast,1985,8,581,577,1158,0,0,0,581,577,1158,Gold Coast,40924,32135,73059,0,0,0,40924,32135,73059
Gold Coast,1985,9,575,578,1153,0,0,0,575,578,1153,Gold Coast,30340,45305,75645,0,0,0,30340,45305,75645
Gold Coast,1985,10,546,549,1095,0,0,0,546,549,1095,Gold Coast,31629,33954,65583,0,0,0,31629,33954,65583
Gold Coast,1985,11,509,508,1017,0,0,0,509,508,1017,Gold Coast,27995,30604,58599,0,0,0,27995,30604,58599
Gold Coast,1985,12,564,563,1127,0,0,0,564,563,1127,Gold Coast,35914,30160,66074,0,0,0,35914,30160,66074
Gold Coast,1986,1,605,609,1214,0,0,0,605,609,1214,Gold Coast,38902,48323,87225,0,0,0,38902,48323,87225
Gold Coast,1986,2,466,471,937,0,0,0,466,471,937,Gold Coast,24507,30899,55406,0,0,0,24507,30899,55406
Gold Coast,1986,3,538,539,1077,0,0,0,538,539,1077,Gold Coast,31725,32350,64075,0,0,0,31725,32350,64075
Gold Coast,1986,4,519,519,1038,0,0,0,519,519,1038,Gold Coast,27208,31740,58948,0,0,0,27208,31740,58948
Gold Coast,1986,5,585,587,1172,0,0,0,585,587,1172,Gold Coast,35061,36740,71801,0,0,0,35061,36740,71801
Gold Coast,1986,6,523,522,1045,0,0,0,523,522,1045,Gold Coast,26179,28299,54478,0,0,0,26179,28299,54478
Gold Coast,1986,7,532,532,1064,0,0,0,532,532,1064,Gold Coast,29810,27743,57553,0,0,0,29810,27743,57553
Gold Coast,1986,8,656,649,1305,0,0,0,656,649,1305,Gold Coast,47005,40696,87701,0,0,0,47005,40696,87701
Gold Coast,1986,9,639,645,1284,0,0,0,639,645,1284,Gold Coast,35552,51058,86610,0,0,0,35552,51058,86610
Gold Coast,1986,10,750,745,1495,0,0,0,750,745,1495,Gold Coast,38731,41028,79759,0,0,0,38731,41028,79759
Gold Coast,1986,11,705,708,1413,0,0,0,705,708,1413,Gold Coast,33912,39741,73653,0,0,0,33912,39741,73653
Gold Coast,1986,12,771,768,1539,0,0,0,771,768,1539,Gold Coast,42453,36276,78729,0,0,0,42453,36276,78729
Gold Coast,1987,1,835,842,1677,0,0,0,835,842,1677,Gold Coast,46973,60448,107421,0,0,0,46973,60448,107421
Gold Coast,1987,2,627,630,1257,0,0,0,627,630,1257,Gold Coast,30094,36430,66524,0,0,0,30094,36430,66524
Gold Coast,1987,3,694,697,1391,0,0,0,694,697,1391,Gold Coast,32656,37519,70175,0,0,0,32656,37519,70175
Gold Coast,1987,4,747,742,1489,0,0,0,747,742,1489,Gold Coast,41043,44221,85264,0,0,0,41043,44221,85264
Gold Coast,1987,5,656,657,1313,0,0,0,656,657,1313,Gold Coast,31914,34347,66261,0,0,0,31914,34347,66261
Gold Coast,1987,6,743,745,1488,0,0,0,743,745,1488,Gold Coast,35104,35373,70477,0,0,0,35104,35373,70477
Gold Coast,1987,7,849,848,1697,0,0,0,849,848,1697,Gold Coast,41941,44254,86195,0,0,0,41941,44254,86195
Gold Coast,1987,8,813,814,1627,0,0,0,813,814,1627,Gold Coast,41704,46219,87923,0,0,0,41704,46219,87923
Gold Coast,1987,9,849,847,1696,0,0,0,849,847,1696,Gold Coast,49502,50237,99739,0,0,0,49502,50237,99739
Gold Coast,1987,10,883,880,1763,0,0,0,883,880,1763,Gold Coast,48390,58692,107082,0,0,0,48390,58692,107082
Gold Coast,1987,11,751,758,1509,0,0,0,751,758,1509,Gold Coast,35246,44627,79873,0,0,0,35246,44627,79873
Gold Coast,1987,12,886,882,1768,0,0,0,886,882,1768,Gold Coast,46604,42263,88867,0,0,0,46604,42263,88867
Gold Coast,1988,1,889,890,1779,0,0,0,889,890,1779,Gold Coast,51995,66242,118237,0,0,0,51995,66242,118237
Gold Coast,1988,2,713,718,1431,0,0,0,713,718,1431,Gold Coast,35697,43932,79629,0,0,0,35697,43932,79629
Gold Coast,1988,3,761,759,1520,0,0,0,761,759,1520,Gold Coast,39614,43647,83261,0,0,0,39614,43647,83261
Gold Coast,1988,4,819,821,1640,0,0,0,819,821,1640,Gold Coast,41206,47946,89152,0,0,0,41206,47946,89152
Gold Coast,1988,5,791,793,1584,0,0,0,791,793,1584,Gold Coast,44824,48978,93802,0,0,0,44824,48978,93802
Gold Coast,1988,6,821,818,1639,0,0,0,821,818,1639,Gold Coast,52627,53235,105862,0,0,0,52627,53235,105862
Gold Coast,1988,7,959,961,1920,0,0,0,959,961,1920,Gold Coast,61093,68698,129791,0,0,0,61093,68698,129791
Gold Coast,1988,8,927,925,1852,0,0,0,927,925,1852,Gold Coast,58839,63617,122456,0,0,0,58839,63617,122456
Gold Coast,1988,9,978,974,1952,0,0,0,978,974,1952,Gold Coast,65751,71309,137060,0,0,0,65751,71309,137060
Gold Coast,1988,10,1026,1032,2058,0,0,0,1026,1032,2058,Gold Coast,58876,74091,132967,0,0,0,58876,74091,132967
Gold Coast,1988,11,879,875,1754,0,0,0,879,875,1754,Gold Coast,40973,50837,91810,0,0,0,40973,50837,91810
Gold Coast,1988,12,972,969,1941,0,0,0,972,969,1941,Gold Coast,52658,50795,103453,0,0,0,52658,50795,103453
Gold Coast,1989,1,1000,1002,2002,0,0,0,1000,1002,2002,Gold Coast,51786,67587,119373,0,0,0,51786,67587,119373
Gold Coast,1989,2,784,783,1567,0,0,0,784,783,1567,Gold Coast,35675,42798,78473,0,0,0,35675,42798,78473
Gold Coast,1989,3,951,948,1899,0,0,0,951,948,1899,Gold Coast,49699,51835,101534,0,0,0,49699,51835,101534
Gold Coast,1989,4,875,878,1753,0,0,0,875,878,1753,Gold Coast,37556,47571,85127,0,0,0,37556,47571,85127
Gold Coast,1989,5,839,843,1682,0,0,0,839,843,1682,Gold Coast,34123,40081,74204,0,0,0,34123,40081,74204
Gold Coast,1989,6,920,924,1844,0,0,0,920,924,1844,Gold Coast,41485,40800,82285,0,0,0,41485,40800,82285
Gold Coast,1989,7,956,956,1912,0,0,0,956,956,1912,Gold Coast,44716,50182,94898,0,0,0,44716,50182,94898
Gold Coast,1989,8,606,606,1212,0,0,0,606,606,1212,Gold Coast,25730,29179,54909,0,0,0,25730,29179,54909
Gold Coast,1989,9,377,377,754,0,0,0,377,377,754,Gold Coast,2600,2308,4908,0,0,0,2600,2308,4908
Gold Coast,1989,10,466,466,932,0,0,0,466,466,932,Gold Coast,7493,7684,15177,0,0,0,7493,7684,15177
Gold Coast,1989,11,471,472,943,0,0,0,471,472,943,Gold Coast,8988,10340,19328,0,0,0,8988,10340,19328
Gold Coast,1989,12,630,630,1260,0,0,0,630,630,1260,Gold Coast,26060,23958,50018,0,0,0,26060,23958,50018
Gold Coast,1990,1,777,781,1558,0,0,0,777,781,1558,Gold Coast,33081,44420,77501,0,0,0,33081,44420,77501
Gold Coast,1990,2,656,654,1310,0,0,0,656,654,1310,Gold Coast,25508,31088,56596,0,0,0,25508,31088,56596
Gold Coast,1990,3,770,773,1543,0,0,0,770,773,1543,Gold Coast,29402,34961,64363,0,0,0,29402,34961,64363
Gold Coast,1990,4,892,892,1784,0,0,0,892,892,1784,Gold Coast,40436,45371,85807,0,0,0,40436,45371,85807
Gold Coast,1990,5,821,822,1643,0,0,0,821,822,1643,Gold Coast,29739,35434,65173,0,0,0,29739,35434,65173
Gold Coast,1990,6,842,847,1689,0,0,0,842,847,1689,Gold Coast,33238,37149,70387,0,0,0,33238,37149,70387
Gold Coast,1990,7,785,786,1571,0,0,0,785,786,1571,Gold Coast,41350,43354,84704,0,0,0,41350,43354,84704
Gold Coast,1990,8,717,720,1437,0,0,0,717,720,1437,Gold Coast,36086,41289,77375,0,0,0,36086,41289,77375
Gold Coast,1990,9,886,884,1770,0,0,0,886,884,1770,Gold Coast,52712,51875,104587,0,0,0,52712,51875,104587
Gold Coast,1990,10,898,897,1795,0,0,0,898,897,1795,Gold Coast,44037,56354,100391,0,0,0,44037,56354,100391
Gold Coast,1990,11,800,804,1604,0,0,0,800,804,1604,Gold Coast,40605,47046,87651,0,0,0,40605,47046,87651
Gold Coast,1990,12,902,901,1803,0,0,0,902,901,1803,Gold Coast,55587,51794,107381,0,0,0,55587,51794,107381
Gold Coast,1991,1,1141,1140,2281,0,0,0,1141,1140,2281,Gold Coast,54983,71613,126596,0,0,0,54983,71613,126596
Gold Coast,1991,2,908,910,1818,0,0,0,908,910,1818,Gold Coast,35158,42412,77570,0,0,0,35158,42412,77570
Gold Coast,1991,3,1093,1095,2188,0,0,0,1093,1095,2188,Gold Coast,43266,44446,87712,0,0,0,43266,44446,87712
Gold Coast,1991,4,1073,1074,2147,0,0,0,1073,1074,2147,Gold Coast,37473,45184,82657,0,0,0,37473,45184,82657
Gold Coast,1991,5,1035,1036,2071,0,0,0,1035,1036,2071,Gold Coast,32436,35584,68020,0,0,0,32436,35584,68020
Gold Coast,1991,6,1061,1063,2124,0,0,0,1061,1063,2124,Gold Coast,42153,42849,85002,0,0,0,42153,42849,85002
Gold Coast,1991,7,1155,1154,2309,0,0,0,1155,1154,2309,Gold Coast,59008,59417,118425,0,0,0,59008,59417,118425
Gold Coast,1991,8,1148,1150,2298,0,0,0,1148,1150,2298,Gold Coast,54732,57805,112537,0,0,0,54732,57805,112537
Gold Coast,1991,9,1208,1207,2415,0,0,0,1208,1207,2415,Gold Coast,65061,64946,130007,0,0,0,65061,64946,130007
Gold Coast,1991,10,1190,1186,2376,0,0,0,1190,1186,2376,Gold Coast,63452,73995,137447,0,0,0,63452,73995,137447
Gold Coast,1991,11,1159,1167,2326,0,0,0,1159,1167,2326,Gold Coast,57440,63692,121132,0,0,0,57440,63692,121132
Gold Coast,1991,12,1139,1156,2295,0,0,0,1139,1156,2295,Gold Coast,74231,72056,146287,0,0,0,74231,72056,146287
Gold Coast,1992,1,1183,1231,2414,0,0,0,1183,1231,2414,Gold Coast,75749,96841,172590,0,0,0,75749,96841,172590
Gold Coast,1992,2,888,896,1784,0,0,0,888,896,1784,Gold Coast,50779,58970,109749,0,0,0,50779,58970,109749
Gold Coast,1992,3,947,915,1862,0,0,0,947,915,1862,Gold Coast,53390,59115,112505,0,0,0,53390,59115,112505
Gold Coast,1992,4,985,982,1967,0,0,0,985,982,1967,Gold Coast,60097,66684,126781,0,0,0,60097,66684,126781
Gold Coast,1992,5,1068,1067,2135,0,0,0,1068,1067,2135,Gold Coast,48007,54038,102045,0,0,0,48007,54038,102045
Gold Coast,1992,6,1060,1058,2118,0,0,0,1060,1058,2118,Gold Coast,50457,54968,105425,0,0,0,50457,54968,105425
Gold Coast,1992,7,1119,1120,2239,0,0,0,1119,1120,2239,Gold Coast,66259,66735,132994,0,0,0,66259,66735,132994
Gold Coast,1992,8,1081,1084,2165,0,0,0,1081,1084,2165,Gold Coast,58587,63738,122325,0,0,0,58587,63738,122325
Gold Coast,1992,9,1054,1048,2102,0,0,0,1054,1048,2102,Gold Coast,62319,65843,128162,0,0,0,62319,65843,128162
Gold Coast,1992,10,1106,1108,2214,0,0,0,1106,1108,2214,Gold Coast,64188,75697,139885,0,0,0,64188,75697,139885
Gold Coast,1992,11,1064,1062,2126,0,0,0,1064,1062,2126,Gold Coast,58982,70309,129291,0,0,0,58982,70309,129291
Gold Coast,1992,12,1190,1189,2379,0,0,0,1190,1189,2379,Gold Coast,73881,72355,146236,0,0,0,73881,72355,146236
Gold Coast,1993,1,1296,1306,2602,0,0,0,1296,1306,2602,Gold Coast,71617,96925,168542,0,0,0,71617,96925,168542
Gold Coast,1993,2,984,983,1967,0,0,0,984,983,1967,Gold Coast,47648,56904,104552,0,0,0,47648,56904,104552
Gold Coast,1993,3,1064,1068,2132,0,0,0,1064,1068,2132,Gold Coast,59785,65275,125060,0,0,0,59785,65275,125060
Gold Coast,1993,4,1099,1100,2199,0,0,0,1099,1100,2199,Gold Coast,63809,72732,136541,0,0,0,63809,72732,136541
Gold Coast,1993,5,1082,1083,2165,0,0,0,1082,1083,2165,Gold Coast,52015,59713,111728,0,0,0,52015,59713,111728
Gold Coast,1993,6,1034,1034,2068,0,0,0,1034,1034,2068,Gold Coast,57005,61797,118802,0,0,0,57005,61797,118802
Gold Coast,1993,7,1073,1073,2146,0,0,0,1073,1073,2146,Gold Coast,66240,66442,132682,0,0,0,66240,66442,132682
Gold Coast,1993,8,1090,1092,2182,0,0,0,1090,1092,2182,Gold Coast,63518,70064,133582,0,0,0,63518,70064,133582
Gold Coast,1993,9,1115,1116,2231,0,0,0,1115,1116,2231,Gold Coast,70144,72415,142559,0,0,0,70144,72415,142559
Gold Coast,1993,10,1214,1214,2428,0,0,0,1214,1214,2428,Gold Coast,71596,82743,154339,0,0,0,71596,82743,154339
Gold Coast,1993,11,1202,1206,2408,0,0,0,1202,1206,2408,Gold Coast,64431,73246,137677,0,0,0,64431,73246,137677
Gold Coast,1993,12,1364,1365,2729,0,0,0,1364,1365,2729,Gold Coast,77035,76208,153243,0,0,0,77035,76208,153243
Gold Coast,1994,1,1234,1235,2469,0,0,0,1234,1235,2469,Gold Coast,83156,99553,182709,0,0,0,83156,99553,182709
Gold Coast,1994,2,991,992,1983,0,0,0,991,992,1983,Gold Coast,59643,71824,131467,0,0,0,59643,71824,131467
Gold Coast,1994,3,1096,1093,2189,0,0,0,1096,1093,2189,Gold Coast,69466,75874,145340,0,0,0,69466,75874,145340
Gold Coast,1994,4,1080,1086,2166,0,0,0,1080,1086,2166,Gold Coast,66770,76129,142899,0,0,0,66770,76129,142899
Gold Coast,1994,5,1066,1065,2131,0,0,0,1066,1065,2131,Gold Coast,55491,64635,120126,0,0,0,55491,64635,120126
Gold Coast,1994,6,1083,1083,2166,0,0,0,1083,1083,2166,Gold Coast,64572,70243,134815,0,0,0,64572,70243,134815
Gold Coast,1994,7,1178,1179,2357,0,0,0,1178,1179,2357,Gold Coast,77582,78855,156437,0,0,0,77582,78855,156437
Gold Coast,1994,8,1110,1110,2220,0,0,0,1110,1110,2220,Gold Coast,70142,76647,146789,0,0,0,70142,76647,146789
Gold Coast,1994,9,1107,1107,2214,0,0,0,1107,1107,2214,Gold Coast,79541,84134,163675,0,0,0,79541,84134,163675
Gold Coast,1994,10,1136,1139,2275,0,0,0,1136,1139,2275,Gold Coast,80122,93117,173239,0,0,0,80122,93117,173239
Gold Coast,1994,11,1084,1085,2169,0,0,0,1084,1085,2169,Gold Coast,69415,81365,150780,0,0,0,69415,81365,150780
Gold Coast,1994,12,1223,1221,2444,0,0,0,1223,1221,2444,Gold Coast,85005,85410,170415,0,0,0,85005,85410,170415
Gold Coast,1995,1,1265,1263,2528,0,0,0,1265,1263,2528,Gold Coast,93084,111541,204625,0,0,0,93084,111541,204625
Gold Coast,1995,2,1001,1000,2001,0,0,0,1001,1000,2001,Gold Coast,64304,74623,138927,0,0,0,64304,74623,138927
Gold Coast,1995,3,1111,1111,2222,0,0,0,1111,1111,2222,Gold Coast,71790,75294,147084,0,0,0,71790,75294,147084
Gold Coast,1995,4,1094,1098,2192,0,0,0,1094,1098,2192,Gold Coast,76334,84330,160664,0,0,0,76334,84330,160664
Gold Coast,1995,5,1041,1042,2083,0,0,0,1041,1042,2083,Gold Coast,59104,67175,126279,0,0,0,59104,67175,126279
Gold Coast,1995,6,1061,1062,2123,0,0,0,1061,1062,2123,Gold Coast,67903,72478,140381,0,0,0,67903,72478,140381
Gold Coast,1995,7,1148,1148,2296,0,0,0,1148,1148,2296,Gold Coast,82772,82004,164776,0,0,0,82772,82004,164776
Gold Coast,1995,8,1071,1070,2141,0,0,0,1071,1070,2141,Gold Coast,79757,84376,164133,0,0,0,79757,84376,164133
Gold Coast,1995,9,1103,1102,2205,0,0,0,1103,1102,2205,Gold Coast,87079,86159,173238,0,0,0,87079,86159,173238
Gold Coast,1995,10,1112,1116,2228,0,0,0,1112,1116,2228,Gold Coast,82201,96568,178769,0,0,0,82201,96568,178769
Gold Coast,1995,11,1041,1041,2082,0,0,0,1041,1041,2082,Gold Coast,76753,84055,160808,0,0,0,76753,84055,160808
Gold Coast,1995,12,1150,1151,2301,0,0,0,1150,1151,2301,Gold Coast,90876,89259,180135,0,0,0,90876,89259,180135
Gold Coast,1996,1,1230,1233,2463,0,0,0,1230,1233,2463,Gold Coast,94027,113448,207475,0,0,0,94027,113448,207475
Gold Coast,1996,2,1003,1002,2005,0,0,0,1003,1002,2005,Gold Coast,69084,79201,148285,0,0,0,69084,79201,148285
Gold Coast,1996,3,1098,1100,2198,0,0,0,1098,1100,2198,Gold Coast,74305,80200,154505,0,0,0,74305,80200,154505
Gold Coast,1996,4,1120,1121,2241,0,0,0,1120,1121,2241,Gold Coast,78423,88413,166836,0,0,0,78423,88413,166836
Gold Coast,1996,5,1036,1035,2071,0,0,0,1036,1035,2071,Gold Coast,65887,72725,138612,0,0,0,65887,72725,138612
Gold Coast,1996,6,1109,1106,2215,0,0,0,1109,1106,2215,Gold Coast,74480,80810,155290,0,0,0,74480,80810,155290
Gold Coast,1996,7,1163,1160,2323,0,0,0,1163,1160,2323,Gold Coast,80355,83312,163667,0,0,0,80355,83312,163667
Gold Coast,1996,8,1084,1082,2166,0,0,0,1084,1082,2166,Gold Coast,75248,83063,158311,0,0,0,75248,83063,158311
Gold Coast,1996,9,1091,1091,2182,0,0,0,1091,1091,2182,Gold Coast,86836,91157,177993,0,0,0,86836,91157,177993
Gold Coast,1996,10,1125,1126,2251,0,0,0,1125,1126,2251,Gold Coast,86219,98560,184779,0,0,0,86219,98560,184779
Gold Coast,1996,11,1011,1012,2023,0,0,0,1011,1012,2023,Gold Coast,73702,83214,156916,0,0,0,73702,83214,156916
Gold Coast,1996,12,1106,1105,2211,3,3,6,1109,1108,2217,Gold Coast,89221,87429,176650,214,249,463,89435,87678,177113
Gold Coast,1997,1,1091,1093,2184,4,4,8,1095,1097,2192,Gold Coast,89370,106764,196134,325,259,584,89695,107023,196718
Gold Coast,1997,2,866,866,1732,0,0,0,866,866,1732,Gold Coast,64336,75813,140149,0,0,0,64336,75813,140149
Gold Coast,1997,3,933,930,1863,2,2,4,935,932,1867,Gold Coast,71734,78215,149949,185,161,346,71919,78376,150295
Gold Coast,1997,4,898,899,1797,4,4,8,902,903,1805,Gold Coast,75958,84804,160762,449,373,822,76407,85177,161584
Gold Coast,1997,5,851,852,1703,5,5,10,856,857,1713,Gold Coast,62226,66099,128325,574,472,1046,62800,66571,129371
Gold Coast,1997,6,862,860,1722,5,5,10,867,865,1732,Gold Coast,68052,71457,139509,615,403,1018,68667,71860,140527
Gold Coast,1997,7,949,949,1898,8,8,16,957,957,1914,Gold Coast,74755,79729,154484,978,796,1774,75733,80525,156258
Gold Coast,1997,8,926,923,1849,9,9,18,935,932,1867,Gold Coast,74348,79993,154341,947,1052,1999,75295,81045,156340
Gold Coast,1997,9,956,953,1909,9,9,18,965,962,1927,Gold Coast,81137,83785,164922,993,1132,2125,82130,84917,167047
Gold Coast,1997,10,976,976,1952,8,8,16,984,984,1968,Gold Coast,83933,95218,179151,683,1005,1688,84616,96223,180839
Gold Coast,1997,11,894,894,1788,9,9,18,903,903,1806,Gold Coast,70154,80093,150247,519,680,1199,70673,80773,151446
Gold Coast,1997,12,995,994,1989,9,9,18,1004,1003,2007,Gold Coast,80953,78875,159828,501,720,1221,81454,79595,161049
Gold Coast,1998,1,1056,1057,2113,9,9,18,1065,1066,2131,Gold Coast,89955,105653,195608,738,620,1358,90693,106273,196966
Gold Coast,1998,2,843,842,1685,6,6,12,849,848,1697,Gold Coast,61736,69975,131711,410,371,781,62146,70346,132492
Gold Coast,1998,3,926,926,1852,8,8,16,934,934,1868,Gold Coast,67753,73685,141438,551,484,1035,68304,74169,142473
Gold Coast,1998,4,906,903,1809,8,8,16,914,911,1825,Gold Coast,72419,78729,151148,790,673,1463,73209,79402,152611
Gold Coast,1998,5,890,886,1776,5,5,10,895,891,1786,Gold Coast,62832,66409,129241,544,439,983,63376,66848,130224
Gold Coast,1998,6,888,889,1777,4,4,8,892,893,1785,Gold Coast,68903,70153,139056,482,357,839,69385,70510,139895
Gold Coast,1998,7,925,926,1851,6,6,12,931,932,1863,Gold Coast,74981,75309,150290,574,611,1185,75555,75920,151475
Gold Coast,1998,8,901,900,1801,10,10,20,911,910,1821,Gold Coast,72977,78694,151671,1087,785,1872,74064,79479,153543
Gold Coast,1998,9,883,882,1765,9,9,18,892,891,1783,Gold Coast,79906,80451,160357,930,855,1785,80836,81306,162142
Gold Coast,1998,10,956,956,1912,8,8,16,964,964,1928,Gold Coast,86990,94627,181617,692,879,1571,87682,95506,183188
Gold Coast,1998,11,911,913,1824,4,4,8,915,917,1832,Gold Coast,69579,80121,149700,405,462,867,69984,80583,150567
Gold Coast,1998,12,989,990,1979,4,4,8,993,994,1987,Gold Coast,80856,77503,158359,331,449,780,81187,77952,159139
Gold Coast,1999,1,1093,1091,2184,5,5,10,1098,1096,2194,Gold Coast,90064,104114,194178,498,440,938,90562,104554,195116
Gold Coast,1999,2,839,841,1680,4,4,8,843,845,1688,Gold Coast,63461,68788,132249,419,334,753,63880,69122,133002
Gold Coast,1999,3,936,936,1872,5,5,10,941,941,1882,Gold Coast,74139,76608,150747,630,539,1169,74769,77147,151916
Gold Coast,1999,4,912,911,1823,8,8,16,920,919,1839,Gold Coast,71352,75043,146395,964,685,1649,72316,75728,148044
Gold Coast,1999,5,862,861,1723,5,5,10,867,866,1733,Gold Coast,63797,67963,131760,588,537,1125,64385,68500,132885
Gold Coast,1999,6,849,849,1698,6,6,12,855,855,1710,Gold Coast,72009,69465,141474,820,669,1489,72829,70134,142963
Gold Coast,1999,7,914,912,1826,9,9,18,923,921,1844,Gold Coast,77433,76724,154157,1059,914,1973,78492,77638,156130
Gold Coast,1999,8,879,878,1757,8,8,16,887,886,1773,Gold Coast,74242,81621,155863,835,780,1615,75077,82401,157478
Gold Coast,1999,9,895,892,1787,9,9,18,904,901,1805,Gold Coast,87685,84083,171768,1071,1140,2211,88756,85223,173979
Gold Coast,1999,10,952,954,1906,9,9,18,961,963,1924,Gold Coast,91470,99611,191081,956,1116,2072,92426,100727,193153
Gold Coast,1999,11,833,833,1666,4,4,8,837,837,1674,Gold Coast,71555,78960,150515,427,489,916,71982,79449,151431
Gold Coast,1999,12,907,906,1813,6,6,12,913,912,1825,Gold Coast,82473,80036,162509,455,558,1013,82928,80594,163522
Gold Coast,2000,1,962,963,1925,8,8,16,970,971,1941,Gold Coast,96104,101751,197855,701,602,1303,96805,102353,199158
Gold Coast,2000,2,795,795,1590,9,9,18,804,804,1608,Gold Coast,70442,77352,147794,641,565,1206,71083,77917,149000
Gold Coast,2000,3,851,849,1700,9,9,18,860,858,1718,Gold Coast,77682,80019,157701,862,656,1518,78544,80675,159219
Gold Coast,2000,4,877,874,1751,13,13,26,890,887,1777,Gold Coast,77186,82481,159667,1422,1287,2709,78608,83768,162376
Gold Coast,2000,5,827,828,1655,12,12,24,839,840,1679,Gold Coast,67987,69974,137961,1040,812,1852,69027,70786,139813
Gold Coast,2000,6,861,863,1724,14,14,28,875,877,1752,Gold Coast,76324,74566,150890,1616,1252,2868,77940,75818,153758
Gold Coast,2000,7,857,857,1714,13,13,26,870,870,1740,Gold Coast,74069,73852,147921,1513,1428,2941,75582,75280,150862
Gold Coast,2000,8,846,846,1692,14,14,28,860,860,1720,Gold Coast,74701,77624,152325,1552,1422,2974,76253,79046,155299
Gold Coast,2000,9,844,843,1687,18,18,36,862,861,1723,Gold Coast,80469,79768,160237,1771,1552,3323,82240,81320,163560
Gold Coast,2000,10,876,874,1750,16,16,32,892,890,1782,Gold Coast,74081,76593,150674,1525,1662,3187,75606,78255,153861
Gold Coast,2000,11,811,814,1625,8,8,16,819,822,1641,Gold Coast,66798,70537,137335,815,882,1697,67613,71419,139032
Gold Coast,2000,12,890,888,1778,13,13,26,903,901,1804,Gold Coast,79916,77296,157212,1140,1420,2560,81056,78716,159772
Gold Coast,2001,1,924,924,1848,16,16,32,940,940,1880,Gold Coast,89274,95226,184500,1916,1456,3372,91190,96682,187872
Gold Coast,2001,2,727,726,1453,12,12,24,739,738,1477,Gold Coast,63719,69937,133656,925,1358,2283,64644,71295,135939
Gold Coast,2001,3,826,825,1651,16,16,32,842,841,1683,Gold Coast,83185,83592,166777,1250,1028,2278,84435,84620,169055
Gold Coast,2001,4,794,797,1591,17,17,34,811,814,1625,Gold Coast,76290,78902,155192,1652,1624,3276,77942,80526,158468
Gold Coast,2001,5,773,775,1548,18,18,36,791,793,1584,Gold Coast,72375,76344,148719,1597,1243,2840,73972,77587,151559
Gold Coast,2001,6,860,864,1724,17,17,34,877,881,1758,Gold Coast,80222,79439,159661,1674,1394,3068,81896,80833,162729
Gold Coast,2001,7,881,888,1769,17,17,34,898,905,1803,Gold Coast,84294,84761,169055,1725,1702,3427,86019,86463,172482
Gold Coast,2001,8,827,825,1652,18,18,36,845,843,1688,Gold Coast,79610,82342,161952,1506,1567,3073,81116,83909,165025
Gold Coast,2001,9,692,692,1384,18,18,36,710,710,1420,Gold Coast,66079,65851,131930,1932,1925,3857,68011,67776,135787
Gold Coast,2001,10,629,629,1258,17,17,34,646,646,1292,Gold Coast,55802,59036,114838,1599,1855,3454,57401,60891,118292
Gold Coast,2001,11,482,481,963,24,24,48,506,505,1011,Gold Coast,61544,62176,123720,2024,2030,4054,63568,64206,127774
Gold Coast,2001,12,531,531,1062,34,33,67,565,564,1129,Gold Coast,72227,69824,142051,3131,3468,6599,75358,73292,148650
Gold Coast,2002,1,578,580,1158,36,36,72,614,616,1230,Gold Coast,75993,81268,157261,3720,3810,7530,79713,85078,164791
Gold Coast,2002,2,515,512,1027,28,28,56,543,540,1083,Gold Coast,60523,65176,125699,2875,2736,5611,63398,67912,131310
Gold Coast,2002,3,591,586,1177,36,36,72,627,622,1249,Gold Coast,70604,70324,140928,4248,3690,7938,74852,74014,148866
Gold Coast,2002,4,605,601,1206,35,35,70,640,636,1276,Gold Coast,66459,68343,134802,3681,3512,7193,70140,71855,141995
Gold Coast,2002,5,622,620,1242,39,39,78,661,659,1320,Gold Coast,61235,62536,123771,3808,3370,7178,65043,65906,130949
Gold Coast,2002,6,790,788,1578,37,37,74,827,825,1652,Gold Coast,71822,71342,143164,3773,3146,6919,75595,74488,150083
Gold Coast,2002,7,928,928,1856,40,40,80,968,968,1936,Gold Coast,90261,91009,181270,4771,4547,9318,95032,95556,190588
Gold Coast,2002,8,910,908,1818,39,39,78,949,947,1896,Gold Coast,84527,86575,171102,4422,4619,9041,88949,91194,180143
Gold Coast,2002,9,906,905,1811,44,43,87,950,948,1898,Gold Coast,91867,89528,181395,4888,5130,10018,96755,94658,191413
Gold Coast,2002,10,914,915,1829,56,56,112,970,971,1941,Gold Coast,95704,98753,194457,5058,5222,10280,100762,103975,204737
Gold Coast,2002,11,786,787,1573,98,96,194,884,883,1767,Gold Coast,77199,79050,156249,7588,7171,14759,84787,86221,171008
Gold Coast,2002,12,891,888,1779,87,87,174,978,975,1953,Gold Coast,91110,86626,177736,7984,9358,17342,99094,95984,195078
Gold Coast,2003,1,834,833,1667,83,83,166,917,916,1833,Gold Coast,95798,100198,195996,5116,5388,10504,100914,105586,206500
Gold Coast,2003,2,690,691,1381,70,70,140,760,761,1521,Gold Coast,75336,76214,151550,4336,4215,8551,79672,80429,160101
Gold Coast,2003,3,741,740,1481,75,75,150,816,815,1631,Gold Coast,81758,82944,164702,6050,5250,11300,87808,88194,176002
Gold Coast,2003,4,760,761,1521,86,86,172,846,847,1693,Gold Coast,81607,82352,163959,5969,5881,11850,87576,88233,175809
Gold Coast,2003,5,724,727,1451,88,88,176,812,815,1627,Gold Coast,74586,75359,149945,5646,5157,10803,80232,80516,160748
Gold Coast,2003,6,673,675,1348,90,91,181,763,766,1529,Gold Coast,77318,75893,153211,6428,5836,12264,83746,81729,165475
Gold Coast,2003,7,683,684,1367,92,92,184,775,776,1551,Gold Coast,86770,86623,173393,7563,6282,13845,94333,92905,187238
Gold Coast,2003,8,628,628,1256,91,81,172,719,709,1428,Gold Coast,78233,79078,157311,6372,6545,12917,84605,85623,170228
Gold Coast,2003,9,669,671,1340,88,77,165,757,748,1505,Gold Coast,92932,91194,184126,7102,6895,13997,100034,98089,198123
Gold Coast,2003,10,759,758,1517,88,78,166,847,836,1683,Gold Coast,101543,103650,205193,6142,6443,12585,107685,110093,217778
Gold Coast,2003,11,764,764,1528,73,73,146,837,837,1674,Gold Coast,100313,102391,202704,4488,5372,9860,104801,107763,212564
Gold Coast,2003,12,817,817,1634,73,73,146,890,890,1780,Gold Coast,109118,105317,214435,4795,5667,10462,113913,110984,224897
Gold Coast,2004,1,847,848,1695,72,71,143,919,919,1838,Gold Coast,117455,123164,240619,5066,4704,9770,122521,127868,250389
Gold Coast,2004,2,729,727,1456,74,74,148,803,801,1604,Gold Coast,91847,92046,183893,4569,4838,9407,96416,96884,193300
Gold Coast,2004,3,790,793,1583,83,83,166,873,876,1749,Gold Coast,97526,97617,195143,5519,5198,10717,103045,102815,205860
Gold Coast,2004,4,845,844,1689,78,77,155,923,921,1844,Gold Coast,95892,95152,191044,5665,5521,11186,101557,100673,202230
Gold Coast,2004,5,914,914,1828,83,83,166,997,997,1994,Gold Coast,100764,100700,201464,5667,5405,11072,106431,106105,212536
Gold Coast,2004,6,1012,1013,2025,81,81,162,1093,1094,2187,Gold Coast,108343,108954,217297,5870,5691,11561,114213,114645,228858
Gold Coast,2004,7,1079,1079,2158,82,80,162,1161,1159,2320,Gold Coast,120613,121374,241987,6390,5798,12188,127003,127172,254175
Gold Coast,2004,8,1055,1058,2113,86,85,171,1141,1143,2284,Gold Coast,118597,120184,238781,6273,6618,12891,124870,126802,251672
Gold Coast,2004,9,1029,1032,2061,79,79,158,1108,1111,2219,Gold Coast,120639,118801,239440,6353,6948,13301,126992,125749,252741
Gold Coast,2004,10,1061,1065,2126,83,83,166,1144,1148,2292,Gold Coast,126616,128888,255504,6392,6373,12765,133008,135261,268269
Gold Coast,2004,11,1007,1009,2016,76,77,153,1083,1086,2169,Gold Coast,114316,116280,230596,4389,5269,9658,118705,121549,240254
Gold Coast,2004,12,1126,1131,2257,85,85,170,1211,1216,2427,Gold Coast,122425,119627,242052,5401,6491,11892,127826,126118,253944
Gold Coast,2005,1,1177,1172,2349,93,92,185,1270,1264,2534,Gold Coast,142956,147919,290875,6037,5999,12036,148993,153918,302911
Gold Coast,2005,2,989,988,1977,98,96,194,1087,1084,2171,Gold Coast,117695,118550,236245,6263,6064,12327,123958,124614,248572
Gold Coast,2005,3,1086,1083,2169,110,109,219,1196,1192,2388,Gold Coast,133934,132698,266632,7424,8000,15424,141358,140698,282056
Gold Coast,2005,4,1077,1075,2152,105,105,210,1182,1180,2362,Gold Coast,131193,128432,259625,7717,7048,14765,138910,135480,274390
Gold Coast,2005,5,1070,1067,2137,117,116,233,1187,1183,2370,Gold Coast,121751,122623,244374,7901,7419,15320,129652,130042,259694
Gold Coast,2005,6,987,983,1970,112,110,222,1099,1093,2192,Gold Coast,119289,116927,236216,8528,8349,16877,127817,125276,253093
Gold Coast,2005,7,1059,1054,2113,120,120,240,1179,1174,2353,Gold Coast,143596,143481,287077,10997,10163,21160,154593,153644,308237
Gold Coast,2005,8,1038,1036,2074,119,119,238,1157,1155,2312,Gold Coast,133132,131014,264146,10430,10914,21344,143562,141928,285490
Gold Coast,2005,9,1044,1045,2089,117,117,234,1161,1162,2323,Gold Coast,143969,138770,282739,10735,10773,21508,154704,149543,304247
Gold Coast,2005,10,1066,1065,2131,119,119,238,1185,1184,2369,Gold Coast,150219,153029,303248,9899,11501,21400,160118,164530,324648
Gold Coast,2005,11,999,1000,1999,84,84,168,1083,1084,2167,Gold Coast,134410,136466,270876,5985,6939,12924,140395,143405,283800
Gold Coast,2005,12,1110,1114,2224,111,110,221,1221,1224,2445,Gold Coast,148859,142032,290891,8875,9563,18438,157734,151595,309329
Gold Coast,2006,1,1108,1112,2220,115,113,228,1223,1225,2448,Gold Coast,158953,165184,324137,9751,9457,19208,168704,174641,343345
Gold Coast,2006,2,929,928,1857,99,98,197,1028,1026,2054,Gold Coast,122184,122877,245061,7273,8160,15433,129457,131037,260494
Gold Coast,2006,3,1033,1033,2066,106,107,213,1139,1140,2279,Gold Coast,133373,131014,264387,8435,8245,16680,141808,139259,281067
Gold Coast,2006,4,1037,1034,2071,91,93,184,1128,1127,2255,Gold Coast,134850,138157,273007,8022,7866,15888,142872,146023,288895
Gold Coast,2006,5,1040,1036,2076,83,83,166,1123,1119,2242,Gold Coast,120690,122955,243645,6573,6558,13131,127263,129513,256776
Gold Coast,2006,6,1034,1028,2062,81,81,162,1115,1109,2224,Gold Coast,129558,125754,255312,7122,6259,13381,136680,132013,268693
Gold Coast,2006,7,1060,1058,2118,91,89,180,1151,1147,2298,Gold Coast,151730,151528,303258,9502,8701,18203,161232,160229,321461
Gold Coast,2006,8,1033,1028,2061,86,86,172,1119,1114,2233,Gold Coast,142204,144126,286330,8496,8619,17115,150700,152745,303445
Gold Coast,2006,9,1044,1043,2087,85,85,170,1129,1128,2257,Gold Coast,152204,151995,304199,9361,9849,19210,161565,161844,323409
Gold Coast,2006,10,1095,1096,2191,67,67,134,1162,1163,2325,Gold Coast,162074,164517,326591,7412,8162,15574,169486,172679,342165
Gold Coast,2006,11,1044,1043,2087,71,71,142,1115,1114,2229,Gold Coast,147021,148381,295402,6352,6957,13309,153373,155338,308711
Gold Coast,2006,12,1105,1103,2208,77,76,153,1182,1179,2361,Gold Coast,150312,151717,302029,7837,8472,16309,158149,160189,318338
Gold Coast,2007,1,1116,1113,2229,76,76,152,1192,1189,2381,Gold Coast,166569,168854,335423,9915,9226,19141,176484,178080,354564
Gold Coast,2007,2,982,979,1961,56,55,111,1038,1034,2072,Gold Coast,139387,140736,280123,6084,6774,12858,145471,147510,292981
Gold Coast,2007,3,1091,1092,2183,66,66,132,1157,1158,2315,Gold Coast,154028,155149,309177,7704,6928,14632,161732,162077,323809
Gold Coast,2007,4,1065,1064,2129,65,65,130,1130,1129,2259,Gold Coast,146931,150343,297274,8079,7897,15976,155010,158240,313250
Gold Coast,2007,5,1097,1096,2193,67,67,134,1164,1163,2327,Gold Coast,138302,138719,277021,7312,6950,14262,145614,145669,291283
Gold Coast,2007,6,1056,1032,2088,67,67,134,1123,1099,2222,Gold Coast,135250,132959,268209,8579,7652,16231,143829,140611,284440
Gold Coast,2007,7,1076,1057,2133,72,72,144,1148,1129,2277,Gold Coast,153338,151693,305031,9202,9031,18233,162540,160724,323264
Gold Coast,2007,8,1107,1102,2209,72,72,144,1179,1174,2353,Gold Coast,154761,155047,309808,8932,8905,17837,163693,163952,327645
Gold Coast,2007,9,1147,1143,2290,75,74,149,1222,1217,2439,Gold Coast,164030,161410,325440,9567,9740,19307,173597,171150,344747
Gold Coast,2007,10,1188,1180,2368,64,64,128,1252,1244,2496,Gold Coast,173982,174415,348397,7915,8658,16573,181897,183073,364970
Gold Coast,2007,11,1166,1162,2328,74,72,146,1240,1234,2474,Gold Coast,164695,165832,330527,9607,9760,19367,174302,175592,349894
Gold Coast,2007,12,1278,1257,2535,91,91,182,1369,1348,2717,Gold Coast,176228,173168,349396,11860,14485,26345,188088,187653,375741
Gold Coast,2008,1,1345,1335,2680,93,94,187,1438,1429,2867,Gold Coast,187923,191933,379856,14999,13704,28703,202922,205637,408559
Gold Coast,2008,2,1274,1248,2522,77,75,152,1351,1323,2674,Gold Coast,172039,172211,344250,10812,10019,20831,182851,182230,365081
Gold Coast,2008,3,1385,1377,2762,83,82,165,1468,1459,2927,Gold Coast,189370,188743,378113,11725,10663,22388,201095,199406,400501
Gold Coast,2008,4,1278,1274,2552,86,86,172,1364,1360,2724,Gold Coast,161945,164870,326815,12113,10886,22999,174058,175756,349814
Gold Coast,2008,5,1379,1372,2751,85,86,171,1464,1458,2922,Gold Coast,170327,169308,339635,12431,11993,24424,182758,181301,364059
Gold Coast,2008,6,1326,1321,2647,88,86,174,1414,1407,2821,Gold Coast,163229,161766,324995,12092,11993,24085,175321,173759,349080
Gold Coast,2008,7,1379,1375,2754,107,109,216,1486,1484,2970,Gold Coast,184991,184190,369181,15357,14199,29556,200348,198389,398737
Gold Coast,2008,8,1240,1234,2474,101,101,202,1341,1335,2676,Gold Coast,172221,172941,345162,13320,13258,26578,185541,186199,371740
Gold Coast,2008,9,1151,1145,2296,101,101,202,1252,1246,2498,Gold Coast,172240,167446,339686,14060,13564,27624,186300,181010,367310
Gold Coast,2008,10,1155,1152,2307,151,149,300,1306,1301,2607,Gold Coast,175844,177533,353377,18505,16423,34928,194349,193956,388305
Gold Coast,2008,11,1155,1152,2307,149,150,299,1304,1302,2606,Gold Coast,167421,171418,338839,16681,16336,33017,184102,187754,371856
Gold Coast,2008,12,1188,1183,2371,169,169,338,1357,1352,2709,Gold Coast,173175,170268,343443,20801,23210,44011,193976,193478,387454
Gold Coast,2009,1,1261,1265,2526,185,185,370,1446,1450,2896,Gold Coast,195206,199577,394783,27096,24424,51520,222302,224001,446303
Gold Coast,2009,2,1016,1016,2032,138,137,275,1154,1153,2307,Gold Coast,154912,155895,310807,22327,20925,43252,177239,176820,354059
Gold Coast,2009,3,1170,1167,2337,158,159,317,1328,1326,2654,Gold Coast,176763,175727,352490,24079,23976,48055,200842,199703,400545
Gold Coast,2009,4,1232,1236,2468,159,160,319,1391,1396,2787,Gold Coast,176219,177224,353443,23212,22039,45251,199431,199263,398694
Gold Coast,2009,5,1198,1197,2395,187,186,373,1385,1383,2768,Gold Coast,165641,166003,331644,23809,25504,49313,189450,191507,380957
Gold Coast,2009,6,1161,1165,2326,142,137,279,1303,1302,2605,Gold Coast,156077,153760,309837,20573,21830,42403,176650,175590,352240
Gold Coast,2009,7,1280,1275,2555,150,150,300,1430,1425,2855,Gold Coast,182386,181734,364120,25121,23157,48278,207507,204891,412398
Gold Coast,2009,8,1225,1217,2442,181,185,366,1406,1402,2808,Gold Coast,179302,176975,356277,27415,29116,56531,206717,206091,412808
Gold Coast,2009,9,1229,1222,2451,188,187,375,1417,1409,2826,Gold Coast,188200,182860,371060,30521,31368,61889,218721,214228,432949
Gold Coast,2009,10,1270,1268,2538,195,194,389,1465,1462,2927,Gold Coast,193845,197470,391315,30399,31251,61650,224244,228721,452965
Gold Coast,2009,11,1206,1203,2409,192,191,383,1398,1394,2792,Gold Coast,178007,179600,357607,30037,32235,62272,208044,211835,419879
Gold Coast,2009,12,1239,1237,2476,200,201,401,1439,1438,2877,Gold Coast,179311,173742,353053,31049,34869,65918,210360,208611,418971
Gold Coast,2010,1,1361,1362,2723,208,208,416,1569,1570,3139,Gold Coast,194353,200699,395052,34977,33841,68818,229330,234540,463870
Gold Coast,2010,2,1230,1225,2455,189,187,376,1419,1412,2831,Gold Coast,181699,179840,361539,31244,31266,62510,212943,211106,424049
Gold Coast,2010,3,1393,1389,2782,213,213,426,1606,1602,3208,Gold Coast,198637,194526,393163,35150,36218,71368,233787,230744,464531
Gold Coast,2010,4,1374,1371,2745,176,176,352,1550,1547,3097,Gold Coast,193045,197697,390742,31212,29531,60743,224257,227228,451485
Gold Coast,2010,5,1325,1325,2650,166,167,333,1491,1492,2983,Gold Coast,181410,182011,363421,26191,28175,54366,207601,210186,417787
Gold Coast,2010,6,1318,1319,2637,158,159,317,1476,1478,2954,Gold Coast,181333,177531,358864,27027,28564,55591,208360,206095,414455
Gold Coast,2010,7,1490,1491,2981,191,191,382,1681,1682,3363,Gold Coast,208794,210106,418900,33974,29982,63956,242768,240088,482856
Gold Coast,2010,8,1339,1338,2677,197,197,394,1536,1535,3071,Gold Coast,193943,195166,389109,34085,37628,71713,228028,232794,460822
Gold Coast,2010,9,1396,1399,2795,184,180,364,1580,1579,3159,Gold Coast,211674,201192,412866,32551,35732,68283,244225,236924,481149
Gold Coast,2010,10,1420,1415,2835,186,182,368,1606,1597,3203,Gold Coast,207738,213135,420873,33635,33355,66990,241373,246490,487863
Gold Coast,2010,11,1404,1401,2805,178,180,358,1582,1581,3163,Gold Coast,200935,204002,404937,30669,35394,66063,231604,239396,471000
Gold Coast,2010,12,1563,1549,3112,197,197,394,1760,1746,3506,Gold Coast,214564,205921,420485,34186,42082,76268,248750,248003,496753
Gold Coast,2011,1,1718,1714,3432,204,204,408,1922,1918,3840,Gold Coast,232797,249492,482289,41804,37522,79326,274601,287014,561615
Gold Coast,2011,2,1192,1192,2384,174,174,348,1366,1366,2732,Gold Coast,168188,173197,341385,32924,31144,64068,201112,204341,405453
Gold Coast,2011,3,1364,1366,2730,178,178,356,1542,1544,3086,Gold Coast,185830,187395,373225,32255,30531,62786,218085,217926,436011
Gold Coast,2011,4,1331,1326,2657,161,159,320,1492,1485,2977,Gold Coast,192240,187386,379626,27558,26353,53911,219798,213739,433537
Gold Coast,2011,5,1323,1320,2643,161,161,322,1484,1481,2965,Gold Coast,170531,173866,344397,26231,27520,53751,196762,201386,398148
Gold Coast,2011,6,1213,1208,2421,125,126,251,1338,1334,2672,Gold Coast,164516,161764,326280,21118,23467,44585,185634,185231,370865
Gold Coast,2011,7,1320,1319,2639,158,157,315,1478,1476,2954,Gold Coast,197540,193552,391092,28041,25173,53214,225581,218725,444306
Gold Coast,2011,8,1244,1235,2479,177,178,355,1421,1413,2834,Gold Coast,180526,179493,360019,30677,31499,62176,211203,210992,422195
Gold Coast,2011,9,1268,1268,2536,157,157,314,1425,1425,2850,Gold Coast,194819,184970,379789,24972,28808,53780,219791,213778,433569
Gold Coast,2011,10,1331,1328,2659,172,173,345,1503,1501,3004,Gold Coast,201561,206303,407864,31390,28441,59831,232951,234744,467695
Gold Coast,2011,11,1292,1290,2582,167,166,333,1459,1456,2915,Gold Coast,192047,193521,385568,28281,30597,58878,220328,224118,444446
Gold Coast,2011,12,1416,1407,2823,184,188,372,1600,1595,3195,Gold Coast,211701,198065,409766,31054,38503,69557,242755,236568,479323
Gold Coast,2012,1,1480,1473,2953,197,197,394,1677,1670,3347,Gold Coast,218113,225797,443910,37778,34394,72172,255891,260191,516082
Gold Coast,2012,2,1265,1261,2526,167,168,335,1432,1429,2861,Gold Coast,176145,181526,357671,31505,29558,61063,207650,211084,418734
Gold Coast,2012,3,1369,1366,2735,179,178,357,1548,1544,3092,Gold Coast,198257,194928,393185,31081,32987,64068,229338,227915,457253
Gold Coast,2012,4,1375,1369,2744,170,169,339,1545,1538,3083,Gold Coast,193298,198991,392289,30159,28698,58857,223457,227689,451146
Gold Coast,2012,5,1239,1239,2478,142,144,286,1381,1383,2764,Gold Coast,169383,168416,337799,24579,24653,49232,193962,193069,387031
Gold Coast,2012,6,1229,1229,2458,171,170,341,1400,1399,2799,Gold Coast,173581,169033,342614,29426,32750,62176,203007,201783,404790
Gold Coast,2012,7,1464,1460,2924,208,206,414,1672,1666,3338,Gold Coast,203728,206186,409914,40614,34658,75272,244342,240844,485186
Gold Coast,2012,8,1402,1402,2804,202,202,404,1604,1604,3208,Gold Coast,193980,195043,389023,36010,37046,73056,229990,232089,462079
Gold Coast,2012,9,1503,1502,3005,192,192,384,1695,1694,3389,Gold Coast,227752,215788,443540,33105,38179,71284,260857,253967,514824
Gold Coast,2012,10,1555,1555,3110,201,201,402,1756,1756,3512,Gold Coast,226551,236294,462845,39394,36229,75623,265945,272523,538468
Gold Coast,2012,11,1461,1459,2920,185,186,371,1646,1645,3291,Gold Coast,213335,215989,429324,35806,36323,72129,249141,252312,501453
Gold Coast,2012,12,1585,1589,3174,216,217,433,1801,1806,3607,Gold Coast,230683,222088,452771,39944,49548,89492,270627,271636,542263
Gold Coast,2013,1,1590,1583,3173,213,213,426,1803,1796,3599,Gold Coast,227975,237676,465651,46240,41993,88233,274215,279669,553884
Gold Coast,2013,2,1251,1243,2494,184,181,365,1435,1424,2859,Gold Coast,176245,181560,357805,37372,33017,70389,213617,214577,428194
Gold Coast,2013,3,1412,1407,2819,202,203,405,1614,1610,3224,Gold Coast,201349,198297,399646,37409,39839,77248,238758,238136,476894
Gold Coast,2013,4,1511,1506,3017,179,183,362,1690,1689,3379,Gold Coast,202809,210613,413422,34455,31352,65807,237264,241965,479229
Gold Coast,2013,5,1207,1208,2415,163,161,324,1370,1369,2739,Gold Coast,170309,172736,343045,30224,30757,60981,200533,203493,404026
Gold Coast,2013,6,1286,1286,2572,159,160,319,1445,1446,2891,Gold Coast,178104,177383,355487,29774,33248,63022,207878,210631,418509
Gold Coast,2013,7,1473,1471,2944,190,193,383,1663,1664,3327,Gold Coast,211763,213706,425469,38532,32125,70657,250295,245831,496126
Gold Coast,2013,8,1389,1386,2775,187,187,374,1576,1573,3149,Gold Coast,197325,199710,397035,35168,36545,71713,232493,236255,468748
Gold Coast,2013,9,1511,1512,3023,191,191,382,1702,1703,3405,Gold Coast,220798,208414,429212,32323,36023,68346,253121,244437,497558
Gold Coast,2013,10,1551,1551,3102,200,204,404,1751,1755,3506,Gold Coast,229553,237503,467056,38248,34129,72377,267801,271632,539433
Gold Coast,2013,11,1348,1347,2695,192,191,383,1540,1538,3078,Gold Coast,197351,201785,399136,33713,34421,68134,231064,236206,467270
Gold Coast,2013,12,1540,1539,3079,227,228,455,1767,1767,3534,Gold Coast,229436,219869,449305,39707,48291,87998,269143,268160,537303
Gold Coast,2014,1,1602,1603,3205,230,231,461,1832,1834,3666,Gold Coast,233478,248687,482165,49373,43639,93012,282851,292326,575177
Gold Coast,2014,2,1213,1215,2428,188,186,374,1401,1401,2802,Gold Coast,175850,180341,356191,38138,35156,73294,213988,215497,429485
Gold Coast,2014,3,1427,1423,2850,202,203,405,1629,1626,3255,Gold Coast,196731,198767,395498,37933,37464,75397,234664,236231,470895
Gold Coast,2014,4,1462,1459,2921,188,187,375,1650,1646,3296,Gold Coast,199982,201778,401760,35779,32787,68566,235761,234565,470326
Gold Coast,2014,5,1276,1274,2550,177,176,353,1453,1450,2903,Gold Coast,176988,177180,354168,31216,29173,60389,208204,206353,414557
Gold Coast,2014,6,1275,1275,2550,179,179,358,1454,1454,2908,Gold Coast,176731,174501,351232,31391,34036,65427,208122,208537,416659
Gold Coast,2014,7,1498,1490,2988,201,202,403,1699,1692,3391,Gold Coast,213989,214951,428940,41936,35206,77142,255925,250157,506082
Gold Coast,2014,8,1399,1400,2799,187,187,374,1586,1587,3173,Gold Coast,199892,203361,403253,35563,37014,72577,235455,240375,475830
Gold Coast,2014,9,1465,1464,2929,183,183,366,1648,1647,3295,Gold Coast,219163,209110,428273,33293,35862,69155,252456,244972,497428
Gold Coast,2014,10,1538,1539,3077,191,192,383,1729,1731,3460,Gold Coast,235350,240190,475540,38397,34072,72469,273747,274262,548009
Gold Coast,2014,11,1357,1358,2715,178,180,358,1535,1538,3073,Gold Coast,205695,206609,412304,33719,35565,69284,239414,242174,481588
Gold Coast,2014,12,1562,1552,3114,218,219,437,1780,1771,3551,Gold Coast,233645,224884,458529,38278,45981,84259,271923,270865,542788
Gold Coast,2015,1,1582,1578,3160,230,227,457,1812,1805,3617,Gold Coast,228760,247455,476215,47430,40477,87907,276190,287932,564122
Gold Coast,2015,2,1180,1183,2363,176,176,352,1356,1359,2715,Gold Coast,176481,180128,356609,35098,32950,68048,211579,213078,424657
Gold Coast,2015,3,1383,1376,2759,193,195,388,1576,1571,3147,Gold Coast,201680,198263,399943,37413,35449,72862,239093,233712,472805
Gold Coast,2015,4,1450,1450,2900,212,210,422,1662,1660,3322,Gold Coast,204814,211335,416149,37202,34068,71270,242016,245403,487419
Gold Coast,2015,5,1294,1296,2590,202,201,403,1496,1497,2993,Gold Coast,182778,184034,366812,34086,31677,65763,216864,215711,432575
Gold Coast,2015,6,1337,1333,2670,199,200,399,1536,1533,3069,Gold Coast,186821,179078,365899,32051,36170,68221,218872,215248,434120
Gold Coast,2015,7,1513,1512,3025,249,248,497,1762,1760,3522,Gold Coast,223508,227796,451304,49303,40515,89818,272811,268311,541122
Gold Coast,2015,8,1433,1430,2863,213,214,427,1646,1644,3290,Gold Coast,205291,207141,412432,37253,37977,75230,242544,245118,487662
Gold Coast,2015,9,1544,1540,3084,217,218,435,1761,1758,3519,Gold Coast,233558,221191,454749,40579,42342,82921,274137,263533,537670
Gold Coast,2015,10,1563,1560,3123,231,230,461,1794,1790,3584,Gold Coast,236242,241794,478036,45123,40934,86057,281365,282728,564093
Gold Coast,2015,11,1442,1441,2883,203,205,408,1645,1646,3291,Gold Coast,212679,218157,430836,38050,40108,78158,250729,258265,508994
Gold Coast,2015,12,1638,1636,3274,248,247,495,1886,1883,3769,Gold Coast,242367,230040,472407,45218,51494,96712,287585,281534,569119
Gold Coast,2016,1,1711,1707,3418,258,258,516,1969,1965,3934,Gold Coast,247220,268967,516187,52344,43905,96249,299564,312872,612436
Gold Coast,2016,2,1333,1331,2664,214,214,428,1547,1545,3092,Gold Coast,197007,202951,399958,42775,36302,79077,239782,239253,479035
Gold Coast,2016,3,1481,1479,2960,239,239,478,1720,1718,3438,Gold Coast,219004,218426,437430,46336,44337,90673,265340,262763,528103
Gold Coast,2016,4,1514,1512,3026,266,265,531,1780,1777,3557,Gold Coast,213036,219439,432475,45883,39557,85440,258919,258996,517915
Gold Coast,2016,5,1338,1338,2676,260,259,519,1598,1597,3195,Gold Coast,190164,193810,383974,40725,37346,78071,230889,231156,462045
Gold Coast,2016,6,1331,1331,2662,258,259,517,1589,1590,3179,Gold Coast,195060,186355,381415,40144,43653,83797,235204,230008,465212
Gold Coast,2016,7,1580,1578,3158,315,311,626,1895,1889,3784,Gold Coast,232007,236570,468577,59466,47514,106980,291473,284084,575557
Gold Coast,2016,8,1450,1450,2900,297,299,596,1747,1749,3496,Gold Coast,210580,215272,425852,47794,48410,96204,258374,263682,522056
Gold Coast,2016,9,1560,1557,3117,289,291,580,1849,1848,3697,Gold Coast,236038,225191,461229,48322,48558,96880,284360,273749,558109
Gold Coast,2016,10,1598,1599,3197,290,292,582,1888,1891,3779,Gold Coast,241097,246926,488023,48289,44655,92944,289386,291581,580967
Gold Coast,2016,11,1444,1442,2886,265,265,530,1709,1707,3416,Gold Coast,217585,221922,439507,41995,42664,84659,259580,264586,524166
Gold Coast,2016,12,1656,1655,3311,299,299,598,1955,1954,3909,Gold Coast,246168,236962,483130,48627,53957,102584,294795,290919,585714
Gold Coast,2017,1,1691,1688,3379,304,303,607,1995,1991,3986,Gold Coast,249932,269342,519274,57691,46200,103891,307623,315542,623165
Gold Coast,2017,2,1297,1294,2591,254,254,508,1551,1548,3099,Gold Coast,190703,196827,387530,42614,36458,79072,233317,233285,466602
Gold Coast,2017,3,1422,1417,2839,279,281,560,1701,1698,3399,Gold Coast,215154,212372,427526,44795,42345,87140,259949,254717,514666
Gold Coast,2017,4,1563,1560,3123,272,272,544,1835,1832,3667,Gold Coast,230176,233720,463896,48791,45433,94224,278967,279153,558120
Gold Coast,2017,5,1308,1308,2616,259,261,520,1567,1569,3136,Gold Coast,197532,199078,396610,40980,37658,78638,238512,236736,475248
Gold Coast,2017,6,1346,1346,2692,258,254,512,1604,1600,3204,Gold Coast,198253,192782,391035,39900,41871,81771,238153,234653,472806
Gold Coast,2017,7,1574,1571,3145,300,299,599,1874,1870,3744,Gold Coast,240788,238372,479160,53245,42828,96073,294033,281200,575233
Gold Coast,2017,8,1421,1420,2841,284,283,567,1705,1703,3408,Gold Coast,210013,214791,424804,45310,44960,90270,255323,259751,515074
Gold Coast,2017,9,1509,1506,3015,274,276,550,1783,1782,3565,Gold Coast,236713,223207,459920,43479,44284,87763,280192,267491,547683
Gold Coast,2017,10,1581,1580,3161,289,288,577,1870,1868,3738,Gold Coast,240741,252165,492906,49333,44902,94235,290074,297067,587141
Gold Coast,2017,11,1456,1455,2911,261,260,521,1717,1715,3432,Gold Coast,226173,228215,454388,41391,43142,84533,267564,271357,538921
Gold Coast,2017,12,1655,1651,3306,298,298,596,1953,1949,3902,Gold Coast,256458,245478,501936,48111,54377,102488,304569,299855,604424
Gold Coast,2018,1,1740,1743,3483,297,298,595,2037,2041,4078,Gold Coast,262917,283349,546266,55665,47400,103065,318582,330749,649331
Gold Coast,2018,2,1291,1291,2582,239,240,479,1530,1531,3061,Gold Coast,198220,201132,399352,41025,37190,78215,239245,238322,477567
Gold Coast,2018,3,1505,1499,3004,259,261,520,1764,1760,3524,Gold Coast,229124,222321,451445,44258,44035,88293,273382,266356,539738
Gold Coast,2018,4,1637,1633,3270,274,272,546,1911,1905,3816,Gold Coast,234754,242712,477466,48166,42169,90335,282920,284881,567801
Gold Coast,2018,5,1306,1306,2612,236,236,472,1542,1542,3084,Gold Coast,195129,197669,392798,38091,36695,74786,233220,234364,467584
Gold Coast,2018,6,1302,1299,2601,245,247,492,1547,1546,3093,Gold Coast,198752,191807,390559,39070,41285,80355,237822,233092,470914
Gold Coast,2018,7,1494,1491,2985,276,278,554,1770,1769,3539,Gold Coast,238435,239301,477736,50439,43182,93621,288874,282483,571357
Gold Coast,2018,8,1414,1411,2825,261,261,522,1675,1672,3347,Gold Coast,222751,224919,447670,43070,42826,85896,265821,267745,533566
Gold Coast,2018,9,1463,1465,2928,248,245,493,1711,1710,3421,Gold Coast,232596,223958,456554,38337,40845,79182,270933,264803,535736
Gold Coast,2018,10,1542,1542,3084,261,262,523,1803,1804,3607,Gold Coast,239357,247668,487025,44146,42429,86575,283503,290097,573600
Gold Coast,2018,11,1382,1378,2760,229,229,458,1611,1607,3218,Gold Coast,223284,223640,446924,35905,37921,73826,259189,261561,520750
Gold Coast,2018,12,1570,1567,3137,264,262,526,1834,1829,3663,Gold Coast,249216,238173,487389,41245,49804,91049,290461,287977,578438
Gold Coast,2019,1,1681,1679,3360,264,264,528,1945,1943,3888,Gold Coast,262601,279573,542174,50028,45595,95623,312629,325168,637797
Gold Coast,2019,2,1223,1226,2449,199,199,398,1422,1425,2847,Gold Coast,190989,197259,388248,37158,33065,70223,228147,230324,458471
Gold Coast,2019,3,1367,1361,2728,208,209,417,1575,1570,3145,Gold Coast,213949,211594,425543,37533,36254,73787,251482,247848,499330
Gold Coast,2019,4,1592,1588,3180,209,209,418,1801,1797,3598,Gold Coast,238715,240862,479577,41791,39330,81121,280506,280192,560698
Gold Coast,2019,5,1416,1415,2831,178,178,356,1594,1593,3187,Gold Coast,202593,203317,405910,33718,31341,65059,236311,234658,470969
Gold Coast,2019,6,1381,1378,2759,193,194,387,1574,1572,3146,Gold Coast,203236,198016,401252,34422,37429,71851,237658,235445,473103
Gold Coast,2019,7,1596,1593,3189,232,231,463,1828,1824,3652,Gold Coast,247576,248958,496534,46702,39113,85815,294278,288071,582349
Gold Coast,2019,8,1427,1427,2854,201,201,402,1628,1628,3256,Gold Coast,222730,225565,448295,38835,39005,77840,261565,264570,526135
Gold Coast,2019,9,1495,1493,2988,191,192,383,1686,1685,3371,Gold Coast,241442,230758,472200,36132,37885,74017,277574,268643,546217
Gold Coast,2019,10,1580,1584,3164,203,204,407,1783,1788,3571,Gold Coast,255381,265431,520812,40033,37218,77251,295414,302649,598063
Gold Coast,2019,11,1397,1395,2792,189,190,379,1586,1585,3171,Gold Coast,225477,231244,456721,34509,35596,70105,259986,266840,526826
Gold Coast,2019,12,1590,1580,3170,256,255,511,1846,1835,3681,Gold Coast,261555,244787,506342,45674,52629,98303,307229,297416,604645
Gold Coast,2020,1,1634,1634,3268,260,258,518,1894,1892,3786,Gold Coast,262457,276137,538594,52235,47115,99350,314692,323252,637944
Gold Coast,2020,2,1248,1250,2498,205,207,412,1453,1457,2910,Gold Coast,185735,189523,375258,36789,32871,69660,222524,222394,444918
Gold Coast,2020,3,1041,1044,2085,140,141,281,1181,1185,2366,Gold Coast,127307,137163,264470,20412,18038,38450,147719,155201,302920
Gold Coast,2020,4,22,22,44,0,0,0,22,22,44,Gold Coast,596,922,1518,0,0,0,596,922,1518
Gold Coast,2020,5,13,13,26,0,0,0,13,13,26,Gold Coast,1025,1272,2297,0,0,0,1025,1272,2297
Gold Coast,2020,6,22,22,44,0,0,0,22,22,44,Gold Coast,2252,2837,5089,0,0,0,2252,2837,5089
Gold Coast,2020,7,157,157,314,0,0,0,157,157,314,Gold Coast,21997,19649,41646,0,0,0,21997,19649,41646
Gold Coast,2020,8,65,65,130,0,0,0,65,65,130,Gold Coast,4075,5636,9711,0,0,0,4075,5636,9711
Gold Coast,2020,9,100,100,200,1,1,2,101,101,202,Gold Coast,10057,10035,20092,0,284,284,10057,10319,20376
Gold Coast,2020,10,156,155,311,0,0,0,156,155,311,Gold Coast,16042,15400,31442,0,0,0,16042,15400,31442
Gold Coast,2020,11,169,169,338,0,0,0,169,169,338,Gold Coast,17802,18453,36255,0,0,0,17802,18453,36255
Gold Coast,2020,12,728,726,1454,0,0,0,728,726,1454,Gold Coast,101843,86257,188100,0,0,0,101843,86257,188100
Gold Coast,2021,1,748,748,1496,0,0,0,748,748,1496,Gold Coast,86476,106520,192996,0,0,0,86476,106520,192996
Gold Coast,2021,2,638,639,1277,0,0,0,638,639,1277,Gold Coast,78519,81407,159926,0,0,0,78519,81407,159926
Gold Coast,2021,3,988,987,1975,0,0,0,988,987,1975,Gold Coast,142324,138815,281139,0,0,0,142324,138815,281139
Gold Coast,2021,4,1520,1517,3037,27,27,54,1547,1544,3091,Gold Coast,197500,199954,397454,1797,2603,4400,199297,202557,401854
Gold Coast,2021,5,1398,1400,2798,79,79,158,1477,1479,2956,Gold Coast,186483,185124,371607,7460,6807,14267,193943,191931,385874
Gold Coast,2021,6,1053,1053,2106,65,64,129,1118,1117,2235,Gold Coast,119201,117418,236619,8198,7736,15934,127399,125154,252553
Gold Coast,2021,7,571,571,1142,55,55,110,626,626,1252,Gold Coast,43177,52264,95441,4205,5438,9643,47382,57702,105084
Gold Coast,2021,8,169,171,340,0,0,0,169,171,340,Gold Coast,5901,6584,12485,0,0,0,5901,6584,12485
Gold Coast,2021,9,186,184,370,0,0,0,186,184,370,Gold Coast,12427,12573,25000,0,0,0,12427,12573,25000
Gold Coast,2021,10,193,193,386,0,0,0,193,193,386,Gold Coast,12556,13379,25935,0,0,0,12556,13379,25935
Gold Coast,2021,11,200,201,401,0,0,0,200,201,401,Gold Coast,17318,18011,35329,0,0,0,17318,18011,35329
Gold Coast,2021,12,1040,1034,2074,0,0,0,1040,1034,2074,Gold Coast,119880,85001,204881,0,0,0,119880,85001,204881
Gold Coast,2022,1,1535,1539,3074,0,0,0,1535,1539,3074,Gold Coast,182877,202648,385525,0,0,0,182877,202648,385525
Gold Coast,2022,2,1039,1037,2076,6,6,12,1045,1043,2088,Gold Coast,151862,151166,303028,301,124,425,152163,151290,303453
Gold Coast,2022,3,1421,1420,2841,27,26,53,1448,1446,2894,Gold Coast,196849,199365,396214,2983,3031,6014,199832,202396,402228
Gold Coast,2022,4,1868,1862,3730,46,46,92,1914,1908,3822,Gold Coast,270544,269351,539895,8060,7695,15755,278604,277046,555650
Gold Coast,2022,5,1675,1674,3349,51,51,102,1726,1725,3451,Gold Coast,217755,220808,438563,9571,8649,18220,227326,229457,456783
Gold Coast,2022,6,1571,1567,3138,85,85,170,1656,1652,3308,Gold Coast,231105,221148,452253,15210,16385,31595,246315,237533,483848
Gold Coast,2022,7,1559,1558,3117,137,136,273,1696,1694,3390,Gold Coast,243878,245747,489625,26229,22633,48862,270107,268380,538487
Gold Coast,2022,8,1428,1428,2856,147,145,292,1575,1573,3148,Gold Coast,216702,218038,434740,25503,25076,50579,242205,243114,485319
Gold Coast,2022,9,1432,1425,2857,145,145,290,1577,1570,3147,Gold Coast,232538,227367,459905,26255,26290,52545,258793,253657,512450
Gold Coast,2022,10,1499,1499,2998,147,148,295,1646,1647,3293,Gold Coast,237083,237880,474963,27812,26387,54199,264895,264267,529162
Gold Coast,2022,11,1472,1471,2943,156,155,311,1628,1626,3254,Gold Coast,231294,233057,464351,28108,29278,57386,259402,262335,521737
Gold Coast,2022,12,1577,1577,3154,147,147,294,1724,1724,3448,Gold Coast,243465,234968,478433,27094,28518,55612,270559,263486,534045
Gold Coast,2023,1,1672,1670,3342,162,160,322,1834,1830,3664,Gold Coast,248670,261906,510576,32363,28659,61022,281033,290565,571598
Gold Coast,2023,2,1270,1275,2545,142,145,287,1412,1420,2832,Gold Coast,188231,187276,375507,28225,26802,55027,216456,214078,430534
Gold Coast,2023,3,1386,1379,2765,164,163,327,1550,1542,3092,Gold Coast,211524,213378,424902,30936,30210,61146,242460,243588,486048
Gold Coast,2023,4,1467,1466,2933,210,210,420,1677,1676,3353,Gold Coast,229806,228478,458284,39214,36705,75919,269020,265183,534203
Gold Coast,2023,5,1355,1351,2706,198,197,395,1553,1548,3101,Gold Coast,205362,205698,411060,32887,30946,63833,238249,236644,474893
Gold Coast,2023,6,1351,1348,2699,205,206,411,1556,1554,3110,Gold Coast,209560,201489,411049,35099,37464,72563,244659,238953,483612
Gold Coast,2023,7,1517,1516,3033,220,222,442,1737,1738,3475,Gold Coast,238507,241729,480236,43785,36661,80446,282292,278390,560682
Gold Coast,2023,8,1430,1424,2854,194,194,388,1624,1618,3242,Gold Coast,218772,220353,439125,34098,33112,67210,252870,253465,506335
Gold Coast,2023,9,1493,1492,2985,209,209,418,1702,1701,3403,Gold Coast,244452,236402,480854,36804,37399,74203,281256,273801,555057
Gold Coast,2023,10,1504,1503,3007,189,189,378,1693,1692,3385,Gold Coast,240543,246162,486705,36152,33809,69961,276695,279971,556666
Gold Coast,2023,11,1424,1426,2850,149,149,298,1573,1575,3148,Gold Coast,229172,231813,460985,25198,26729,51927,254370,258542,512912
Gold Coast,2023,12,1635,1626,3261,171,175,346,1806,1801,3607,Gold Coast,257085,243178,500263,26944,30423,57367,284029,273601,557630
Gold Coast,2024,1,1793,1792,3585,184,184,368,1977,1976,3953,Gold Coast,258128,275765,533893,32659,29658,62317,290787,305423,596210
Gold Coast,2024,2,1346,1348,2694,139,138,277,1485,1486,2971,Gold Coast,212791,214004,426795,23412,22061,45473,236203,236065,472268
Gold Coast,2024,3,1560,1558,3118,148,150,298,1708,1708,3416,Gold Coast,242625,236651,479276,23851,23870,47721,266476,260521,526997
Gold Coast,2024,4,1629,1630,3259,185,183,368,1814,1813,3627,Gold Coast,243096,248009,491105,30213,26508,56721,273309,274517,547826
Gold Coast,2024,5,1336,1336,2672,146,147,293,1482,1483,2965,Gold Coast,208372,208655,417027,22701,21933,44634,231073,230588,461661
Gold Coast,2024,6,1337,1337,2674,157,157,314,1494,1494,2988,Gold Coast,209732,207786,417518,24777,25347,50124,234509,233133,467642
Gold Coast,2024,7,1534,1531,3065,180,179,359,1714,1710,3424,Gold Coast,245886,241774,487660,31207,28850,60057,277093,270624,547717
Gold Coast,2024,8,1275,1273,2548,153,152,305,1428,1425,2853,Gold Coast,215306,216752,432058,26083,25433,51516,241389,242185,483574
Gold Coast,2024,9,1377,1376,2753,170,171,341,1547,1547,3094,Gold Coast,232618,222871,455489,28290,27285,55575,260908,250156,511064
Gold Coast,2024,10,1460,1460,2920,162,160,322,1622,1620,3242,Gold Coast,241841,250122,491963,27448,27488,54936,269289,277610,546899
Gold Coast,2024,11,1305,1305,2610,124,124,248,1429,1429,2858,Gold Coast,217514,218938,436452,20316,21375,41691,237830,240313,478143
Gold Coast,2024,12,1614,1615,3229,183,184,367,1797,1799,3596,Gold Coast,260449,248197,508646,27212,30357,57569,287661,278554,566215
Gold Coast,2025,1,1691,1692,3383,205,204,409,1896,1896,3792,Gold Coast,273674,280022,553696,36425,31551,67976,310099,311573,621672
Gold Coast,2025,2,1179,1179,2358,115,117,232,1294,1296,2590,Gold Coast,188272,192174,380446,19297,19400,38697,207569,211574,419143
Gold Coast,2025,3,1166,1169,2335,117,117,234,1283,1286,2569,Gold Coast,172948,170495,343443,19224,18138,37362,192172,188633,380805
Gold Coast,2025,4,1570,1562,3132,189,189,378,1759,1751,3510,Gold Coast,234401,234110,468511,31192,30080,61272,265593,264190,529783
Gold Coast,2025,5,1330,1325,2655,140,139,279,1470,1464,2934,Gold Coast,206079,205877,411956,23636,22040,45676,229715,227917,457632
Gold Coast,2025,6,1332,1335,2667,158,159,317,1490,1494,2984,Gold Coast,200700,202990,403690,26419,25524,51943,227119,228514,455633
Hamilton Island,1985,1,53,53,106,0,0,0,53,53,106,Hamilton Island,2106,2398,4504,0,0,0,2106,2398,4504
Hamilton Island,1985,2,49,50,99,0,0,0,49,50,99,Hamilton Island,1329,1338,2667,0,0,0,1329,1338,2667
Hamilton Island,1985,3,58,58,116,0,0,0,58,58,116,Hamilton Island,1985,1966,3951,0,0,0,1985,1966,3951
Hamilton Island,1985,4,61,61,122,0,0,0,61,61,122,Hamilton Island,2190,2062,4252,0,0,0,2190,2062,4252
Hamilton Island,1985,5,68,68,136,0,0,0,68,68,136,Hamilton Island,2488,2602,5090,0,0,0,2488,2602,5090
Hamilton Island,1985,6,54,53,107,0,0,0,54,53,107,Hamilton Island,1661,1907,3568,0,0,0,1661,1907,3568
Hamilton Island,1985,7,61,58,119,0,0,0,61,58,119,Hamilton Island,1759,1739,3498,0,0,0,1759,1739,3498
Hamilton Island,1985,8,68,68,136,0,0,0,68,68,136,Hamilton Island,3217,2467,5684,0,0,0,3217,2467,5684
Hamilton Island,1985,9,66,65,131,0,0,0,66,65,131,Hamilton Island,2175,3049,5224,0,0,0,2175,3049,5224
Hamilton Island,1985,10,62,60,122,0,0,0,62,60,122,Hamilton Island,2567,2396,4963,0,0,0,2567,2396,4963
Hamilton Island,1985,11,63,63,126,0,0,0,63,63,126,Hamilton Island,2364,2476,4840,0,0,0,2364,2476,4840
Hamilton Island,1985,12,55,55,110,0,0,0,55,55,110,Hamilton Island,2368,1740,4108,0,0,0,2368,1740,4108
Hamilton Island,1986,1,63,63,126,0,0,0,63,63,126,Hamilton Island,2541,3274,5815,0,0,0,2541,3274,5815
Hamilton Island,1986,2,58,57,115,0,0,0,58,57,115,Hamilton Island,1680,1665,3345,0,0,0,1680,1665,3345
Hamilton Island,1986,3,72,72,144,0,0,0,72,72,144,Hamilton Island,2536,2300,4836,0,0,0,2536,2300,4836
Hamilton Island,1986,4,69,69,138,0,0,0,69,69,138,Hamilton Island,2169,2549,4718,0,0,0,2169,2549,4718
Hamilton Island,1986,5,64,64,128,0,0,0,64,64,128,Hamilton Island,2627,2639,5266,0,0,0,2627,2639,5266
Hamilton Island,1986,6,55,55,110,0,0,0,55,55,110,Hamilton Island,1906,1939,3845,0,0,0,1906,1939,3845
Hamilton Island,1986,7,74,72,146,0,0,0,74,72,146,Hamilton Island,2987,2828,5815,0,0,0,2987,2828,5815
Hamilton Island,1986,8,112,112,224,0,0,0,112,112,224,Hamilton Island,5172,4658,9830,0,0,0,5172,4658,9830
Hamilton Island,1986,9,103,103,206,0,0,0,103,103,206,Hamilton Island,3826,4424,8250,0,0,0,3826,4424,8250
Hamilton Island,1986,10,114,114,228,0,0,0,114,114,228,Hamilton Island,4393,4686,9079,0,0,0,4393,4686,9079
Hamilton Island,1986,11,115,114,229,0,0,0,115,114,229,Hamilton Island,4505,4569,9074,0,0,0,4505,4569,9074
Hamilton Island,1986,12,122,119,241,0,0,0,122,119,241,Hamilton Island,5129,4094,9223,0,0,0,5129,4094,9223
Hamilton Island,1987,1,129,129,258,0,0,0,129,129,258,Hamilton Island,5473,6542,12015,0,0,0,5473,6542,12015
Hamilton Island,1987,2,104,102,206,0,0,0,104,102,206,Hamilton Island,3921,4117,8038,0,0,0,3921,4117,8038
Hamilton Island,1987,3,102,102,204,0,0,0,102,102,204,Hamilton Island,4215,4065,8280,0,0,0,4215,4065,8280
Hamilton Island,1987,4,113,113,226,0,0,0,113,113,226,Hamilton Island,5804,5671,11475,0,0,0,5804,5671,11475
Hamilton Island,1987,5,109,112,221,0,0,0,109,112,221,Hamilton Island,4690,4908,9598,0,0,0,4690,4908,9598
Hamilton Island,1987,6,106,106,212,0,0,0,106,106,212,Hamilton Island,5692,4988,10680,0,0,0,5692,4988,10680
Hamilton Island,1987,7,120,122,242,0,0,0,120,122,242,Hamilton Island,6634,7209,13843,0,0,0,6634,7209,13843
Hamilton Island,1987,8,120,125,245,0,0,0,120,125,245,Hamilton Island,7332,7104,14436,0,0,0,7332,7104,14436
Hamilton Island,1987,9,125,126,251,0,0,0,125,126,251,Hamilton Island,8431,7666,16097,0,0,0,8431,7666,16097
Hamilton Island,1987,10,143,145,288,0,0,0,143,145,288,Hamilton Island,8571,9527,18098,0,0,0,8571,9527,18098
Hamilton Island,1987,11,151,135,286,0,0,0,151,135,286,Hamilton Island,8792,8166,16958,0,0,0,8792,8166,16958
Hamilton Island,1987,12,128,126,254,0,0,0,128,126,254,Hamilton Island,7307,6276,13583,0,0,0,7307,6276,13583
Hamilton Island,1988,1,133,132,265,0,0,0,133,132,265,Hamilton Island,7092,8578,15670,0,0,0,7092,8578,15670
Hamilton Island,1988,2,115,113,228,0,0,0,115,113,228,Hamilton Island,5372,5539,10911,0,0,0,5372,5539,10911
Hamilton Island,1988,3,134,135,269,0,0,0,134,135,269,Hamilton Island,7615,7119,14734,0,0,0,7615,7119,14734
Hamilton Island,1988,4,131,132,263,0,0,0,131,132,263,Hamilton Island,7006,7650,14656,0,0,0,7006,7650,14656
Hamilton Island,1988,5,121,121,242,0,0,0,121,121,242,Hamilton Island,5923,6136,12059,0,0,0,5923,6136,12059
Hamilton Island,1988,6,126,125,251,0,0,0,126,125,251,Hamilton Island,6344,5779,12123,0,0,0,6344,5779,12123
Hamilton Island,1988,7,142,141,283,0,0,0,142,141,283,Hamilton Island,7639,7958,15597,0,0,0,7639,7958,15597
Hamilton Island,1988,8,133,133,266,0,0,0,133,133,266,Hamilton Island,7917,8233,16150,0,0,0,7917,8233,16150
Hamilton Island,1988,9,142,142,284,0,0,0,142,142,284,Hamilton Island,9211,8612,17823,0,0,0,9211,8612,17823
Hamilton Island,1988,10,161,164,325,0,0,0,161,164,325,Hamilton Island,9804,10493,20297,0,0,0,9804,10493,20297
Hamilton Island,1988,11,152,154,306,0,0,0,152,154,306,Hamilton Island,8008,8411,16419,0,0,0,8008,8411,16419
Hamilton Island,1988,12,147,146,293,0,0,0,147,146,293,Hamilton Island,8200,6944,15144,0,0,0,8200,6944,15144
Hamilton Island,1989,1,145,148,293,0,0,0,145,148,293,Hamilton Island,7642,9583,17225,0,0,0,7642,9583,17225
Hamilton Island,1989,2,123,122,245,0,0,0,123,122,245,Hamilton Island,5572,5593,11165,0,0,0,5572,5593,11165
Hamilton Island,1989,3,140,140,280,0,0,0,140,140,280,Hamilton Island,7889,7491,15380,0,0,0,7889,7491,15380
Hamilton Island,1989,4,140,141,281,0,0,0,140,141,281,Hamilton Island,6031,7211,13242,0,0,0,6031,7211,13242
Hamilton Island,1989,5,124,122,246,0,0,0,124,122,246,Hamilton Island,5171,5493,10664,0,0,0,5171,5493,10664
Hamilton Island,1989,6,119,119,238,0,0,0,119,119,238,Hamilton Island,6129,5350,11479,0,0,0,6129,5350,11479
Hamilton Island,1989,7,128,128,256,0,0,0,128,128,256,Hamilton Island,6500,7494,13994,0,0,0,6500,7494,13994
Hamilton Island,1989,8,70,71,141,0,0,0,70,71,141,Hamilton Island,4809,4841,9650,0,0,0,4809,4841,9650
Hamilton Island,1989,9,37,34,71,0,0,0,37,34,71,Hamilton Island,2388,1942,4330,0,0,0,2388,1942,4330
Hamilton Island,1989,10,51,51,102,0,0,0,51,51,102,Hamilton Island,2549,3387,5936,0,0,0,2549,3387,5936
Hamilton Island,1989,11,43,43,86,0,0,0,43,43,86,Hamilton Island,2962,3235,6197,0,0,0,2962,3235,6197
Hamilton Island,1989,12,49,49,98,0,0,0,49,49,98,Hamilton Island,4028,3435,7463,0,0,0,4028,3435,7463
Hamilton Island,1990,1,96,96,192,0,0,0,96,96,192,Hamilton Island,6785,8107,14892,0,0,0,6785,8107,14892
Hamilton Island,1990,2,71,71,142,0,0,0,71,71,142,Hamilton Island,5321,5075,10396,0,0,0,5321,5075,10396
Hamilton Island,1990,3,89,89,178,0,0,0,89,89,178,Hamilton Island,5944,6376,12320,0,0,0,5944,6376,12320
Hamilton Island,1990,4,100,100,200,0,0,0,100,100,200,Hamilton Island,6843,6913,13756,0,0,0,6843,6913,13756
Hamilton Island,1990,5,116,117,233,0,0,0,116,117,233,Hamilton Island,5129,5567,10696,0,0,0,5129,5567,10696
Hamilton Island,1990,6,111,111,222,0,0,0,111,111,222,Hamilton Island,5556,5517,11073,0,0,0,5556,5517,11073
Hamilton Island,1990,7,125,127,252,0,0,0,125,127,252,Hamilton Island,7248,7487,14735,0,0,0,7248,7487,14735
Hamilton Island,1990,8,118,118,236,0,0,0,118,118,236,Hamilton Island,7007,6917,13924,0,0,0,7007,6917,13924
Hamilton Island,1990,9,126,127,253,0,0,0,126,127,253,Hamilton Island,9652,8695,18347,0,0,0,9652,8695,18347
Hamilton Island,1990,10,117,116,233,0,0,0,117,116,233,Hamilton Island,9014,9647,18661,0,0,0,9014,9647,18661
Hamilton Island,1990,11,154,154,308,0,0,0,154,154,308,Hamilton Island,9779,10099,19878,0,0,0,9779,10099,19878
Hamilton Island,1990,12,141,139,280,0,0,0,141,139,280,Hamilton Island,10739,9454,20193,0,0,0,10739,9454,20193
Hamilton Island,1991,1,136,137,273,0,0,0,136,137,273,Hamilton Island,9048,11008,20056,0,0,0,9048,11008,20056
Hamilton Island,1991,2,109,108,217,0,0,0,109,108,217,Hamilton Island,4917,5335,10252,0,0,0,4917,5335,10252
Hamilton Island,1991,3,119,118,237,0,0,0,119,118,237,Hamilton Island,6548,5489,12037,0,0,0,6548,5489,12037
Hamilton Island,1991,4,119,118,237,0,0,0,119,118,237,Hamilton Island,6682,7654,14336,0,0,0,6682,7654,14336
Hamilton Island,1991,5,116,114,230,0,0,0,116,114,230,Hamilton Island,5295,5622,10917,0,0,0,5295,5622,10917
Hamilton Island,1991,6,129,129,258,0,0,0,129,129,258,Hamilton Island,8024,7336,15360,0,0,0,8024,7336,15360
Hamilton Island,1991,7,154,154,308,0,0,0,154,154,308,Hamilton Island,10363,10824,21187,0,0,0,10363,10824,21187
Hamilton Island,1991,8,125,125,250,0,0,0,125,125,250,Hamilton Island,8887,8675,17562,0,0,0,8887,8675,17562
Hamilton Island,1991,9,147,145,292,0,0,0,147,145,292,Hamilton Island,10979,10231,21210,0,0,0,10979,10231,21210
Hamilton Island,1991,10,161,161,322,0,0,0,161,161,322,Hamilton Island,11688,12714,24402,0,0,0,11688,12714,24402
Hamilton Island,1991,11,148,148,296,0,0,0,148,148,296,Hamilton Island,10987,10866,21853,0,0,0,10987,10866,21853
Hamilton Island,1991,12,155,155,310,0,0,0,155,155,310,Hamilton Island,11416,9518,20934,0,0,0,11416,9518,20934
Hamilton Island,1992,1,148,147,295,0,0,0,148,147,295,Hamilton Island,8997,11594,20591,0,0,0,8997,11594,20591
Hamilton Island,1992,2,108,110,218,0,0,0,108,110,218,Hamilton Island,7399,7526,14925,0,0,0,7399,7526,14925
Hamilton Island,1992,3,125,123,248,0,0,0,125,123,248,Hamilton Island,8526,8509,17035,0,0,0,8526,8509,17035
Hamilton Island,1992,4,115,115,230,0,0,0,115,115,230,Hamilton Island,8605,8678,17283,0,0,0,8605,8678,17283
Hamilton Island,1992,5,106,106,212,0,0,0,106,106,212,Hamilton Island,6818,7272,14090,0,0,0,6818,7272,14090
Hamilton Island,1992,6,104,104,208,0,0,0,104,104,208,Hamilton Island,6837,6538,13375,0,0,0,6837,6538,13375
Hamilton Island,1992,7,101,101,202,0,0,0,101,101,202,Hamilton Island,7050,6968,14018,0,0,0,7050,6968,14018
Hamilton Island,1992,8,107,106,213,0,0,0,107,106,213,Hamilton Island,8893,8455,17348,0,0,0,8893,8455,17348
Hamilton Island,1992,9,110,111,221,0,0,0,110,111,221,Hamilton Island,10121,9156,19277,0,0,0,10121,9156,19277
Hamilton Island,1992,10,130,130,260,0,0,0,130,130,260,Hamilton Island,11571,12079,23650,0,0,0,11571,12079,23650
Hamilton Island,1992,11,160,156,316,0,0,0,160,156,316,Hamilton Island,12581,12498,25079,0,0,0,12581,12498,25079
Hamilton Island,1992,12,161,159,320,0,0,0,161,159,320,Hamilton Island,12517,10873,23390,0,0,0,12517,10873,23390
Hamilton Island,1993,1,149,152,301,0,0,0,149,152,301,Hamilton Island,10900,13513,24413,0,0,0,10900,13513,24413
Hamilton Island,1993,2,124,124,248,0,0,0,124,124,248,Hamilton Island,8627,8804,17431,0,0,0,8627,8804,17431
Hamilton Island,1993,3,143,142,285,0,0,0,143,142,285,Hamilton Island,10574,9540,20114,0,0,0,10574,9540,20114
Hamilton Island,1993,4,150,150,300,0,0,0,150,150,300,Hamilton Island,11168,11772,22940,0,0,0,11168,11772,22940
Hamilton Island,1993,5,125,126,251,0,0,0,125,126,251,Hamilton Island,8671,8852,17523,0,0,0,8671,8852,17523
Hamilton Island,1993,6,118,118,236,0,0,0,118,118,236,Hamilton Island,9268,8576,17844,0,0,0,9268,8576,17844
Hamilton Island,1993,7,143,142,285,0,0,0,143,142,285,Hamilton Island,10234,10438,20672,0,0,0,10234,10438,20672
Hamilton Island,1993,8,155,155,310,0,0,0,155,155,310,Hamilton Island,11933,11581,23514,0,0,0,11933,11581,23514
Hamilton Island,1993,9,145,146,291,0,0,0,145,146,291,Hamilton Island,12312,11584,23896,0,0,0,12312,11584,23896
Hamilton Island,1993,10,184,186,370,0,0,0,184,186,370,Hamilton Island,14220,14668,28888,0,0,0,14220,14668,28888
Hamilton Island,1993,11,168,169,337,0,0,0,168,169,337,Hamilton Island,12367,12602,24969,0,0,0,12367,12602,24969
Hamilton Island,1993,12,178,178,356,0,0,0,178,178,356,Hamilton Island,13180,11071,24251,0,0,0,13180,11071,24251
Hamilton Island,1994,1,176,176,352,0,0,0,176,176,352,Hamilton Island,12382,14955,27337,0,0,0,12382,14955,27337
Hamilton Island,1994,2,152,151,303,0,0,0,152,151,303,Hamilton Island,11168,10781,21949,0,0,0,11168,10781,21949
Hamilton Island,1994,3,176,176,352,0,0,0,176,176,352,Hamilton Island,12818,12525,25343,0,0,0,12818,12525,25343
Hamilton Island,1994,4,171,171,342,0,0,0,171,171,342,Hamilton Island,12106,12090,24196,0,0,0,12106,12090,24196
Hamilton Island,1994,5,166,166,332,0,0,0,166,166,332,Hamilton Island,9669,9993,19662,0,0,0,9669,9993,19662
Hamilton Island,1994,6,157,157,314,0,0,0,157,157,314,Hamilton Island,9974,9364,19338,0,0,0,9974,9364,19338
Hamilton Island,1994,7,172,172,344,0,0,0,172,172,344,Hamilton Island,11733,10983,22716,0,0,0,11733,10983,22716
Hamilton Island,1994,8,172,171,343,0,0,0,172,171,343,Hamilton Island,12638,12516,25154,0,0,0,12638,12516,25154
Hamilton Island,1994,9,179,179,358,0,0,0,179,179,358,Hamilton Island,15105,14215,29320,0,0,0,15105,14215,29320
Hamilton Island,1994,10,211,210,421,0,0,0,211,210,421,Hamilton Island,17228,17065,34293,0,0,0,17228,17065,34293
Hamilton Island,1994,11,203,197,400,0,0,0,203,197,400,Hamilton Island,15140,15588,30728,0,0,0,15140,15588,30728
Hamilton Island,1994,12,213,212,425,0,0,0,213,212,425,Hamilton Island,15122,13484,28606,0,0,0,15122,13484,28606
Hamilton Island,1995,1,195,195,390,0,0,0,195,195,390,Hamilton Island,14267,16750,31017,0,0,0,14267,16750,31017
Hamilton Island,1995,2,154,153,307,0,0,0,154,153,307,Hamilton Island,10557,10561,21118,0,0,0,10557,10561,21118
Hamilton Island,1995,3,173,173,346,0,0,0,173,173,346,Hamilton Island,11926,11876,23802,0,0,0,11926,11876,23802
Hamilton Island,1995,4,185,184,369,0,0,0,185,184,369,Hamilton Island,13325,12885,26210,0,0,0,13325,12885,26210
Hamilton Island,1995,5,168,168,336,0,0,0,168,168,336,Hamilton Island,9694,10181,19875,0,0,0,9694,10181,19875
Hamilton Island,1995,6,152,152,304,0,0,0,152,152,304,Hamilton Island,10141,10066,20207,0,0,0,10141,10066,20207
Hamilton Island,1995,7,174,174,348,0,0,0,174,174,348,Hamilton Island,11666,10751,22417,0,0,0,11666,10751,22417
Hamilton Island,1995,8,180,177,357,0,0,0,180,177,357,Hamilton Island,11966,11858,23824,0,0,0,11966,11858,23824
Hamilton Island,1995,9,178,178,356,0,0,0,178,178,356,Hamilton Island,14280,12851,27131,0,0,0,14280,12851,27131
Hamilton Island,1995,10,212,212,424,0,0,0,212,212,424,Hamilton Island,15700,16151,31851,0,0,0,15700,16151,31851
Hamilton Island,1995,11,206,205,411,0,0,0,206,205,411,Hamilton Island,14243,14556,28799,0,0,0,14243,14556,28799
Hamilton Island,1995,12,207,207,414,0,0,0,207,207,414,Hamilton Island,15390,13417,28807,0,0,0,15390,13417,28807
Hamilton Island,1996,1,195,195,390,0,0,0,195,195,390,Hamilton Island,15076,16985,32061,0,0,0,15076,16985,32061
Hamilton Island,1996,2,159,158,317,0,0,0,159,158,317,Hamilton Island,11531,11623,23154,0,0,0,11531,11623,23154
Hamilton Island,1996,3,162,162,324,0,0,0,162,162,324,Hamilton Island,12183,11941,24124,0,0,0,12183,11941,24124
Hamilton Island,1996,4,173,173,346,0,0,0,173,173,346,Hamilton Island,12587,12135,24722,0,0,0,12587,12135,24722
Hamilton Island,1996,5,152,151,303,0,0,0,152,151,303,Hamilton Island,8549,9103,17652,0,0,0,8549,9103,17652
Hamilton Island,1996,6,150,150,300,0,0,0,150,150,300,Hamilton Island,10620,10125,20745,0,0,0,10620,10125,20745
Hamilton Island,1996,7,163,161,324,0,0,0,163,161,324,Hamilton Island,10396,10256,20652,0,0,0,10396,10256,20652
Hamilton Island,1996,8,150,150,300,0,0,0,150,150,300,Hamilton Island,11292,10070,21362,0,0,0,11292,10070,21362
Hamilton Island,1996,9,163,163,326,0,0,0,163,163,326,Hamilton Island,14400,13339,27739,0,0,0,14400,13339,27739
Hamilton Island,1996,10,187,187,374,0,0,0,187,187,374,Hamilton Island,15535,15640,31175,0,0,0,15535,15640,31175
Hamilton Island,1996,11,172,172,344,0,0,0,172,172,344,Hamilton Island,13613,14110,27723,0,0,0,13613,14110,27723
Hamilton Island,1996,12,183,183,366,0,0,0,183,183,366,Hamilton Island,15168,13321,28489,0,0,0,15168,13321,28489
Hamilton Island,1997,1,179,179,358,0,0,0,179,179,358,Hamilton Island,13764,16119,29883,0,0,0,13764,16119,29883
Hamilton Island,1997,2,144,142,286,0,0,0,144,142,286,Hamilton Island,10267,10584,20851,0,0,0,10267,10584,20851
Hamilton Island,1997,3,161,161,322,0,0,0,161,161,322,Hamilton Island,11988,10738,22726,0,0,0,11988,10738,22726
Hamilton Island,1997,4,154,155,309,0,0,0,154,155,309,Hamilton Island,10505,11187,21692,0,0,0,10505,11187,21692
Hamilton Island,1997,5,139,139,278,0,0,0,139,139,278,Hamilton Island,9839,9709,19548,0,0,0,9839,9709,19548
Hamilton Island,1997,6,145,144,289,0,0,0,145,144,289,Hamilton Island,10860,10639,21499,0,0,0,10860,10639,21499
Hamilton Island,1997,7,149,148,297,0,0,0,149,148,297,Hamilton Island,11165,11634,22799,0,0,0,11165,11634,22799
Hamilton Island,1997,8,150,150,300,0,0,0,150,150,300,Hamilton Island,12454,11701,24155,0,0,0,12454,11701,24155
Hamilton Island,1997,9,160,159,319,0,0,0,160,159,319,Hamilton Island,14942,14225,29167,0,0,0,14942,14225,29167
Hamilton Island,1997,10,174,174,348,0,0,0,174,174,348,Hamilton Island,15993,16812,32805,0,0,0,15993,16812,32805
Hamilton Island,1997,11,165,165,330,0,0,0,165,165,330,Hamilton Island,14680,14655,29335,0,0,0,14680,14655,29335
Hamilton Island,1997,12,173,172,345,0,0,0,173,172,345,Hamilton Island,14072,12329,26401,0,0,0,14072,12329,26401
Hamilton Island,1998,1,188,187,375,0,0,0,188,187,375,Hamilton Island,14012,15894,29906,0,0,0,14012,15894,29906
Hamilton Island,1998,2,128,128,256,0,0,0,128,128,256,Hamilton Island,9322,9293,18615,0,0,0,9322,9293,18615
Hamilton Island,1998,3,158,157,315,0,0,0,158,157,315,Hamilton Island,10591,10181,20772,0,0,0,10591,10181,20772
Hamilton Island,1998,4,167,167,334,0,0,0,167,167,334,Hamilton Island,11649,11882,23531,0,0,0,11649,11882,23531
Hamilton Island,1998,5,166,166,332,0,0,0,166,166,332,Hamilton Island,10144,10431,20575,0,0,0,10144,10431,20575
Hamilton Island,1998,6,138,138,276,0,0,0,138,138,276,Hamilton Island,10322,9735,20057,0,0,0,10322,9735,20057
Hamilton Island,1998,7,145,145,290,0,0,0,145,145,290,Hamilton Island,11018,11210,22228,0,0,0,11018,11210,22228
Hamilton Island,1998,8,144,144,288,0,0,0,144,144,288,Hamilton Island,11658,11401,23059,0,0,0,11658,11401,23059
Hamilton Island,1998,9,149,150,299,0,0,0,149,150,299,Hamilton Island,13941,13071,27012,0,0,0,13941,13071,27012
Hamilton Island,1998,10,161,161,322,0,0,0,161,161,322,Hamilton Island,15711,16111,31822,0,0,0,15711,16111,31822
Hamilton Island,1998,11,167,166,333,0,0,0,167,166,333,Hamilton Island,15332,15907,31239,0,0,0,15332,15907,31239
Hamilton Island,1998,12,174,173,347,0,0,0,174,173,347,Hamilton Island,15365,13878,29243,0,0,0,15365,13878,29243
Hamilton Island,1999,1,182,182,364,0,0,0,182,182,364,Hamilton Island,14932,17258,32190,0,0,0,14932,17258,32190
Hamilton Island,1999,2,143,144,287,0,0,0,143,144,287,Hamilton Island,10007,10228,20235,0,0,0,10007,10228,20235
Hamilton Island,1999,3,152,151,303,0,0,0,152,151,303,Hamilton Island,12128,11286,23414,0,0,0,12128,11286,23414
Hamilton Island,1999,4,147,148,295,0,0,0,147,148,295,Hamilton Island,12612,13086,25698,0,0,0,12612,13086,25698
Hamilton Island,1999,5,141,141,282,0,0,0,141,141,282,Hamilton Island,9729,10224,19953,0,0,0,9729,10224,19953
Hamilton Island,1999,6,136,136,272,0,0,0,136,136,272,Hamilton Island,10544,9528,20072,0,0,0,10544,9528,20072
Hamilton Island,1999,7,156,157,313,0,0,0,156,157,313,Hamilton Island,11850,12488,24338,0,0,0,11850,12488,24338
Hamilton Island,1999,8,159,159,318,0,0,0,159,159,318,Hamilton Island,13062,12316,25378,0,0,0,13062,12316,25378
Hamilton Island,1999,9,153,153,306,0,0,0,153,153,306,Hamilton Island,16049,15031,31080,0,0,0,16049,15031,31080
Hamilton Island,1999,10,167,167,334,0,0,0,167,167,334,Hamilton Island,16158,16951,33109,0,0,0,16158,16951,33109
Hamilton Island,1999,11,170,169,339,0,0,0,170,169,339,Hamilton Island,15059,15357,30416,0,0,0,15059,15357,30416
Hamilton Island,1999,12,178,178,356,0,0,0,178,178,356,Hamilton Island,14602,13226,27828,0,0,0,14602,13226,27828
Hamilton Island,2000,1,194,194,388,0,0,0,194,194,388,Hamilton Island,14887,17294,32181,0,0,0,14887,17294,32181
Hamilton Island,2000,2,177,177,354,0,0,0,177,177,354,Hamilton Island,11492,11564,23056,0,0,0,11492,11564,23056
Hamilton Island,2000,3,192,192,384,0,0,0,192,192,384,Hamilton Island,13069,12589,25658,0,0,0,13069,12589,25658
Hamilton Island,2000,4,207,207,414,0,0,0,207,207,414,Hamilton Island,14524,14673,29197,0,0,0,14524,14673,29197
Hamilton Island,2000,5,191,190,381,0,0,0,191,190,381,Hamilton Island,10891,11569,22460,0,0,0,10891,11569,22460
Hamilton Island,2000,6,197,197,394,0,0,0,197,197,394,Hamilton Island,12017,11256,23273,0,0,0,12017,11256,23273
Hamilton Island,2000,7,187,187,374,0,0,0,187,187,374,Hamilton Island,10803,11230,22033,0,0,0,10803,11230,22033
Hamilton Island,2000,8,197,195,392,0,0,0,197,195,392,Hamilton Island,13400,12909,26309,0,0,0,13400,12909,26309
Hamilton Island,2000,9,200,201,401,0,0,0,200,201,401,Hamilton Island,14928,14806,29734,0,0,0,14928,14806,29734
Hamilton Island,2000,10,210,210,420,0,0,0,210,210,420,Hamilton Island,15156,15777,30933,0,0,0,15156,15777,30933
Hamilton Island,2000,11,214,214,428,0,0,0,214,214,428,Hamilton Island,15353,15229,30582,0,0,0,15353,15229,30582
Hamilton Island,2000,12,228,228,456,0,0,0,228,228,456,Hamilton Island,15485,14198,29683,0,0,0,15485,14198,29683
Hamilton Island,2001,1,229,229,458,0,0,0,229,229,458,Hamilton Island,14728,16802,31530,0,0,0,14728,16802,31530
Hamilton Island,2001,2,191,191,382,0,0,0,191,191,382,Hamilton Island,10135,10461,20596,0,0,0,10135,10461,20596
Hamilton Island,2001,3,215,214,429,0,0,0,215,214,429,Hamilton Island,12771,12629,25400,0,0,0,12771,12629,25400
Hamilton Island,2001,4,205,204,409,0,0,0,205,204,409,Hamilton Island,12604,12632,25236,0,0,0,12604,12632,25236
Hamilton Island,2001,5,205,205,410,0,0,0,205,205,410,Hamilton Island,10300,10712,21012,0,0,0,10300,10712,21012
Hamilton Island,2001,6,203,203,406,0,0,0,203,203,406,Hamilton Island,10432,10222,20654,0,0,0,10432,10222,20654
Hamilton Island,2001,7,213,212,425,0,0,0,213,212,425,Hamilton Island,11847,11984,23831,0,0,0,11847,11984,23831
Hamilton Island,2001,8,211,210,421,0,0,0,211,210,421,Hamilton Island,12087,12052,24139,0,0,0,12087,12052,24139
Hamilton Island,2001,9,182,181,363,0,0,0,182,181,363,Hamilton Island,11334,11072,22406,0,0,0,11334,11072,22406
Hamilton Island,2001,10,157,159,316,0,0,0,157,159,316,Hamilton Island,9063,9484,18547,0,0,0,9063,9484,18547
Hamilton Island,2001,11,150,150,300,0,0,0,150,150,300,Hamilton Island,10014,9972,19986,0,0,0,10014,9972,19986
Hamilton Island,2001,12,164,162,326,0,0,0,164,162,326,Hamilton Island,11704,10686,22390,0,0,0,11704,10686,22390
Hamilton Island,2002,1,158,156,314,0,0,0,158,156,314,Hamilton Island,10950,12199,23149,0,0,0,10950,12199,23149
Hamilton Island,2002,2,133,133,266,0,0,0,133,133,266,Hamilton Island,9295,9390,18685,0,0,0,9295,9390,18685
Hamilton Island,2002,3,156,156,312,0,0,0,156,156,312,Hamilton Island,10887,10191,21078,0,0,0,10887,10191,21078
Hamilton Island,2002,4,150,150,300,0,0,0,150,150,300,Hamilton Island,10313,10930,21243,0,0,0,10313,10930,21243
Hamilton Island,2002,5,149,149,298,0,0,0,149,149,298,Hamilton Island,8703,9095,17798,0,0,0,8703,9095,17798
Hamilton Island,2002,6,129,129,258,0,0,0,129,129,258,Hamilton Island,7619,7452,15071,0,0,0,7619,7452,15071
Hamilton Island,2002,7,176,176,352,0,0,0,176,176,352,Hamilton Island,10377,10538,20915,0,0,0,10377,10538,20915
Hamilton Island,2002,8,181,181,362,0,0,0,181,181,362,Hamilton Island,11768,11632,23400,0,0,0,11768,11632,23400
Hamilton Island,2002,9,176,176,352,0,0,0,176,176,352,Hamilton Island,13122,11989,25111,0,0,0,13122,11989,25111
Hamilton Island,2002,10,180,179,359,0,0,0,180,179,359,Hamilton Island,13959,14397,28356,0,0,0,13959,14397,28356
Hamilton Island,2002,11,173,173,346,0,0,0,173,173,346,Hamilton Island,12822,13663,26485,0,0,0,12822,13663,26485
Hamilton Island,2002,12,188,188,376,0,0,0,188,188,376,Hamilton Island,13627,11945,25572,0,0,0,13627,11945,25572
Hamilton Island,2003,1,190,190,380,0,0,0,190,190,380,Hamilton Island,13441,15601,29042,0,0,0,13441,15601,29042
Hamilton Island,2003,2,167,168,335,0,0,0,167,168,335,Hamilton Island,9513,9624,19137,0,0,0,9513,9624,19137
Hamilton Island,2003,3,188,189,377,0,0,0,188,189,377,Hamilton Island,10865,10985,21850,0,0,0,10865,10985,21850
Hamilton Island,2003,4,166,166,332,0,0,0,166,166,332,Hamilton Island,11581,11393,22974,0,0,0,11581,11393,22974
Hamilton Island,2003,5,154,154,308,0,0,0,154,154,308,Hamilton Island,9463,9878,19341,0,0,0,9463,9878,19341
Hamilton Island,2003,6,148,146,294,0,0,0,148,146,294,Hamilton Island,10053,9244,19297,0,0,0,10053,9244,19297
Hamilton Island,2003,7,160,160,320,0,0,0,160,160,320,Hamilton Island,12398,13023,25421,0,0,0,12398,13023,25421
Hamilton Island,2003,8,203,202,405,0,0,0,203,202,405,Hamilton Island,14448,14243,28691,0,0,0,14448,14243,28691
Hamilton Island,2003,9,203,203,406,0,0,0,203,203,406,Hamilton Island,16520,14904,31424,0,0,0,16520,14904,31424
Hamilton Island,2003,10,228,228,456,0,0,0,228,228,456,Hamilton Island,16783,18366,35149,0,0,0,16783,18366,35149
Hamilton Island,2003,11,209,209,418,0,0,0,209,209,418,Hamilton Island,15351,15662,31013,0,0,0,15351,15662,31013
Hamilton Island,2003,12,227,227,454,0,0,0,227,227,454,Hamilton Island,16071,14238,30309,0,0,0,16071,14238,30309
Hamilton Island,2004,1,234,234,468,0,0,0,234,234,468,Hamilton Island,15875,18694,34569,0,0,0,15875,18694,34569
Hamilton Island,2004,2,194,194,388,0,0,0,194,194,388,Hamilton Island,11145,11632,22777,0,0,0,11145,11632,22777
Hamilton Island,2004,3,193,192,385,0,0,0,193,192,385,Hamilton Island,12841,12793,25634,0,0,0,12841,12793,25634
Hamilton Island,2004,4,196,195,391,0,0,0,196,195,391,Hamilton Island,13938,14122,28060,0,0,0,13938,14122,28060
Hamilton Island,2004,5,188,188,376,0,0,0,188,188,376,Hamilton Island,10578,11099,21677,0,0,0,10578,11099,21677
Hamilton Island,2004,6,165,166,331,0,0,0,165,166,331,Hamilton Island,12627,11627,24254,0,0,0,12627,11627,24254
Hamilton Island,2004,7,167,168,335,0,0,0,167,168,335,Hamilton Island,14045,14934,28979,0,0,0,14045,14934,28979
Hamilton Island,2004,8,180,180,360,0,0,0,180,180,360,Hamilton Island,15608,15070,30678,0,0,0,15608,15070,30678
Hamilton Island,2004,9,177,177,354,0,0,0,177,177,354,Hamilton Island,18352,16838,35190,0,0,0,18352,16838,35190
Hamilton Island,2004,10,191,191,382,0,0,0,191,191,382,Hamilton Island,18874,20268,39142,0,0,0,18874,20268,39142
Hamilton Island,2004,11,166,165,331,0,0,0,166,165,331,Hamilton Island,14973,15810,30783,0,0,0,14973,15810,30783
Hamilton Island,2004,12,185,186,371,0,0,0,185,186,371,Hamilton Island,15970,13895,29865,0,0,0,15970,13895,29865
Hamilton Island,2005,1,173,174,347,0,0,0,173,174,347,Hamilton Island,15111,17945,33056,0,0,0,15111,17945,33056
Hamilton Island,2005,2,146,146,292,0,0,0,146,146,292,Hamilton Island,11180,11143,22323,0,0,0,11180,11143,22323
Hamilton Island,2005,3,154,155,309,0,0,0,154,155,309,Hamilton Island,14811,14154,28965,0,0,0,14811,14154,28965
Hamilton Island,2005,4,152,151,303,0,0,0,152,151,303,Hamilton Island,14453,14919,29372,0,0,0,14453,14919,29372
Hamilton Island,2005,5,148,148,296,0,0,0,148,148,296,Hamilton Island,11575,12734,24309,0,0,0,11575,12734,24309
Hamilton Island,2005,6,151,151,302,0,0,0,151,151,302,Hamilton Island,12950,11758,24708,0,0,0,12950,11758,24708
Hamilton Island,2005,7,197,197,394,0,0,0,197,197,394,Hamilton Island,16052,16952,33004,0,0,0,16052,16952,33004
Hamilton Island,2005,8,199,199,398,0,0,0,199,199,398,Hamilton Island,17157,17387,34544,0,0,0,17157,17387,34544
Hamilton Island,2005,9,194,194,388,0,0,0,194,194,388,Hamilton Island,20317,18791,39108,0,0,0,20317,18791,39108
Hamilton Island,2005,10,206,206,412,0,0,0,206,206,412,Hamilton Island,21696,22875,44571,0,0,0,21696,22875,44571
Hamilton Island,2005,11,217,218,435,0,0,0,217,218,435,Hamilton Island,18939,19718,38657,0,0,0,18939,19718,38657
Hamilton Island,2005,12,225,225,450,0,0,0,225,225,450,Hamilton Island,19426,18114,37540,0,0,0,19426,18114,37540
Hamilton Island,2006,1,217,218,435,0,0,0,217,218,435,Hamilton Island,21321,23776,45097,0,0,0,21321,23776,45097
Hamilton Island,2006,2,167,168,335,0,0,0,167,168,335,Hamilton Island,14350,14356,28706,0,0,0,14350,14356,28706
Hamilton Island,2006,3,186,186,372,0,0,0,186,186,372,Hamilton Island,17252,16986,34238,0,0,0,17252,16986,34238
Hamilton Island,2006,4,189,189,378,0,0,0,189,189,378,Hamilton Island,19468,19580,39048,0,0,0,19468,19580,39048
Hamilton Island,2006,5,185,185,370,0,0,0,185,185,370,Hamilton Island,14220,15446,29666,0,0,0,14220,15446,29666
Hamilton Island,2006,6,177,179,356,0,0,0,177,179,356,Hamilton Island,14447,13425,27872,0,0,0,14447,13425,27872
Hamilton Island,2006,7,191,193,384,0,0,0,191,193,384,Hamilton Island,20457,21746,42203,0,0,0,20457,21746,42203
Hamilton Island,2006,8,181,183,364,0,0,0,181,183,364,Hamilton Island,19189,18927,38116,0,0,0,19189,18927,38116
Hamilton Island,2006,9,181,181,362,0,0,0,181,181,362,Hamilton Island,22971,21551,44522,0,0,0,22971,21551,44522
Hamilton Island,2006,10,196,197,393,0,0,0,196,197,393,Hamilton Island,23935,24865,48800,0,0,0,23935,24865,48800
Hamilton Island,2006,11,213,213,426,0,0,0,213,213,426,Hamilton Island,21283,21568,42851,0,0,0,21283,21568,42851
Hamilton Island,2006,12,215,215,430,0,0,0,215,215,430,Hamilton Island,20339,19288,39627,0,0,0,20339,19288,39627
Hamilton Island,2007,1,210,208,418,0,0,0,210,208,418,Hamilton Island,20819,23061,43880,0,0,0,20819,23061,43880
Hamilton Island,2007,2,162,164,326,0,0,0,162,164,326,Hamilton Island,14902,14838,29740,0,0,0,14902,14838,29740
Hamilton Island,2007,3,195,195,390,0,0,0,195,195,390,Hamilton Island,18121,17958,36079,0,0,0,18121,17958,36079
Hamilton Island,2007,4,186,186,372,0,0,0,186,186,372,Hamilton Island,18474,18652,37126,0,0,0,18474,18652,37126
Hamilton Island,2007,5,185,183,368,0,0,0,185,183,368,Hamilton Island,15349,15328,30677,0,0,0,15349,15328,30677
Hamilton Island,2007,6,187,185,372,0,0,0,187,185,372,Hamilton Island,16262,16058,32320,0,0,0,16262,16058,32320
Hamilton Island,2007,7,192,192,384,0,0,0,192,192,384,Hamilton Island,18998,19663,38661,0,0,0,18998,19663,38661
Hamilton Island,2007,8,187,187,374,0,0,0,187,187,374,Hamilton Island,20773,19860,40633,0,0,0,20773,19860,40633
Hamilton Island,2007,9,182,182,364,0,0,0,182,182,364,Hamilton Island,23127,22268,45395,0,0,0,23127,22268,45395
Hamilton Island,2007,10,189,190,379,0,0,0,189,190,379,Hamilton Island,24053,24769,48822,0,0,0,24053,24769,48822
Hamilton Island,2007,11,193,193,386,0,0,0,193,193,386,Hamilton Island,22040,22172,44212,0,0,0,22040,22172,44212
Hamilton Island,2007,12,195,195,390,0,0,0,195,195,390,Hamilton Island,20736,19989,40725,0,0,0,20736,19989,40725
Hamilton Island,2008,1,192,194,386,0,0,0,192,194,386,Hamilton Island,19460,22374,41834,0,0,0,19460,22374,41834
Hamilton Island,2008,2,153,152,305,0,0,0,153,152,305,Hamilton Island,15261,15231,30492,0,0,0,15261,15231,30492
Hamilton Island,2008,3,183,183,366,0,0,0,183,183,366,Hamilton Island,19277,18868,38145,0,0,0,19277,18868,38145
Hamilton Island,2008,4,180,180,360,0,0,0,180,180,360,Hamilton Island,17774,18171,35945,0,0,0,17774,18171,35945
Hamilton Island,2008,5,170,170,340,0,0,0,170,170,340,Hamilton Island,14992,15615,30607,0,0,0,14992,15615,30607
Hamilton Island,2008,6,169,169,338,0,0,0,169,169,338,Hamilton Island,14714,13660,28374,0,0,0,14714,13660,28374
Hamilton Island,2008,7,180,180,360,0,0,0,180,180,360,Hamilton Island,18332,19211,37543,0,0,0,18332,19211,37543
Hamilton Island,2008,8,162,162,324,0,0,0,162,162,324,Hamilton Island,17420,17276,34696,0,0,0,17420,17276,34696
Hamilton Island,2008,9,170,170,340,0,0,0,170,170,340,Hamilton Island,21640,20052,41692,0,0,0,21640,20052,41692
Hamilton Island,2008,10,183,183,366,0,0,0,183,183,366,Hamilton Island,23567,24518,48085,0,0,0,23567,24518,48085
Hamilton Island,2008,11,155,155,310,0,0,0,155,155,310,Hamilton Island,19515,20298,39813,0,0,0,19515,20298,39813
Hamilton Island,2008,12,158,158,316,0,0,0,158,158,316,Hamilton Island,19144,18117,37261,0,0,0,19144,18117,37261
Hamilton Island,2009,1,161,161,322,0,0,0,161,161,322,Hamilton Island,19233,21400,40633,0,0,0,19233,21400,40633
Hamilton Island,2009,2,133,136,269,0,0,0,133,136,269,Hamilton Island,13441,13381,26822,0,0,0,13441,13381,26822
Hamilton Island,2009,3,151,151,302,0,0,0,151,151,302,Hamilton Island,16418,16376,32794,0,0,0,16418,16376,32794
Hamilton Island,2009,4,150,150,300,0,0,0,150,150,300,Hamilton Island,17439,17532,34971,0,0,0,17439,17532,34971
Hamilton Island,2009,5,148,150,298,0,0,0,148,150,298,Hamilton Island,14959,15330,30289,0,0,0,14959,15330,30289
Hamilton Island,2009,6,147,148,295,0,0,0,147,148,295,Hamilton Island,15081,14625,29706,0,0,0,15081,14625,29706
Hamilton Island,2009,7,178,180,358,0,0,0,178,180,358,Hamilton Island,19347,19839,39186,0,0,0,19347,19839,39186
Hamilton Island,2009,8,186,187,373,0,0,0,186,187,373,Hamilton Island,20162,20478,40640,0,0,0,20162,20478,40640
Hamilton Island,2009,9,180,180,360,0,0,0,180,180,360,Hamilton Island,23005,22603,45608,0,0,0,23005,22603,45608
Hamilton Island,2009,10,186,186,372,0,0,0,186,186,372,Hamilton Island,24217,24561,48778,0,0,0,24217,24561,48778
Hamilton Island,2009,11,180,180,360,0,0,0,180,180,360,Hamilton Island,22397,22966,45363,0,0,0,22397,22966,45363
Hamilton Island,2009,12,186,186,372,0,0,0,186,186,372,Hamilton Island,21234,20414,41648,0,0,0,21234,20414,41648
Hamilton Island,2010,1,185,185,370,0,0,0,185,185,370,Hamilton Island,21471,23160,44631,0,0,0,21471,23160,44631
Hamilton Island,2010,2,166,166,332,0,0,0,166,166,332,Hamilton Island,16794,16718,33512,0,0,0,16794,16718,33512
Hamilton Island,2010,3,175,175,350,0,0,0,175,175,350,Hamilton Island,17924,17626,35550,0,0,0,17924,17626,35550
Hamilton Island,2010,4,180,179,359,0,0,0,180,179,359,Hamilton Island,19470,19653,39123,0,0,0,19470,19653,39123
Hamilton Island,2010,5,170,170,340,0,0,0,170,170,340,Hamilton Island,15711,16409,32120,0,0,0,15711,16409,32120
Hamilton Island,2010,6,164,164,328,0,0,0,164,164,328,Hamilton Island,16377,15523,31900,0,0,0,16377,15523,31900
Hamilton Island,2010,7,183,183,366,0,0,0,183,183,366,Hamilton Island,19521,20456,39977,0,0,0,19521,20456,39977
Hamilton Island,2010,8,184,185,369,0,0,0,184,185,369,Hamilton Island,20111,20047,40158,0,0,0,20111,20047,40158
Hamilton Island,2010,9,176,176,352,0,0,0,176,176,352,Hamilton Island,22709,21122,43831,0,0,0,22709,21122,43831
Hamilton Island,2010,10,186,186,372,0,0,0,186,186,372,Hamilton Island,23376,24636,48012,0,0,0,23376,24636,48012
Hamilton Island,2010,11,181,180,361,0,0,0,181,180,361,Hamilton Island,21799,22621,44420,0,0,0,21799,22621,44420
Hamilton Island,2010,12,184,183,367,0,0,0,184,183,367,Hamilton Island,22647,21194,43841,0,0,0,22647,21194,43841
Hamilton Island,2011,1,185,185,370,0,0,0,185,185,370,Hamilton Island,20297,23727,44024,0,0,0,20297,23727,44024
Hamilton Island,2011,2,142,144,286,0,0,0,142,144,286,Hamilton Island,12751,12155,24906,0,0,0,12751,12155,24906
Hamilton Island,2011,3,167,167,334,0,0,0,167,167,334,Hamilton Island,16346,16232,32578,0,0,0,16346,16232,32578
Hamilton Island,2011,4,178,178,356,0,0,0,178,178,356,Hamilton Island,19114,18848,37962,0,0,0,19114,18848,37962
Hamilton Island,2011,5,161,161,322,0,0,0,161,161,322,Hamilton Island,14177,15277,29454,0,0,0,14177,15277,29454
Hamilton Island,2011,6,145,145,290,0,0,0,145,145,290,Hamilton Island,14850,13628,28478,0,0,0,14850,13628,28478
Hamilton Island,2011,7,184,183,367,0,0,0,184,183,367,Hamilton Island,19457,19650,39107,0,0,0,19457,19650,39107
Hamilton Island,2011,8,184,184,368,0,0,0,184,184,368,Hamilton Island,19876,19779,39655,0,0,0,19876,19779,39655
Hamilton Island,2011,9,177,177,354,0,0,0,177,177,354,Hamilton Island,23094,21284,44378,0,0,0,23094,21284,44378
Hamilton Island,2011,10,186,185,371,0,0,0,186,185,371,Hamilton Island,22886,24516,47402,0,0,0,22886,24516,47402
Hamilton Island,2011,11,179,180,359,0,0,0,179,180,359,Hamilton Island,21386,22319,43705,0,0,0,21386,22319,43705
Hamilton Island,2011,12,182,182,364,0,0,0,182,182,364,Hamilton Island,21111,19668,40779,0,0,0,21111,19668,40779
Hamilton Island,2012,1,173,173,346,0,0,0,173,173,346,Hamilton Island,19546,22017,41563,0,0,0,19546,22017,41563
Hamilton Island,2012,2,149,148,297,0,0,0,149,148,297,Hamilton Island,13543,13827,27370,0,0,0,13543,13827,27370
Hamilton Island,2012,3,159,159,318,0,0,0,159,159,318,Hamilton Island,16254,15380,31634,0,0,0,16254,15380,31634
Hamilton Island,2012,4,159,159,318,0,0,0,159,159,318,Hamilton Island,18323,18765,37088,0,0,0,18323,18765,37088
Hamilton Island,2012,5,154,154,308,0,0,0,154,154,308,Hamilton Island,14535,15003,29538,0,0,0,14535,15003,29538
Hamilton Island,2012,6,153,152,305,0,0,0,153,152,305,Hamilton Island,16231,14644,30875,0,0,0,16231,14644,30875
Hamilton Island,2012,7,152,148,300,0,0,0,152,148,300,Hamilton Island,17730,18047,35777,0,0,0,17730,18047,35777
Hamilton Island,2012,8,163,161,324,0,0,0,163,161,324,Hamilton Island,18029,17452,35481,0,0,0,18029,17452,35481
Hamilton Island,2012,9,160,160,320,0,0,0,160,160,320,Hamilton Island,21942,20358,42300,0,0,0,21942,20358,42300
Hamilton Island,2012,10,161,161,322,0,0,0,161,161,322,Hamilton Island,21947,22979,44926,0,0,0,21947,22979,44926
Hamilton Island,2012,11,160,160,320,0,0,0,160,160,320,Hamilton Island,21088,21290,42378,0,0,0,21088,21290,42378
Hamilton Island,2012,12,166,166,332,0,0,0,166,166,332,Hamilton Island,21496,20261,41757,0,0,0,21496,20261,41757
Hamilton Island,2013,1,161,159,320,0,0,0,161,159,320,Hamilton Island,19124,21253,40377,0,0,0,19124,21253,40377
Hamilton Island,2013,2,136,136,272,0,0,0,136,136,272,Hamilton Island,15268,15134,30402,0,0,0,15268,15134,30402
Hamilton Island,2013,3,157,157,314,0,0,0,157,157,314,Hamilton Island,17792,16657,34449,0,0,0,17792,16657,34449
Hamilton Island,2013,4,157,157,314,0,0,0,157,157,314,Hamilton Island,17849,18928,36777,0,0,0,17849,18928,36777
Hamilton Island,2013,5,149,148,297,0,0,0,149,148,297,Hamilton Island,15088,15102,30190,0,0,0,15088,15102,30190
Hamilton Island,2013,6,155,155,310,0,0,0,155,155,310,Hamilton Island,16694,15212,31906,0,0,0,16694,15212,31906
Hamilton Island,2013,7,162,162,324,0,0,0,162,162,324,Hamilton Island,17875,19112,36987,0,0,0,17875,19112,36987
Hamilton Island,2013,8,174,174,348,0,0,0,174,174,348,Hamilton Island,20422,19647,40069,0,0,0,20422,19647,40069
Hamilton Island,2013,9,177,177,354,0,0,0,177,177,354,Hamilton Island,23283,21927,45210,0,0,0,23283,21927,45210
Hamilton Island,2013,10,182,182,364,0,0,0,182,182,364,Hamilton Island,23693,24577,48270,0,0,0,23693,24577,48270
Hamilton Island,2013,11,182,182,364,0,0,0,182,182,364,Hamilton Island,22775,22928,45703,0,0,0,22775,22928,45703
Hamilton Island,2013,12,186,187,373,0,0,0,186,187,373,Hamilton Island,23009,21951,44960,0,0,0,23009,21951,44960
Hamilton Island,2014,1,172,172,344,0,0,0,172,172,344,Hamilton Island,21333,23441,44774,0,0,0,21333,23441,44774
Hamilton Island,2014,2,145,145,290,0,0,0,145,145,290,Hamilton Island,17279,17282,34561,0,0,0,17279,17282,34561
Hamilton Island,2014,3,161,158,319,0,0,0,161,158,319,Hamilton Island,17274,17414,34688,0,0,0,17274,17414,34688
Hamilton Island,2014,4,164,164,328,0,0,0,164,164,328,Hamilton Island,18407,18367,36774,0,0,0,18407,18367,36774
Hamilton Island,2014,5,165,164,329,0,0,0,165,164,329,Hamilton Island,16644,16586,33230,0,0,0,16644,16586,33230
Hamilton Island,2014,6,163,164,327,0,0,0,163,164,327,Hamilton Island,16873,15213,32086,0,0,0,16873,15213,32086
Hamilton Island,2014,7,195,196,391,0,0,0,195,196,391,Hamilton Island,20478,21793,42271,0,0,0,20478,21793,42271
Hamilton Island,2014,8,196,194,390,0,0,0,196,194,390,Hamilton Island,21538,21307,42845,0,0,0,21538,21307,42845
Hamilton Island,2014,9,192,192,384,0,0,0,192,192,384,Hamilton Island,24516,22996,47512,0,0,0,24516,22996,47512
Hamilton Island,2014,10,188,188,376,0,0,0,188,188,376,Hamilton Island,24055,25300,49355,0,0,0,24055,25300,49355
Hamilton Island,2014,11,175,175,350,0,0,0,175,175,350,Hamilton Island,21743,22049,43792,0,0,0,21743,22049,43792
Hamilton Island,2014,12,192,192,384,0,0,0,192,192,384,Hamilton Island,22916,21701,44617,0,0,0,22916,21701,44617
Hamilton Island,2015,1,197,197,394,0,0,0,197,197,394,Hamilton Island,21515,24010,45525,0,0,0,21515,24010,45525
Hamilton Island,2015,2,150,150,300,0,0,0,150,150,300,Hamilton Island,18129,17566,35695,0,0,0,18129,17566,35695
Hamilton Island,2015,3,173,172,345,0,0,0,173,172,345,Hamilton Island,18788,18138,36926,0,0,0,18788,18138,36926
Hamilton Island,2015,4,173,173,346,0,0,0,173,173,346,Hamilton Island,18567,19125,37692,0,0,0,18567,19125,37692
Hamilton Island,2015,5,165,164,329,0,0,0,165,164,329,Hamilton Island,16356,16902,33258,0,0,0,16356,16902,33258
Hamilton Island,2015,6,169,169,338,0,0,0,169,169,338,Hamilton Island,18103,16269,34372,0,0,0,18103,16269,34372
Hamilton Island,2015,7,172,169,341,0,0,0,172,169,341,Hamilton Island,19019,19946,38965,0,0,0,19019,19946,38965
Hamilton Island,2015,8,185,185,370,0,0,0,185,185,370,Hamilton Island,21042,21156,42198,0,0,0,21042,21156,42198
Hamilton Island,2015,9,190,189,379,0,0,0,190,189,379,Hamilton Island,23255,21637,44892,0,0,0,23255,21637,44892
Hamilton Island,2015,10,199,199,398,0,0,0,199,199,398,Hamilton Island,23315,24246,47561,0,0,0,23315,24246,47561
Hamilton Island,2015,11,194,194,388,0,0,0,194,194,388,Hamilton Island,21629,22375,44004,0,0,0,21629,22375,44004
Hamilton Island,2015,12,202,202,404,0,0,0,202,202,404,Hamilton Island,23727,21671,45398,0,0,0,23727,21671,45398
Hamilton Island,2016,1,211,211,422,0,0,0,211,211,422,Hamilton Island,22617,24999,47616,0,0,0,22617,24999,47616
Hamilton Island,2016,2,179,179,358,0,0,0,179,179,358,Hamilton Island,20744,20562,41306,0,0,0,20744,20562,41306
Hamilton Island,2016,3,201,202,403,0,0,0,201,202,403,Hamilton Island,22312,20772,43084,0,0,0,22312,20772,43084
Hamilton Island,2016,4,205,205,410,0,0,0,205,205,410,Hamilton Island,21842,22714,44556,0,0,0,21842,22714,44556
Hamilton Island,2016,5,201,200,401,0,0,0,201,200,401,Hamilton Island,18880,20006,38886,0,0,0,18880,20006,38886
Hamilton Island,2016,6,190,190,380,0,0,0,190,190,380,Hamilton Island,19262,17017,36279,0,0,0,19262,17017,36279
Hamilton Island,2016,7,220,220,440,0,0,0,220,220,440,Hamilton Island,23290,24686,47976,0,0,0,23290,24686,47976
Hamilton Island,2016,8,219,219,438,0,0,0,219,219,438,Hamilton Island,22826,23024,45850,0,0,0,22826,23024,45850
Hamilton Island,2016,9,217,217,434,0,0,0,217,217,434,Hamilton Island,26244,24538,50782,0,0,0,26244,24538,50782
Hamilton Island,2016,10,224,224,448,0,0,0,224,224,448,Hamilton Island,25971,27069,53040,0,0,0,25971,27069,53040
Hamilton Island,2016,11,226,226,452,0,0,0,226,226,452,Hamilton Island,24398,25255,49653,0,0,0,24398,25255,49653
Hamilton Island,2016,12,244,243,487,0,0,0,244,243,487,Hamilton Island,26315,24479,50794,0,0,0,26315,24479,50794
Hamilton Island,2017,1,244,244,488,0,0,0,244,244,488,Hamilton Island,26590,29087,55677,0,0,0,26590,29087,55677
Hamilton Island,2017,2,187,187,374,0,0,0,187,187,374,Hamilton Island,19690,20718,40408,0,0,0,19690,20718,40408
Hamilton Island,2017,3,174,189,363,0,0,0,174,189,363,Hamilton Island,17665,18510,36175,0,0,0,17665,18510,36175
Hamilton Island,2017,4,141,142,283,0,0,0,141,142,283,Hamilton Island,8954,7837,16791,0,0,0,8954,7837,16791
Hamilton Island,2017,5,174,174,348,0,0,0,174,174,348,Hamilton Island,12495,12799,25294,0,0,0,12495,12799,25294
Hamilton Island,2017,6,172,171,343,0,0,0,172,171,343,Hamilton Island,12601,11540,24141,0,0,0,12601,11540,24141
Hamilton Island,2017,7,205,204,409,0,0,0,205,204,409,Hamilton Island,17069,17966,35035,0,0,0,17069,17966,35035
Hamilton Island,2017,8,211,211,422,0,0,0,211,211,422,Hamilton Island,17459,17375,34834,0,0,0,17459,17375,34834
Hamilton Island,2017,9,214,214,428,0,0,0,214,214,428,Hamilton Island,19922,18540,38462,0,0,0,19922,18540,38462
Hamilton Island,2017,10,210,208,418,0,0,0,210,208,418,Hamilton Island,19266,20888,40154,0,0,0,19266,20888,40154
Hamilton Island,2017,11,207,207,414,0,0,0,207,207,414,Hamilton Island,18585,18765,37350,0,0,0,18585,18765,37350
Hamilton Island,2017,12,204,203,407,0,0,0,204,203,407,Hamilton Island,20167,19063,39230,0,0,0,20167,19063,39230
Hamilton Island,2018,1,217,217,434,0,0,0,217,217,434,Hamilton Island,18523,20414,38937,0,0,0,18523,20414,38937
Hamilton Island,2018,2,160,160,320,0,0,0,160,160,320,Hamilton Island,16593,16666,33259,0,0,0,16593,16666,33259
Hamilton Island,2018,3,180,179,359,0,0,0,180,179,359,Hamilton Island,16672,15753,32425,0,0,0,16672,15753,32425
Hamilton Island,2018,4,193,193,386,0,0,0,193,193,386,Hamilton Island,15867,16890,32757,0,0,0,15867,16890,32757
Hamilton Island,2018,5,172,172,344,0,0,0,172,172,344,Hamilton Island,13253,13723,26976,0,0,0,13253,13723,26976
Hamilton Island,2018,6,167,167,334,0,0,0,167,167,334,Hamilton Island,13797,13148,26945,0,0,0,13797,13148,26945
Hamilton Island,2018,7,205,205,410,0,0,0,205,205,410,Hamilton Island,18537,19562,38099,0,0,0,18537,19562,38099
Hamilton Island,2018,8,199,199,398,0,0,0,199,199,398,Hamilton Island,18498,18441,36939,0,0,0,18498,18441,36939
Hamilton Island,2018,9,203,202,405,0,0,0,203,202,405,Hamilton Island,20506,19290,39796,0,0,0,20506,19290,39796
Hamilton Island,2018,10,212,212,424,0,0,0,212,212,424,Hamilton Island,20146,21935,42081,0,0,0,20146,21935,42081
Hamilton Island,2018,11,184,184,368,0,0,0,184,184,368,Hamilton Island,19180,19367,38547,0,0,0,19180,19367,38547
Hamilton Island,2018,12,212,211,423,0,0,0,212,211,423,Hamilton Island,20924,19699,40623,0,0,0,20924,19699,40623
Hamilton Island,2019,1,217,216,433,0,0,0,217,216,433,Hamilton Island,18734,21179,39913,0,0,0,18734,21179,39913
Hamilton Island,2019,2,168,167,335,0,0,0,168,167,335,Hamilton Island,15354,15844,31198,0,0,0,15354,15844,31198
Hamilton Island,2019,3,189,189,378,0,0,0,189,189,378,Hamilton Island,15182,15103,30285,0,0,0,15182,15103,30285
Hamilton Island,2019,4,198,197,395,0,0,0,198,197,395,Hamilton Island,18466,18217,36683,0,0,0,18466,18217,36683
Hamilton Island,2019,5,178,178,356,0,0,0,178,178,356,Hamilton Island,13986,14324,28310,0,0,0,13986,14324,28310
Hamilton Island,2019,6,181,181,362,0,0,0,181,181,362,Hamilton Island,14973,13789,28762,0,0,0,14973,13789,28762
Hamilton Island,2019,7,203,203,406,0,0,0,203,203,406,Hamilton Island,19871,20944,40815,0,0,0,19871,20944,40815
Hamilton Island,2019,8,192,192,384,0,0,0,192,192,384,Hamilton Island,19838,19645,39483,0,0,0,19838,19645,39483
Hamilton Island,2019,9,210,209,419,0,0,0,210,209,419,Hamilton Island,22853,21528,44381,0,0,0,22853,21528,44381
Hamilton Island,2019,10,212,212,424,0,0,0,212,212,424,Hamilton Island,22524,24536,47060,0,0,0,22524,24536,47060
Hamilton Island,2019,11,203,203,406,0,0,0,203,203,406,Hamilton Island,20579,20977,41556,0,0,0,20579,20977,41556
Hamilton Island,2019,12,217,216,433,0,0,0,217,216,433,Hamilton Island,23078,21022,44100,0,0,0,23078,21022,44100
Hamilton Island,2020,1,223,222,445,0,0,0,223,222,445,Hamilton Island,22712,25497,48209,0,0,0,22712,25497,48209
Hamilton Island,2020,2,163,160,323,0,0,0,163,160,323,Hamilton Island,14231,14505,28736,0,0,0,14231,14505,28736
Hamilton Island,2020,3,134,139,273,0,0,0,134,139,273,Hamilton Island,10071,12473,22544,0,0,0,10071,12473,22544
Hamilton Island,2020,4,0,0,0,0,0,0,0,0,0,Hamilton Island,0,0,0,0,0,0,0,0,0
Hamilton Island,2020,5,0,0,0,0,0,0,0,0,0,Hamilton Island,0,0,0,0,0,0,0,0,0
Hamilton Island,2020,6,0,0,0,0,0,0,0,0,0,Hamilton Island,0,0,0,0,0,0,0,0,0
Hamilton Island,2020,7,6,6,12,0,0,0,6,6,12,Hamilton Island,254,103,357,0,0,0,254,103,357
Hamilton Island,2020,8,66,69,135,0,0,0,66,69,135,Hamilton Island,4259,3940,8199,0,0,0,4259,3940,8199
Hamilton Island,2020,9,77,76,153,0,0,0,77,76,153,Hamilton Island,8241,7285,15526,0,0,0,8241,7285,15526
Hamilton Island,2020,10,80,80,160,0,0,0,80,80,160,Hamilton Island,8730,9254,17984,0,0,0,8730,9254,17984
Hamilton Island,2020,11,72,72,144,0,0,0,72,72,144,Hamilton Island,9643,9220,18863,0,0,0,9643,9220,18863
Hamilton Island,2020,12,150,151,301,0,0,0,150,151,301,Hamilton Island,14690,13664,28354,0,0,0,14690,13664,28354
Hamilton Island,2021,1,137,137,274,0,0,0,137,137,274,Hamilton Island,10317,12310,22627,0,0,0,10317,12310,22627
Hamilton Island,2021,2,103,104,207,0,0,0,103,104,207,Hamilton Island,11631,10806,22437,0,0,0,11631,10806,22437
Hamilton Island,2021,3,163,163,326,0,0,0,163,163,326,Hamilton Island,18225,17235,35460,0,0,0,18225,17235,35460
Hamilton Island,2021,4,202,199,401,0,0,0,202,199,401,Hamilton Island,20772,20463,41235,0,0,0,20772,20463,41235
Hamilton Island,2021,5,161,164,325,0,0,0,161,164,325,Hamilton Island,19954,21048,41002,0,0,0,19954,21048,41002
Hamilton Island,2021,6,172,176,348,0,0,0,172,176,348,Hamilton Island,17249,16271,33520,0,0,0,17249,16271,33520
Hamilton Island,2021,7,127,132,259,0,0,0,127,132,259,Hamilton Island,10794,13887,24681,0,0,0,10794,13887,24681
Hamilton Island,2021,8,63,69,132,0,0,0,63,69,132,Hamilton Island,4340,4691,9031,0,0,0,4340,4691,9031
Hamilton Island,2021,9,74,83,157,0,0,0,74,83,157,Hamilton Island,10406,9404,19810,0,0,0,10406,9404,19810
Hamilton Island,2021,10,93,102,195,0,0,0,93,102,195,Hamilton Island,11625,12654,24279,0,0,0,11625,12654,24279
Hamilton Island,2021,11,94,99,193,0,0,0,94,99,193,Hamilton Island,10789,10601,21390,0,0,0,10789,10601,21390
Hamilton Island,2021,12,168,169,337,0,0,0,168,169,337,Hamilton Island,17026,14663,31689,0,0,0,17026,14663,31689
Hamilton Island,2022,1,181,181,362,0,0,0,181,181,362,Hamilton Island,14446,16313,30759,0,0,0,14446,16313,30759
Hamilton Island,2022,2,138,138,276,0,0,0,138,138,276,Hamilton Island,16502,16129,32631,0,0,0,16502,16129,32631
Hamilton Island,2022,3,171,171,342,0,0,0,171,171,342,Hamilton Island,19756,19377,39133,0,0,0,19756,19377,39133
Hamilton Island,2022,4,244,243,487,0,0,0,244,243,487,Hamilton Island,22722,22756,45478,0,0,0,22722,22756,45478
Hamilton Island,2022,5,189,188,377,0,0,0,189,188,377,Hamilton Island,20748,21417,42165,0,0,0,20748,21417,42165
Hamilton Island,2022,6,178,176,354,0,0,0,178,176,354,Hamilton Island,21297,19433,40730,0,0,0,21297,19433,40730
Hamilton Island,2022,7,187,186,373,0,0,0,187,186,373,Hamilton Island,22580,24049,46629,0,0,0,22580,24049,46629
Hamilton Island,2022,8,162,160,322,0,0,0,162,160,322,Hamilton Island,19831,20154,39985,0,0,0,19831,20154,39985
Hamilton Island,2022,9,166,165,331,0,0,0,166,165,331,Hamilton Island,23457,21920,45377,0,0,0,23457,21920,45377
Hamilton Island,2022,10,183,184,367,0,0,0,183,184,367,Hamilton Island,23848,25602,49450,0,0,0,23848,25602,49450
Hamilton Island,2022,11,162,161,323,0,0,0,162,161,323,Hamilton Island,21402,22093,43495,0,0,0,21402,22093,43495
Hamilton Island,2022,12,178,178,356,0,0,0,178,178,356,Hamilton Island,22644,21576,44220,0,0,0,22644,21576,44220
Hamilton Island,2023,1,188,188,376,0,0,0,188,188,376,Hamilton Island,22244,25226,47470,0,0,0,22244,25226,47470
Hamilton Island,2023,2,133,133,266,0,0,0,133,133,266,Hamilton Island,15672,16084,31756,0,0,0,15672,16084,31756
Hamilton Island,2023,3,158,158,316,0,0,0,158,158,316,Hamilton Island,19639,19003,38642,0,0,0,19639,19003,38642
Hamilton Island,2023,4,178,177,355,0,0,0,178,177,355,Hamilton Island,21237,21644,42881,0,0,0,21237,21644,42881
Hamilton Island,2023,5,139,139,278,0,0,0,139,139,278,Hamilton Island,16799,17715,34514,0,0,0,16799,17715,34514
Hamilton Island,2023,6,154,154,308,0,0,0,154,154,308,Hamilton Island,18886,16883,35769,0,0,0,18886,16883,35769
Hamilton Island,2023,7,174,175,349,0,0,0,174,175,349,Hamilton Island,20977,22514,43491,0,0,0,20977,22514,43491
Hamilton Island,2023,8,165,164,329,0,0,0,165,164,329,Hamilton Island,20181,20074,40255,0,0,0,20181,20074,40255
Hamilton Island,2023,9,176,176,352,0,0,0,176,176,352,Hamilton Island,24692,23278,47970,0,0,0,24692,23278,47970
Hamilton Island,2023,10,172,172,344,0,0,0,172,172,344,Hamilton Island,22003,24027,46030,0,0,0,22003,24027,46030
Hamilton Island,2023,11,164,162,326,0,0,0,164,162,326,Hamilton Island,21715,21567,43282,0,0,0,21715,21567,43282
Hamilton Island,2023,12,194,194,388,0,0,0,194,194,388,Hamilton Island,23138,21393,44531,0,0,0,23138,21393,44531
Hamilton Island,2024,1,193,193,386,0,0,0,193,193,386,Hamilton Island,19849,22780,42629,0,0,0,19849,22780,42629
Hamilton Island,2024,2,146,146,292,0,0,0,146,146,292,Hamilton Island,17969,17826,35795,0,0,0,17969,17826,35795
Hamilton Island,2024,3,170,170,340,0,0,0,170,170,340,Hamilton Island,20464,18447,38911,0,0,0,20464,18447,38911
Hamilton Island,2024,4,160,160,320,0,0,0,160,160,320,Hamilton Island,18993,20979,39972,0,0,0,18993,20979,39972
Hamilton Island,2024,5,141,141,282,0,0,0,141,141,282,Hamilton Island,16164,16613,32777,0,0,0,16164,16613,32777
Hamilton Island,2024,6,143,143,286,0,0,0,143,143,286,Hamilton Island,17731,16366,34097,0,0,0,17731,16366,34097
Hamilton Island,2024,7,161,161,322,0,0,0,161,161,322,Hamilton Island,20962,22282,43244,0,0,0,20962,22282,43244
Hamilton Island,2024,8,158,157,315,0,0,0,158,157,315,Hamilton Island,19738,19631,39369,0,0,0,19738,19631,39369
Hamilton Island,2024,9,164,164,328,0,0,0,164,164,328,Hamilton Island,23413,22263,45676,0,0,0,23413,22263,45676
Hamilton Island,2024,10,163,163,326,0,0,0,163,163,326,Hamilton Island,22594,24507,47101,0,0,0,22594,24507,47101
Hamilton Island,2024,11,154,154,308,0,0,0,154,154,308,Hamilton Island,20962,21135,42097,0,0,0,20962,21135,42097
Hamilton Island,2024,12,186,184,370,0,0,0,186,184,370,Hamilton Island,24027,22845,46872,0,0,0,24027,22845,46872
Hamilton Island,2025,1,174,174,348,0,0,0,174,174,348,Hamilton Island,22530,24628,47158,0,0,0,22530,24628,47158
Hamilton Island,2025,2,135,136,271,0,0,0,135,136,271,Hamilton Island,15096,15832,30928,0,0,0,15096,15832,30928
Hamilton Island,2025,3,150,150,300,0,0,0,150,150,300,Hamilton Island,18840,18382,37222,0,0,0,18840,18382,37222
Hamilton Island,2025,4,169,168,337,0,0,0,169,168,337,Hamilton Island,21532,21512,43044,0,0,0,21532,21512,43044
Hamilton Island,2025,5,144,144,288,0,0,0,144,144,288,Hamilton Island,16321,16644,32965,0,0,0,16321,16644,32965
Hamilton Island,2025,6,145,145,290,0,0,0,145,145,290,Hamilton Island,17255,16145,33400,0,0,0,17255,16145,33400
Hobart,1985,1,467,473,940,8,8,16,475,481,956,Hobart,25517,32140,57657,903,886,1789,26420,33026,59446
Hobart,1985,2,385,391,776,8,8,16,393,399,792,Hobart,17103,15967,33070,776,587,1363,17879,16554,34433
Hobart,1985,3,419,422,841,9,9,18,428,431,859,Hobart,19004,20043,39047,938,735,1673,19942,20778,40720
Hobart,1985,4,415,422,837,8,8,16,423,430,853,Hobart,21944,22608,44552,618,517,1135,22562,23125,45687
Hobart,1985,5,434,444,878,8,8,16,442,452,894,Hobart,19927,23044,42971,743,593,1336,20670,23637,44307
Hobart,1985,6,401,419,820,8,8,16,409,427,836,Hobart,20281,19188,39469,657,559,1216,20938,19747,40685
Hobart,1985,7,386,402,788,6,6,12,392,408,800,Hobart,14619,15569,30188,304,350,654,14923,15919,30842
Hobart,1985,8,502,530,1032,7,7,14,509,537,1046,Hobart,19460,19732,39192,414,611,1025,19874,20343,40217
Hobart,1985,9,536,569,1105,8,8,16,544,577,1121,Hobart,22617,21661,44278,729,525,1254,23346,22186,45532
Hobart,1985,10,517,523,1040,7,7,14,524,530,1054,Hobart,19739,18958,38697,587,374,961,20326,19332,39658
Hobart,1985,11,506,502,1008,8,8,16,514,510,1024,Hobart,19822,18914,38736,472,610,1082,20294,19524,39818
Hobart,1985,12,528,535,1063,12,12,24,540,547,1087,Hobart,25607,20533,46140,770,1048,1818,26377,21581,47958
Hobart,1986,1,562,578,1140,12,12,24,574,590,1164,Hobart,24666,31070,55736,734,601,1335,25400,31671,57071
Hobart,1986,2,440,443,883,11,11,22,451,454,905,Hobart,20471,20796,41267,902,669,1571,21373,21465,42838
Hobart,1986,3,501,504,1005,14,14,28,515,518,1033,Hobart,22195,23075,45270,811,652,1463,23006,23727,46733
Hobart,1986,4,472,484,956,12,12,24,484,496,980,Hobart,18648,21249,39897,617,410,1027,19265,21659,40924
Hobart,1986,5,501,506,1007,14,14,28,515,520,1035,Hobart,17425,20807,38232,497,412,909,17922,21219,39141
Hobart,1986,6,459,470,929,11,11,22,470,481,951,Hobart,17866,16406,34272,678,477,1155,18544,16883,35427
Hobart,1986,7,431,442,873,11,9,20,442,451,893,Hobart,14527,15412,29939,478,392,870,15005,15804,30809
Hobart,1986,8,451,470,921,9,11,20,460,481,941,Hobart,18095,18629,36724,257,320,577,18352,18949,37301
Hobart,1986,9,480,484,964,12,12,24,492,496,988,Hobart,21620,20357,41977,967,813,1780,22587,21170,43757
Hobart,1986,10,484,488,972,12,12,24,496,500,996,Hobart,20035,19133,39168,504,412,916,20539,19545,40084
Hobart,1986,11,454,463,917,13,13,26,467,476,943,Hobart,17495,17419,34914,622,611,1233,18117,18030,36147
Hobart,1986,12,493,503,996,12,12,24,505,515,1020,Hobart,24051,19834,43885,697,611,1308,24748,20445,45193
Hobart,1987,1,559,567,1126,14,14,28,573,581,1154,Hobart,25051,31081,56132,1027,1136,2163,26078,32217,58295
Hobart,1987,2,461,469,930,12,12,24,473,481,954,Hobart,20130,18709,38839,937,732,1669,21067,19441,40508
Hobart,1987,3,505,513,1018,12,12,24,517,525,1042,Hobart,19237,20474,39711,994,717,1711,20231,21191,41422
Hobart,1987,4,458,459,917,8,8,16,466,467,933,Hobart,21019,21962,42981,714,629,1343,21733,22591,44324
Hobart,1987,5,450,452,902,9,9,18,459,461,920,Hobart,17788,20666,38454,728,707,1435,18516,21373,39889
Hobart,1987,6,459,467,926,9,9,18,468,476,944,Hobart,19236,16579,35815,559,380,939,19795,16959,36754
Hobart,1987,7,478,478,956,8,8,16,486,486,972,Hobart,17008,18662,35670,432,388,820,17440,19050,36490
Hobart,1987,8,475,489,964,10,10,20,485,499,984,Hobart,17783,20332,38115,620,627,1247,18403,20959,39362
Hobart,1987,9,491,495,986,8,8,16,499,503,1002,Hobart,23778,19085,42863,650,472,1122,24428,19557,43985
Hobart,1987,10,516,523,1039,9,9,18,525,532,1057,Hobart,23110,22788,45898,820,729,1549,23930,23517,47447
Hobart,1987,11,488,491,979,9,9,18,497,500,997,Hobart,20861,20306,41167,682,690,1372,21543,20996,42539
Hobart,1987,12,531,532,1063,12,12,24,543,544,1087,Hobart,26946,22184,49130,1249,803,2052,28195,22987,51182
Hobart,1988,1,552,557,1109,14,14,28,566,571,1137,Hobart,26754,34110,60864,994,1037,2031,27748,35147,62895
Hobart,1988,2,475,469,944,13,13,26,488,482,970,Hobart,22057,20449,42506,1043,633,1676,23100,21082,44182
Hobart,1988,3,453,455,908,11,11,22,464,466,930,Hobart,21696,22556,44252,715,625,1340,22411,23181,45592
Hobart,1988,4,410,411,821,9,9,18,419,420,839,Hobart,21428,22809,44237,668,641,1309,22096,23450,45546
Hobart,1988,5,387,397,784,9,9,18,396,406,802,Hobart,17649,21549,39198,491,512,1003,18140,22061,40201
Hobart,1988,6,380,383,763,8,8,16,388,391,779,Hobart,20894,17940,38834,469,343,812,21363,18283,39646
Hobart,1988,7,389,396,785,9,9,18,398,405,803,Hobart,17741,18755,36496,473,389,862,18214,19144,37358
Hobart,1988,8,408,422,830,9,9,18,417,431,848,Hobart,19435,23747,43182,506,534,1040,19941,24281,44222
Hobart,1988,9,418,432,850,8,8,16,426,440,866,Hobart,26830,20434,47264,633,567,1200,27463,21001,48464
Hobart,1988,10,408,415,823,10,10,20,418,425,843,Hobart,22523,22326,44849,806,614,1420,23329,22940,46269
Hobart,1988,11,387,395,782,12,12,24,399,407,806,Hobart,20404,19965,40369,661,605,1266,21065,20570,41635
Hobart,1988,12,423,432,855,12,12,24,435,444,879,Hobart,25827,21935,47762,687,717,1404,26514,22652,49166
Hobart,1989,1,448,456,904,14,14,28,462,470,932,Hobart,25595,31740,57335,826,868,1694,26421,32608,59029
Hobart,1989,2,376,375,751,15,15,30,391,390,781,Hobart,22466,20118,42584,1035,609,1644,23501,20727,44228
Hobart,1989,3,429,419,848,16,16,32,445,435,880,Hobart,23574,24632,48206,813,596,1409,24387,25228,49615
Hobart,1989,4,399,401,800,13,13,26,412,414,826,Hobart,20681,22644,43325,758,700,1458,21439,23344,44783
Hobart,1989,5,405,404,809,14,13,27,419,417,836,Hobart,17974,20782,38756,461,548,1009,18435,21330,39765
Hobart,1989,6,391,386,777,9,9,18,400,395,795,Hobart,20498,18156,38654,491,372,863,20989,18528,39517
Hobart,1989,7,399,402,801,14,14,28,413,416,829,Hobart,18172,19488,37660,473,511,984,18645,19999,38644
Hobart,1989,8,333,333,666,13,13,26,346,346,692,Hobart,13295,14009,27304,547,547,1094,13842,14556,28398
Hobart,1989,9,256,252,508,16,16,32,272,268,540,Hobart,9321,7890,17211,756,606,1362,10077,8496,18573
Hobart,1989,10,248,250,498,21,21,42,269,271,540,Hobart,11466,10646,22112,722,641,1363,12188,11287,23475
Hobart,1989,11,312,308,620,16,16,32,328,324,652,Hobart,14786,14398,29184,627,564,1191,15413,14962,30375
Hobart,1989,12,306,303,609,18,18,36,324,321,645,Hobart,24326,17710,42036,821,843,1664,25147,18553,43700
Hobart,1990,1,353,355,708,18,18,36,371,373,744,Hobart,22917,29275,52192,763,1061,1824,23680,30336,54016
Hobart,1990,2,332,329,661,16,16,32,348,345,693,Hobart,21543,19722,41265,1110,687,1797,22653,20409,43062
Hobart,1990,3,384,393,777,15,15,30,399,408,807,Hobart,21737,23430,45167,925,782,1707,22662,24212,46874
Hobart,1990,4,385,384,769,13,13,26,398,397,795,Hobart,23281,24216,47497,726,706,1432,24007,24922,48929
Hobart,1990,5,371,368,739,13,13,26,384,381,765,Hobart,17709,21170,38879,513,619,1132,18222,21789,40011
Hobart,1990,6,360,357,717,13,13,26,373,370,743,Hobart,19964,17877,37841,677,449,1126,20641,18326,38967
Hobart,1990,7,363,350,713,13,13,26,376,363,739,Hobart,18882,20115,38997,677,419,1096,19559,20534,40093
Hobart,1990,8,385,354,739,13,13,26,398,367,765,Hobart,19285,19795,39080,562,508,1070,19847,20303,40150
Hobart,1990,9,397,369,766,13,13,26,410,382,792,Hobart,25956,23045,49001,871,657,1528,26827,23702,50529
Hobart,1990,10,401,351,752,15,13,28,416,364,780,Hobart,23284,23815,47099,838,530,1368,24122,24345,48467
Hobart,1990,11,401,381,782,13,13,26,414,394,808,Hobart,23353,23173,46526,639,629,1268,23992,23802,47794
Hobart,1990,12,441,411,852,13,13,26,454,424,878,Hobart,29418,23115,52533,862,885,1747,30280,24000,54280
Hobart,1991,1,490,455,945,13,13,26,503,468,971,Hobart,28864,36121,64985,804,793,1597,29668,36914,66582
Hobart,1991,2,428,401,829,12,12,24,440,413,853,Hobart,24138,22821,46959,994,650,1644,25132,23471,48603
Hobart,1991,3,448,425,873,13,13,26,461,438,899,Hobart,24671,25223,49894,934,911,1845,25605,26134,51739
Hobart,1991,4,438,415,853,4,4,8,442,419,861,Hobart,24283,26723,51006,410,335,745,24693,27058,51751
Hobart,1991,5,460,430,890,4,4,8,464,434,898,Hobart,19743,21997,41740,335,400,735,20078,22397,42475
Hobart,1991,6,461,425,886,5,5,10,466,430,896,Hobart,24079,22840,46919,513,373,886,24592,23213,47805
Hobart,1991,7,429,435,864,4,4,8,433,439,872,Hobart,23030,24239,47269,342,353,695,23372,24592,47964
Hobart,1991,8,432,435,867,5,5,10,437,440,877,Hobart,23111,24643,47754,426,450,876,23537,25093,48630
Hobart,1991,9,429,431,860,4,5,9,433,436,869,Hobart,30644,26230,56874,348,386,734,30992,26616,57608
Hobart,1991,10,447,446,893,4,4,8,451,450,901,Hobart,28959,29873,58832,277,187,464,29236,30060,59296
Hobart,1991,11,426,428,854,5,5,10,431,433,864,Hobart,27170,26950,54120,393,421,814,27563,27371,54934
Hobart,1991,12,470,468,938,6,6,12,476,474,950,Hobart,35584,29501,65085,409,321,730,35993,29822,65815
Hobart,1992,1,535,520,1055,6,6,12,541,526,1067,Hobart,33814,42790,76604,343,492,835,34157,43282,77439
Hobart,1992,2,408,413,821,5,5,10,413,418,831,Hobart,28481,26863,55344,512,440,952,28993,27303,56296
Hobart,1992,3,435,436,871,4,4,8,439,440,879,Hobart,26289,28160,54449,402,394,796,26691,28554,55245
Hobart,1992,4,440,442,882,4,4,8,444,446,890,Hobart,28179,29706,57885,394,389,783,28573,30095,58668
Hobart,1992,5,430,430,860,5,5,10,435,435,870,Hobart,23983,27294,51277,428,416,844,24411,27710,52121
Hobart,1992,6,401,402,803,4,4,8,405,406,811,Hobart,25122,23862,48984,314,186,500,25436,24048,49484
Hobart,1992,7,401,402,803,4,4,8,405,406,811,Hobart,23927,24585,48512,190,195,385,24117,24780,48897
Hobart,1992,8,387,390,777,6,6,12,393,396,789,Hobart,23177,26035,49212,391,500,891,23568,26535,50103
Hobart,1992,9,390,390,780,5,5,10,395,395,790,Hobart,30661,25845,56506,408,307,715,31069,26152,57221
Hobart,1992,10,402,402,804,5,5,10,407,407,814,Hobart,27850,27896,55746,400,346,746,28250,28242,56492
Hobart,1992,11,413,413,826,4,4,8,417,417,834,Hobart,27657,27746,55403,273,257,530,27930,28003,55933
Hobart,1992,12,455,451,906,4,4,8,459,455,914,Hobart,34642,29852,64494,381,301,682,35023,30153,65176
Hobart,1993,1,505,516,1021,6,6,12,511,522,1033,Hobart,34708,42131,76839,507,548,1055,35215,42679,77894
Hobart,1993,2,466,478,944,8,8,16,474,486,960,Hobart,31126,30045,61171,651,388,1039,31777,30433,62210
Hobart,1993,3,462,462,924,5,5,10,467,467,934,Hobart,29505,31754,61259,448,409,857,29953,32163,62116
Hobart,1993,4,549,545,1094,4,4,8,553,549,1102,Hobart,30489,32288,62777,333,273,606,30822,32561,63383
Hobart,1993,5,527,533,1060,5,5,10,532,538,1070,Hobart,25158,28902,54060,447,452,899,25605,29354,54959
Hobart,1993,6,434,436,870,4,4,8,438,440,878,Hobart,26059,24783,50842,255,177,432,26314,24960,51274
Hobart,1993,7,527,528,1055,5,5,10,532,533,1065,Hobart,24035,24709,48744,313,314,627,24348,25023,49371
Hobart,1993,8,442,446,888,4,4,8,446,450,896,Hobart,23847,26593,50440,300,287,587,24147,26880,51027
Hobart,1993,9,434,438,872,4,4,8,438,442,880,Hobart,32707,27326,60033,379,273,652,33086,27599,60685
Hobart,1993,10,450,451,901,5,5,10,455,456,911,Hobart,30628,30218,60846,416,270,686,31044,30488,61532
Hobart,1993,11,442,441,883,4,4,8,446,445,891,Hobart,31134,31258,62392,370,355,725,31504,31613,63117
Hobart,1993,12,470,472,942,4,4,8,474,476,950,Hobart,37004,30676,67680,396,306,702,37400,30982,68382
Hobart,1994,1,489,493,982,5,5,10,494,498,992,Hobart,35102,42070,77172,474,489,963,35576,42559,78135
Hobart,1994,2,419,414,833,4,4,8,423,418,841,Hobart,32873,31549,64422,405,398,803,33278,31947,65225
Hobart,1994,3,484,482,966,4,4,8,488,486,974,Hobart,34105,36150,70255,416,386,802,34521,36536,71057
Hobart,1994,4,455,452,907,5,5,10,460,457,917,Hobart,30128,31556,61684,490,419,909,30618,31975,62593
Hobart,1994,5,501,500,1001,4,4,8,505,504,1009,Hobart,26777,31421,58198,243,295,538,27020,31716,58736
Hobart,1994,6,494,497,991,4,4,8,498,501,999,Hobart,27392,25460,52852,160,131,291,27552,25591,53143
Hobart,1994,7,511,518,1029,4,4,8,515,522,1037,Hobart,28917,30062,58979,179,152,331,29096,30214,59310
Hobart,1994,8,516,515,1031,4,4,8,520,519,1039,Hobart,28094,30880,58974,247,303,550,28341,31183,59524
Hobart,1994,9,501,493,994,4,4,8,505,497,1002,Hobart,35452,29866,65318,330,301,631,35782,30167,65949
Hobart,1994,10,510,517,1027,5,5,10,515,522,1037,Hobart,32204,32180,64384,403,288,691,32607,32468,65075
Hobart,1994,11,493,495,988,4,4,8,497,499,996,Hobart,32958,33135,66093,330,326,656,33288,33461,66749
Hobart,1994,12,543,546,1089,5,5,10,548,551,1099,Hobart,39520,32408,71928,411,400,811,39931,32808,72739
Hobart,1995,1,645,651,1296,4,4,8,649,655,1304,Hobart,40799,51917,92716,315,388,703,41114,52305,93419
Hobart,1995,2,485,479,964,3,3,6,488,482,970,Hobart,36045,32600,68645,263,260,523,36308,32860,69168
Hobart,1995,3,518,514,1032,4,4,8,522,518,1040,Hobart,35650,38498,74148,336,378,714,35986,38876,74862
Hobart,1995,4,480,478,958,5,5,10,485,483,968,Hobart,33255,35933,69188,404,440,844,33659,36373,70032
Hobart,1995,5,492,490,982,4,4,8,496,494,990,Hobart,28040,31188,59228,280,242,522,28320,31430,59750
Hobart,1995,6,447,444,891,4,4,8,451,448,899,Hobart,29867,28633,58500,202,184,386,30069,28817,58886
Hobart,1995,7,442,442,884,5,5,10,447,447,894,Hobart,29081,30717,59798,272,238,510,29353,30955,60308
Hobart,1995,8,434,431,865,4,4,8,438,435,873,Hobart,29237,31191,60428,204,218,422,29441,31409,60850
Hobart,1995,9,436,432,868,5,5,10,441,437,878,Hobart,37216,33490,70706,415,326,741,37631,33816,71447
Hobart,1995,10,469,467,936,4,4,8,473,471,944,Hobart,33985,34370,68355,343,199,542,34328,34569,68897
Hobart,1995,11,473,470,943,4,4,8,477,474,951,Hobart,34809,34422,69231,383,290,673,35192,34712,69904
Hobart,1995,12,498,501,999,5,5,10,503,506,1009,Hobart,41906,36137,78043,431,351,782,42337,36488,78825
Hobart,1996,1,575,581,1156,4,4,8,579,585,1164,Hobart,41142,49856,90998,399,380,779,41541,50236,91777
Hobart,1996,2,457,457,914,4,4,8,461,461,922,Hobart,36606,33948,70554,363,295,658,36969,34243,71212
Hobart,1996,3,481,484,965,5,5,10,486,489,975,Hobart,35598,37936,73534,501,462,963,36099,38398,74497
Hobart,1996,4,447,447,894,4,4,8,451,451,902,Hobart,35830,36636,72466,344,264,608,36174,36900,73074
Hobart,1996,5,438,443,881,4,4,8,442,447,889,Hobart,30035,34482,64517,164,190,354,30199,34672,64871
Hobart,1996,6,413,412,825,2,2,4,415,414,829,Hobart,32870,31590,64460,121,52,173,32991,31642,64633
Hobart,1996,7,426,424,850,0,0,0,426,424,850,Hobart,29754,31297,61051,0,0,0,29754,31297,61051
Hobart,1996,8,422,422,844,0,0,0,422,422,844,Hobart,30014,30832,60846,0,0,0,30014,30832,60846
Hobart,1996,9,445,448,893,0,0,0,445,448,893,Hobart,38964,35988,74952,0,0,0,38964,35988,74952
Hobart,1996,10,419,416,835,2,2,4,421,418,839,Hobart,35972,36021,71993,197,101,298,36169,36122,72291
Hobart,1996,11,392,390,782,5,5,10,397,395,792,Hobart,34797,34305,69102,415,302,717,35212,34607,69819
Hobart,1996,12,432,436,868,4,4,8,436,440,876,Hobart,42057,35976,78033,281,272,553,42338,36248,78586
Hobart,1997,1,471,473,944,4,4,8,475,477,952,Hobart,40017,48731,88748,382,302,684,40399,49033,89432
Hobart,1997,2,364,362,726,4,4,8,368,366,734,Hobart,35557,33118,68675,358,277,635,35915,33395,69310
Hobart,1997,3,359,361,720,5,5,10,364,366,730,Hobart,35699,38689,74388,422,343,765,36121,39032,75153
Hobart,1997,4,328,329,657,4,4,8,332,333,665,Hobart,33133,34898,68031,314,264,578,33447,35162,68609
Hobart,1997,5,326,326,652,0,0,0,326,326,652,Hobart,28302,32251,60553,0,0,0,28302,32251,60553
Hobart,1997,6,320,321,641,0,0,0,320,321,641,Hobart,31425,29195,60620,0,0,0,31425,29195,60620
Hobart,1997,7,329,330,659,0,0,0,329,330,659,Hobart,29113,30577,59690,0,0,0,29113,30577,59690
Hobart,1997,8,326,326,652,0,0,0,326,326,652,Hobart,31597,32112,63709,0,0,0,31597,32112,63709
Hobart,1997,9,334,333,667,0,0,0,334,333,667,Hobart,37956,34440,72396,0,0,0,37956,34440,72396
Hobart,1997,10,342,344,686,0,0,0,342,344,686,Hobart,35852,35550,71402,0,0,0,35852,35550,71402
Hobart,1997,11,355,355,710,5,5,10,360,360,720,Hobart,33364,33208,66572,364,213,577,33728,33421,67149
Hobart,1997,12,391,392,783,4,4,8,395,396,791,Hobart,41785,35638,77423,277,173,450,42062,35811,77873
Hobart,1998,1,433,431,864,5,5,10,438,436,874,Hobart,40907,48897,89804,341,390,731,41248,49287,90535
Hobart,1998,2,327,327,654,4,4,8,331,331,662,Hobart,36345,35050,71395,369,340,709,36714,35390,72104
Hobart,1998,3,393,391,784,4,4,8,397,395,792,Hobart,37497,40030,77527,397,282,679,37894,40312,78206
Hobart,1998,4,412,413,825,4,4,8,416,417,833,Hobart,35652,37527,73179,301,270,571,35953,37797,73750
Hobart,1998,5,412,411,823,0,0,0,412,411,823,Hobart,30091,33989,64080,0,0,0,30091,33989,64080
Hobart,1998,6,403,403,806,0,0,0,403,403,806,Hobart,32842,30226,63068,0,0,0,32842,30226,63068
Hobart,1998,7,406,404,810,0,0,0,406,404,810,Hobart,28182,29384,57566,0,0,0,28182,29384,57566
Hobart,1998,8,404,404,808,0,0,0,404,404,808,Hobart,30315,30805,61120,0,0,0,30315,30805,61120
Hobart,1998,9,416,417,833,0,0,0,416,417,833,Hobart,38341,34036,72377,0,0,0,38341,34036,72377
Hobart,1998,10,425,423,848,0,0,0,425,423,848,Hobart,37514,38036,75550,0,0,0,37514,38036,75550
Hobart,1998,11,379,378,757,0,0,0,379,378,757,Hobart,35342,35031,70373,0,0,0,35342,35031,70373
Hobart,1998,12,433,433,866,0,0,0,433,433,866,Hobart,43541,36354,79895,0,0,0,43541,36354,79895
Hobart,1999,1,477,476,953,0,0,0,477,476,953,Hobart,41251,49173,90424,0,0,0,41251,49173,90424
Hobart,1999,2,372,372,744,0,0,0,372,372,744,Hobart,36214,34959,71173,0,0,0,36214,34959,71173
Hobart,1999,3,404,404,808,0,0,0,404,404,808,Hobart,38312,39884,78196,0,0,0,38312,39884,78196
Hobart,1999,4,386,385,771,0,0,0,386,385,771,Hobart,35303,36928,72231,0,0,0,35303,36928,72231
Hobart,1999,5,378,379,757,0,0,0,378,379,757,Hobart,30617,35103,65720,0,0,0,30617,35103,65720
Hobart,1999,6,371,371,742,0,0,0,371,371,742,Hobart,34394,31221,65615,0,0,0,34394,31221,65615
Hobart,1999,7,378,379,757,0,0,0,378,379,757,Hobart,31358,32277,63635,0,0,0,31358,32277,63635
Hobart,1999,8,396,396,792,0,0,0,396,396,792,Hobart,33258,33666,66924,0,0,0,33258,33666,66924
Hobart,1999,9,414,413,827,0,0,0,414,413,827,Hobart,39980,35855,75835,0,0,0,39980,35855,75835
Hobart,1999,10,419,419,838,0,0,0,419,419,838,Hobart,38213,38033,76246,0,0,0,38213,38033,76246
Hobart,1999,11,399,398,797,0,0,0,399,398,797,Hobart,36325,36649,72974,0,0,0,36325,36649,72974
Hobart,1999,12,446,446,892,0,0,0,446,446,892,Hobart,42520,36499,79019,0,0,0,42520,36499,79019
Hobart,2000,1,459,457,916,0,0,0,459,457,916,Hobart,40693,47623,88316,0,0,0,40693,47623,88316
Hobart,2000,2,420,420,840,0,0,0,420,420,840,Hobart,40624,38222,78846,0,0,0,40624,38222,78846
Hobart,2000,3,414,414,828,0,0,0,414,414,828,Hobart,40146,42293,82439,0,0,0,40146,42293,82439
Hobart,2000,4,515,514,1029,0,0,0,515,514,1029,Hobart,39126,40641,79767,0,0,0,39126,40641,79767
Hobart,2000,5,551,551,1102,0,0,0,551,551,1102,Hobart,34652,37883,72535,0,0,0,34652,37883,72535
Hobart,2000,6,580,578,1158,0,0,0,580,578,1158,Hobart,36840,35271,72111,0,0,0,36840,35271,72111
Hobart,2000,7,597,599,1196,0,0,0,597,599,1196,Hobart,31831,31853,63684,0,0,0,31831,31853,63684
Hobart,2000,8,590,586,1176,0,0,0,590,586,1176,Hobart,34356,34346,68702,0,0,0,34356,34346,68702
Hobart,2000,9,581,583,1164,0,0,0,581,583,1164,Hobart,39908,39304,79212,0,0,0,39908,39304,79212
Hobart,2000,10,629,627,1256,0,0,0,629,627,1256,Hobart,40817,39399,80216,0,0,0,40817,39399,80216
Hobart,2000,11,587,586,1173,0,0,0,587,586,1173,Hobart,37728,37632,75360,0,0,0,37728,37632,75360
Hobart,2000,12,643,645,1288,0,0,0,643,645,1288,Hobart,46141,40628,86769,0,0,0,46141,40628,86769
Hobart,2001,1,713,714,1427,0,0,0,713,714,1427,Hobart,45975,49663,95638,0,0,0,45975,49663,95638
Hobart,2001,2,562,563,1125,0,0,0,562,563,1125,Hobart,40415,39585,80000,0,0,0,40415,39585,80000
Hobart,2001,3,597,597,1194,0,0,0,597,597,1194,Hobart,43403,44502,87905,0,0,0,43403,44502,87905
Hobart,2001,4,670,669,1339,0,0,0,670,669,1339,Hobart,48050,48862,96912,0,0,0,48050,48862,96912
Hobart,2001,5,709,703,1412,0,0,0,709,703,1412,Hobart,38931,41937,80868,0,0,0,38931,41937,80868
Hobart,2001,6,726,729,1455,0,0,0,726,729,1455,Hobart,40377,38279,78656,0,0,0,40377,38279,78656
Hobart,2001,7,765,760,1525,0,0,0,765,760,1525,Hobart,39159,39470,78629,0,0,0,39159,39470,78629
Hobart,2001,8,750,750,1500,0,0,0,750,750,1500,Hobart,39251,39231,78482,0,0,0,39251,39231,78482
Hobart,2001,9,532,530,1062,0,0,0,532,530,1062,Hobart,41469,38531,80000,0,0,0,41469,38531,80000
Hobart,2001,10,394,395,789,0,0,0,394,395,789,Hobart,38041,36223,74264,0,0,0,38041,36223,74264
Hobart,2001,11,462,463,925,0,0,0,462,463,925,Hobart,39020,39078,78098,0,0,0,39020,39078,78098
Hobart,2001,12,480,479,959,0,0,0,480,479,959,Hobart,46874,39853,86727,0,0,0,46874,39853,86727
Hobart,2002,1,496,495,991,0,0,0,496,495,991,Hobart,44822,52942,97764,0,0,0,44822,52942,97764
Hobart,2002,2,486,486,972,0,0,0,486,486,972,Hobart,45121,44482,89603,0,0,0,45121,44482,89603
Hobart,2002,3,474,475,949,0,0,0,474,475,949,Hobart,42869,44412,87281,0,0,0,42869,44412,87281
Hobart,2002,4,431,432,863,0,0,0,431,432,863,Hobart,36042,38623,74665,0,0,0,36042,38623,74665
Hobart,2002,5,428,429,857,0,0,0,428,429,857,Hobart,31412,35408,66820,0,0,0,31412,35408,66820
Hobart,2002,6,437,437,874,0,0,0,437,437,874,Hobart,33815,31463,65278,0,0,0,33815,31463,65278
Hobart,2002,7,451,452,903,0,0,0,451,452,903,Hobart,32045,33062,65107,0,0,0,32045,33062,65107
Hobart,2002,8,448,448,896,0,0,0,448,448,896,Hobart,32202,33238,65440,0,0,0,32202,33238,65440
Hobart,2002,9,467,467,934,0,0,0,467,467,934,Hobart,40597,37562,78159,0,0,0,40597,37562,78159
Hobart,2002,10,482,483,965,0,0,0,482,483,965,Hobart,40909,41649,82558,0,0,0,40909,41649,82558
Hobart,2002,11,454,453,907,0,0,0,454,453,907,Hobart,41032,40511,81543,0,0,0,41032,40511,81543
Hobart,2002,12,493,493,986,0,0,0,493,493,986,Hobart,49283,44181,93464,0,0,0,49283,44181,93464
Hobart,2003,1,535,535,1070,0,0,0,535,535,1070,Hobart,47494,53168,100662,0,0,0,47494,53168,100662
Hobart,2003,2,485,485,970,0,0,0,485,485,970,Hobart,45789,43549,89338,0,0,0,45789,43549,89338
Hobart,2003,3,507,505,1012,0,0,0,507,505,1012,Hobart,48453,50088,98541,0,0,0,48453,50088,98541
Hobart,2003,4,488,488,976,0,0,0,488,488,976,Hobart,44616,46789,91405,0,0,0,44616,46789,91405
Hobart,2003,5,476,477,953,0,0,0,476,477,953,Hobart,42167,44637,86804,0,0,0,42167,44637,86804
Hobart,2003,6,436,436,872,0,0,0,436,436,872,Hobart,38951,37633,76584,0,0,0,38951,37633,76584
Hobart,2003,7,456,456,912,0,0,0,456,456,912,Hobart,37272,37492,74764,0,0,0,37272,37492,74764
Hobart,2003,8,443,443,886,0,0,0,443,443,886,Hobart,41143,41798,82941,0,0,0,41143,41798,82941
Hobart,2003,9,464,464,928,0,0,0,464,464,928,Hobart,45855,43346,89201,0,0,0,45855,43346,89201
Hobart,2003,10,503,505,1008,0,0,0,503,505,1008,Hobart,48607,49286,97893,0,0,0,48607,49286,97893
Hobart,2003,11,516,518,1034,0,0,0,516,518,1034,Hobart,51256,51975,103231,0,0,0,51256,51975,103231
Hobart,2003,12,537,537,1074,0,0,0,537,537,1074,Hobart,57421,52770,110191,0,0,0,57421,52770,110191
Hobart,2004,1,582,587,1169,0,0,0,582,587,1169,Hobart,55054,61581,116635,0,0,0,55054,61581,116635
Hobart,2004,2,536,537,1073,0,0,0,536,537,1073,Hobart,54609,52743,107352,0,0,0,54609,52743,107352
Hobart,2004,3,577,578,1155,0,0,0,577,578,1155,Hobart,53454,56458,109912,0,0,0,53454,56458,109912
Hobart,2004,4,556,554,1110,0,0,0,556,554,1110,Hobart,49908,51408,101316,0,0,0,49908,51408,101316
Hobart,2004,5,586,583,1169,0,0,0,586,583,1169,Hobart,52174,56894,109068,0,0,0,52174,56894,109068
Hobart,2004,6,608,603,1211,0,0,0,608,603,1211,Hobart,62993,60148,123141,0,0,0,62993,60148,123141
Hobart,2004,7,607,606,1213,0,0,0,607,606,1213,Hobart,50123,51651,101774,0,0,0,50123,51651,101774
Hobart,2004,8,632,628,1260,0,0,0,632,628,1260,Hobart,53987,56235,110222,0,0,0,53987,56235,110222
Hobart,2004,9,651,646,1297,0,0,0,651,646,1297,Hobart,60757,56540,117297,0,0,0,60757,56540,117297
Hobart,2004,10,655,646,1301,0,0,0,655,646,1301,Hobart,61708,61472,123180,0,0,0,61708,61472,123180
Hobart,2004,11,655,656,1311,0,0,0,655,656,1311,Hobart,62990,63846,126836,0,0,0,62990,63846,126836
Hobart,2004,12,748,744,1492,0,0,0,748,744,1492,Hobart,70618,63498,134116,0,0,0,70618,63498,134116
Hobart,2005,1,739,735,1474,0,0,0,739,735,1474,Hobart,72568,80378,152946,0,0,0,72568,80378,152946
Hobart,2005,2,630,626,1256,0,0,0,630,626,1256,Hobart,69104,67720,136824,0,0,0,69104,67720,136824
Hobart,2005,3,707,704,1411,0,0,0,707,704,1411,Hobart,72976,75579,148555,0,0,0,72976,75579,148555
Hobart,2005,4,661,660,1321,0,0,0,661,660,1321,Hobart,67491,67659,135150,0,0,0,67491,67659,135150
Hobart,2005,5,665,659,1324,0,0,0,665,659,1324,Hobart,58273,62555,120828,0,0,0,58273,62555,120828
Hobart,2005,6,614,615,1229,0,0,0,614,615,1229,Hobart,58483,56627,115110,0,0,0,58483,56627,115110
Hobart,2005,7,638,637,1275,0,0,0,638,637,1275,Hobart,57574,58691,116265,0,0,0,57574,58691,116265
Hobart,2005,8,604,603,1207,0,0,0,604,603,1207,Hobart,59066,61015,120081,0,0,0,59066,61015,120081
Hobart,2005,9,584,582,1166,0,0,0,584,582,1166,Hobart,68648,63355,132003,0,0,0,68648,63355,132003
Hobart,2005,10,601,594,1195,0,0,0,601,594,1195,Hobart,67226,67310,134536,0,0,0,67226,67310,134536
Hobart,2005,11,614,611,1225,0,0,0,614,611,1225,Hobart,69129,68934,138063,0,0,0,69129,68934,138063
Hobart,2005,12,646,639,1285,0,0,0,646,639,1285,Hobart,78407,71417,149824,0,0,0,78407,71417,149824
Hobart,2006,1,647,640,1287,0,0,0,647,640,1287,Hobart,77489,84806,162295,0,0,0,77489,84806,162295
Hobart,2006,2,567,565,1132,0,0,0,567,565,1132,Hobart,69055,67574,136629,0,0,0,69055,67574,136629
Hobart,2006,3,620,622,1242,0,0,0,620,622,1242,Hobart,71092,73190,144282,0,0,0,71092,73190,144282
Hobart,2006,4,551,549,1100,0,0,0,551,549,1100,Hobart,67273,70243,137516,0,0,0,67273,70243,137516
Hobart,2006,5,566,565,1131,0,0,0,566,565,1131,Hobart,57520,62512,120032,0,0,0,57520,62512,120032
Hobart,2006,6,544,546,1090,0,0,0,544,546,1090,Hobart,57896,56556,114452,0,0,0,57896,56556,114452
Hobart,2006,7,549,546,1095,0,0,0,549,546,1095,Hobart,58715,58423,117138,0,0,0,58715,58423,117138
Hobart,2006,8,554,556,1110,0,0,0,554,556,1110,Hobart,61404,62064,123468,0,0,0,61404,62064,123468
Hobart,2006,9,537,539,1076,0,0,0,537,539,1076,Hobart,65005,62128,127133,0,0,0,65005,62128,127133
Hobart,2006,10,572,563,1135,0,0,0,572,563,1135,Hobart,69747,69473,139220,0,0,0,69747,69473,139220
Hobart,2006,11,568,562,1130,0,0,0,568,562,1130,Hobart,71053,71488,142541,0,0,0,71053,71488,142541
Hobart,2006,12,597,595,1192,0,0,0,597,595,1192,Hobart,79214,73890,153104,0,0,0,79214,73890,153104
Hobart,2007,1,583,584,1167,0,0,0,583,584,1167,Hobart,74183,82177,156360,0,0,0,74183,82177,156360
Hobart,2007,2,525,524,1049,0,0,0,525,524,1049,Hobart,69946,68219,138165,0,0,0,69946,68219,138165
Hobart,2007,3,578,578,1156,0,0,0,578,578,1156,Hobart,71245,73649,144894,0,0,0,71245,73649,144894
Hobart,2007,4,566,557,1123,0,0,0,566,557,1123,Hobart,68395,69794,138189,0,0,0,68395,69794,138189
Hobart,2007,5,581,578,1159,0,0,0,581,578,1159,Hobart,62339,66819,129158,0,0,0,62339,66819,129158
Hobart,2007,6,554,551,1105,0,0,0,554,551,1105,Hobart,61143,58904,120047,0,0,0,61143,58904,120047
Hobart,2007,7,560,560,1120,0,0,0,560,560,1120,Hobart,61145,61877,123022,0,0,0,61145,61877,123022
Hobart,2007,8,584,575,1159,0,0,0,584,575,1159,Hobart,64598,65822,130420,0,0,0,64598,65822,130420
Hobart,2007,9,560,557,1117,0,0,0,560,557,1117,Hobart,70254,66678,136932,0,0,0,70254,66678,136932
Hobart,2007,10,580,578,1158,0,0,0,580,578,1158,Hobart,71647,72259,143906,0,0,0,71647,72259,143906
Hobart,2007,11,589,586,1175,0,0,0,589,586,1175,Hobart,74359,73884,148243,0,0,0,74359,73884,148243
Hobart,2007,12,634,631,1265,0,0,0,634,631,1265,Hobart,79900,74360,154260,0,0,0,79900,74360,154260
Hobart,2008,1,667,660,1327,0,0,0,667,660,1327,Hobart,82554,89618,172172,0,0,0,82554,89618,172172
Hobart,2008,2,583,582,1165,0,0,0,583,582,1165,Hobart,79125,76244,155369,0,0,0,79125,76244,155369
Hobart,2008,3,626,624,1250,0,0,0,626,624,1250,Hobart,82340,85142,167482,0,0,0,82340,85142,167482
Hobart,2008,4,615,612,1227,0,0,0,615,612,1227,Hobart,72754,75363,148117,0,0,0,72754,75363,148117
Hobart,2008,5,646,646,1292,0,0,0,646,646,1292,Hobart,69001,73578,142579,0,0,0,69001,73578,142579
Hobart,2008,6,618,615,1233,0,0,0,618,615,1233,Hobart,69546,66193,135739,0,0,0,69546,66193,135739
Hobart,2008,7,628,621,1249,0,0,0,628,621,1249,Hobart,66808,69005,135813,0,0,0,66808,69005,135813
Hobart,2008,8,618,622,1240,0,0,0,618,622,1240,Hobart,68373,70599,138972,0,0,0,68373,70599,138972
Hobart,2008,9,643,642,1285,0,0,0,643,642,1285,Hobart,75474,71859,147333,0,0,0,75474,71859,147333
Hobart,2008,10,658,659,1317,0,0,0,658,659,1317,Hobart,77153,78819,155972,0,0,0,77153,78819,155972
Hobart,2008,11,642,642,1284,0,0,0,642,642,1284,Hobart,79286,79833,159119,0,0,0,79286,79833,159119
Hobart,2008,12,672,673,1345,0,0,0,672,673,1345,Hobart,89517,82686,172203,0,0,0,89517,82686,172203
Hobart,2009,1,651,650,1301,0,0,0,651,650,1301,Hobart,88551,96258,184809,0,0,0,88551,96258,184809
Hobart,2009,2,565,564,1129,0,0,0,565,564,1129,Hobart,80226,77967,158193,0,0,0,80226,77967,158193
Hobart,2009,3,630,629,1259,0,0,0,630,629,1259,Hobart,85655,88241,173896,0,0,0,85655,88241,173896
Hobart,2009,4,633,636,1269,0,0,0,633,636,1269,Hobart,80504,81802,162306,0,0,0,80504,81802,162306
Hobart,2009,5,585,587,1172,0,0,0,585,587,1172,Hobart,71580,76766,148346,0,0,0,71580,76766,148346
Hobart,2009,6,588,589,1177,0,0,0,588,589,1177,Hobart,67913,64387,132300,0,0,0,67913,64387,132300
Hobart,2009,7,631,630,1261,0,0,0,631,630,1261,Hobart,69369,70328,139697,0,0,0,69369,70328,139697
Hobart,2009,8,602,600,1202,0,0,0,602,600,1202,Hobart,72844,73169,146013,0,0,0,72844,73169,146013
Hobart,2009,9,599,600,1199,0,0,0,599,600,1199,Hobart,77671,73040,150711,0,0,0,77671,73040,150711
Hobart,2009,10,618,617,1235,0,0,0,618,617,1235,Hobart,79255,78683,157938,0,0,0,79255,78683,157938
Hobart,2009,11,587,586,1173,0,0,0,587,586,1173,Hobart,78141,78185,156326,0,0,0,78141,78185,156326
Hobart,2009,12,619,618,1237,0,0,0,619,618,1237,Hobart,85143,78781,163924,0,0,0,85143,78781,163924
Hobart,2010,1,655,640,1295,0,0,0,655,640,1295,Hobart,82337,89740,172077,0,0,0,82337,89740,172077
Hobart,2010,2,602,588,1190,0,0,0,602,588,1190,Hobart,80480,77113,157593,0,0,0,80480,77113,157593
Hobart,2010,3,697,687,1384,0,0,0,697,687,1384,Hobart,83340,84388,167728,0,0,0,83340,84388,167728
Hobart,2010,4,682,671,1353,0,0,0,682,671,1353,Hobart,77541,81585,159126,0,0,0,77541,81585,159126
Hobart,2010,5,668,664,1332,0,0,0,668,664,1332,Hobart,70607,76458,147065,0,0,0,70607,76458,147065
Hobart,2010,6,660,645,1305,0,0,0,660,645,1305,Hobart,70837,66836,137673,0,0,0,70837,66836,137673
Hobart,2010,7,694,680,1374,0,0,0,694,680,1374,Hobart,70896,73702,144598,0,0,0,70896,73702,144598
Hobart,2010,8,645,634,1279,0,0,0,645,634,1279,Hobart,71393,72567,143960,0,0,0,71393,72567,143960
Hobart,2010,9,643,626,1269,0,0,0,643,626,1269,Hobart,79678,71781,151459,0,0,0,79678,71781,151459
Hobart,2010,10,674,655,1329,0,0,0,674,655,1329,Hobart,78044,78129,156173,0,0,0,78044,78129,156173
Hobart,2010,11,660,645,1305,0,0,0,660,645,1305,Hobart,80259,81028,161287,0,0,0,80259,81028,161287
Hobart,2010,12,773,758,1531,0,0,0,773,758,1531,Hobart,97986,85367,183353,0,0,0,97986,85367,183353
Hobart,2011,1,837,824,1661,0,0,0,837,824,1661,Hobart,92675,106709,199384,0,0,0,92675,106709,199384
Hobart,2011,2,702,689,1391,0,0,0,702,689,1391,Hobart,83321,79592,162913,0,0,0,83321,79592,162913
Hobart,2011,3,736,723,1459,0,0,0,736,723,1459,Hobart,87289,90641,177930,0,0,0,87289,90641,177930
Hobart,2011,4,614,600,1214,0,0,0,614,600,1214,Hobart,76354,80101,156455,0,0,0,76354,80101,156455
Hobart,2011,5,610,601,1211,0,0,0,610,601,1211,Hobart,69370,76509,145879,0,0,0,69370,76509,145879
Hobart,2011,6,526,515,1041,0,0,0,526,515,1041,Hobart,60645,59129,119774,0,0,0,60645,59129,119774
Hobart,2011,7,613,595,1208,0,0,0,613,595,1208,Hobart,67266,68520,135786,0,0,0,67266,68520,135786
Hobart,2011,8,591,574,1165,0,0,0,591,574,1165,Hobart,66258,68792,135050,0,0,0,66258,68792,135050
Hobart,2011,9,592,576,1168,0,0,0,592,576,1168,Hobart,74384,66544,140928,0,0,0,74384,66544,140928
Hobart,2011,10,608,581,1189,0,0,0,608,581,1189,Hobart,74678,75770,150448,0,0,0,74678,75770,150448
Hobart,2011,11,604,575,1179,0,0,0,604,575,1179,Hobart,76263,76813,153076,0,0,0,76263,76813,153076
Hobart,2011,12,658,632,1290,0,0,0,658,632,1290,Hobart,89010,78048,167058,0,0,0,89010,78048,167058
Hobart,2012,1,714,687,1401,0,0,0,714,687,1401,Hobart,84357,97944,182301,0,0,0,84357,97944,182301
Hobart,2012,2,613,585,1198,0,0,0,613,585,1198,Hobart,78675,76620,155295,0,0,0,78675,76620,155295
Hobart,2012,3,644,628,1272,0,0,0,644,628,1272,Hobart,81410,84749,166159,0,0,0,81410,84749,166159
Hobart,2012,4,588,575,1163,0,0,0,588,575,1163,Hobart,75329,78629,153958,0,0,0,75329,78629,153958
Hobart,2012,5,590,578,1168,0,0,0,590,578,1168,Hobart,66036,73834,139870,0,0,0,66036,73834,139870
Hobart,2012,6,571,557,1128,0,0,0,571,557,1128,Hobart,69742,64966,134708,0,0,0,69742,64966,134708
Hobart,2012,7,610,594,1204,0,0,0,610,594,1204,Hobart,69699,70926,140625,0,0,0,69699,70926,140625
Hobart,2012,8,606,592,1198,0,0,0,606,592,1198,Hobart,69350,70866,140216,0,0,0,69350,70866,140216
Hobart,2012,9,630,614,1244,0,0,0,630,614,1244,Hobart,82379,73729,156108,0,0,0,82379,73729,156108
Hobart,2012,10,670,657,1327,0,0,0,670,657,1327,Hobart,81473,84636,166109,0,0,0,81473,84636,166109
Hobart,2012,11,745,736,1481,0,0,0,745,736,1481,Hobart,91650,90863,182513,0,0,0,91650,90863,182513
Hobart,2012,12,831,817,1648,0,0,0,831,817,1648,Hobart,108100,93064,201164,0,0,0,108100,93064,201164
Hobart,2013,1,834,821,1655,0,0,0,834,821,1655,Hobart,95467,112438,207905,0,0,0,95467,112438,207905
Hobart,2013,2,679,664,1343,0,0,0,679,664,1343,Hobart,84575,84478,169053,0,0,0,84575,84478,169053
Hobart,2013,3,780,764,1544,0,0,0,780,764,1544,Hobart,96515,95278,191793,0,0,0,96515,95278,191793
Hobart,2013,4,687,673,1360,0,0,0,687,673,1360,Hobart,83602,94754,178356,0,0,0,83602,94754,178356
Hobart,2013,5,616,601,1217,0,0,0,616,601,1217,Hobart,74986,75030,150016,0,0,0,74986,75030,150016
Hobart,2013,6,602,587,1189,0,0,0,602,587,1189,Hobart,71412,71281,142693,0,0,0,71412,71281,142693
Hobart,2013,7,676,663,1339,0,0,0,676,663,1339,Hobart,81088,83784,164872,0,0,0,81088,83784,164872
Hobart,2013,8,650,636,1286,0,0,0,650,636,1286,Hobart,79622,80027,159649,0,0,0,79622,80027,159649
Hobart,2013,9,676,661,1337,0,0,0,676,661,1337,Hobart,81809,78832,160641,0,0,0,81809,78832,160641
Hobart,2013,10,702,687,1389,0,0,0,702,687,1389,Hobart,91869,89038,180907,0,0,0,91869,89038,180907
Hobart,2013,11,689,672,1361,0,0,0,689,672,1361,Hobart,91192,90315,181507,0,0,0,91192,90315,181507
Hobart,2013,12,779,765,1544,0,0,0,779,765,1544,Hobart,108502,95812,204314,0,0,0,108502,95812,204314
Hobart,2014,1,790,774,1564,0,0,0,790,774,1564,Hobart,99727,112709,212436,0,0,0,99727,112709,212436
Hobart,2014,2,618,605,1223,0,0,0,618,605,1223,Hobart,85952,85280,171232,0,0,0,85952,85280,171232
Hobart,2014,3,735,719,1454,0,0,0,735,719,1454,Hobart,94087,98207,192294,0,0,0,94087,98207,192294
Hobart,2014,4,683,669,1352,0,0,0,683,669,1352,Hobart,84171,90769,174940,0,0,0,84171,90769,174940
Hobart,2014,5,624,610,1234,0,0,0,624,610,1234,Hobart,76390,76964,153354,0,0,0,76390,76964,153354
Hobart,2014,6,646,634,1280,0,0,0,646,634,1280,Hobart,75294,75202,150496,0,0,0,75294,75202,150496
Hobart,2014,7,722,707,1429,0,0,0,722,707,1429,Hobart,82618,85222,167840,0,0,0,82618,85222,167840
Hobart,2014,8,700,683,1383,0,0,0,700,683,1383,Hobart,78837,79802,158639,0,0,0,78837,79802,158639
Hobart,2014,9,703,689,1392,0,0,0,703,689,1392,Hobart,81768,78408,160176,0,0,0,81768,78408,160176
Hobart,2014,10,743,729,1472,0,0,0,743,729,1472,Hobart,95303,91155,186458,0,0,0,95303,91155,186458
Hobart,2014,11,716,700,1416,0,0,0,716,700,1416,Hobart,94398,94140,188538,0,0,0,94398,94140,188538
Hobart,2014,12,838,824,1662,0,0,0,838,824,1662,Hobart,112735,98843,211578,0,0,0,112735,98843,211578
Hobart,2015,1,868,852,1720,0,0,0,868,852,1720,Hobart,105456,120299,225755,0,0,0,105456,120299,225755
Hobart,2015,2,667,652,1319,0,0,0,667,652,1319,Hobart,94081,91925,186006,0,0,0,94081,91925,186006
Hobart,2015,3,743,730,1473,0,0,0,743,730,1473,Hobart,97209,101984,199193,0,0,0,97209,101984,199193
Hobart,2015,4,710,694,1404,0,0,0,710,694,1404,Hobart,89654,94013,183667,0,0,0,89654,94013,183667
Hobart,2015,5,691,668,1359,0,0,0,691,668,1359,Hobart,79587,82903,162490,0,0,0,79587,82903,162490
Hobart,2015,6,679,660,1339,0,0,0,679,660,1339,Hobart,78217,77801,156018,0,0,0,78217,77801,156018
Hobart,2015,7,724,708,1432,0,0,0,724,708,1432,Hobart,84845,88470,173315,0,0,0,84845,88470,173315
Hobart,2015,8,705,691,1396,0,0,0,705,691,1396,Hobart,80594,80957,161551,0,0,0,80594,80957,161551
Hobart,2015,9,707,692,1399,0,0,0,707,692,1399,Hobart,86809,83347,170156,0,0,0,86809,83347,170156
Hobart,2015,10,758,741,1499,0,0,0,758,741,1499,Hobart,99361,94374,193735,0,0,0,99361,94374,193735
Hobart,2015,11,750,737,1487,0,0,0,750,737,1487,Hobart,99925,99671,199596,0,0,0,99925,99671,199596
Hobart,2015,12,873,856,1729,0,0,0,873,856,1729,Hobart,119726,107224,226950,0,0,0,119726,107224,226950
Hobart,2016,1,889,873,1762,0,0,0,889,873,1762,Hobart,108012,124464,232476,0,0,0,108012,124464,232476
Hobart,2016,2,713,700,1413,0,0,0,713,700,1413,Hobart,97978,97936,195914,0,0,0,97978,97936,195914
Hobart,2016,3,809,792,1601,0,0,0,809,792,1601,Hobart,104741,107306,212047,0,0,0,104741,107306,212047
Hobart,2016,4,771,755,1526,0,0,0,771,755,1526,Hobart,94140,102924,197064,0,0,0,94140,102924,197064
Hobart,2016,5,736,722,1458,0,0,0,736,722,1458,Hobart,86020,90531,176551,0,0,0,86020,90531,176551
Hobart,2016,6,733,716,1449,0,0,0,733,716,1449,Hobart,86667,86917,173584,0,0,0,86667,86917,173584
Hobart,2016,7,792,765,1557,0,0,0,792,765,1557,Hobart,90828,92811,183639,0,0,0,90828,92811,183639
Hobart,2016,8,751,727,1478,0,0,0,751,727,1478,Hobart,83265,85213,168478,0,0,0,83265,85213,168478
Hobart,2016,9,767,738,1505,0,0,0,767,738,1505,Hobart,94732,90362,185094,0,0,0,94732,90362,185094
Hobart,2016,10,815,790,1605,0,0,0,815,790,1605,Hobart,104258,101159,205417,0,0,0,104258,101159,205417
Hobart,2016,11,795,779,1574,0,0,0,795,779,1574,Hobart,103495,103545,207040,0,0,0,103495,103545,207040
Hobart,2016,12,925,908,1833,0,0,0,925,908,1833,Hobart,127433,113400,240833,0,0,0,127433,113400,240833
Hobart,2017,1,945,930,1875,0,0,0,945,930,1875,Hobart,118191,132076,250267,0,0,0,118191,132076,250267
Hobart,2017,2,755,741,1496,0,0,0,755,741,1496,Hobart,103325,102059,205384,0,0,0,103325,102059,205384
Hobart,2017,3,835,821,1656,0,0,0,835,821,1656,Hobart,107501,111737,219238,0,0,0,107501,111737,219238
Hobart,2017,4,791,777,1568,0,0,0,791,777,1568,Hobart,104746,109772,214518,0,0,0,104746,109772,214518
Hobart,2017,5,723,709,1432,0,0,0,723,709,1432,Hobart,88382,92193,180575,0,0,0,88382,92193,180575
Hobart,2017,6,730,714,1444,0,0,0,730,714,1444,Hobart,90673,89636,180309,0,0,0,90673,89636,180309
Hobart,2017,7,778,768,1546,0,0,0,778,768,1546,Hobart,99196,102431,201627,0,0,0,99196,102431,201627
Hobart,2017,8,722,707,1429,0,0,0,722,707,1429,Hobart,87387,87859,175246,0,0,0,87387,87859,175246
Hobart,2017,9,740,727,1467,0,0,0,740,727,1467,Hobart,97992,91468,189460,0,0,0,97992,91468,189460
Hobart,2017,10,797,779,1576,0,0,0,797,779,1576,Hobart,108902,108200,217102,0,0,0,108902,108200,217102
Hobart,2017,11,787,770,1557,0,0,0,787,770,1557,Hobart,110717,110395,221112,0,0,0,110717,110395,221112
Hobart,2017,12,961,940,1901,0,0,0,961,940,1901,Hobart,135137,120368,255505,0,0,0,135137,120368,255505
Hobart,2018,1,1004,989,1993,0,0,0,1004,989,1993,Hobart,125218,141366,266584,0,0,0,125218,141366,266584
Hobart,2018,2,799,784,1583,0,0,0,799,784,1583,Hobart,113258,109757,223015,0,0,0,113258,109757,223015
Hobart,2018,3,873,859,1732,0,0,0,873,859,1732,Hobart,123639,124859,248498,0,0,0,123639,124859,248498
Hobart,2018,4,816,798,1614,0,0,0,816,798,1614,Hobart,111145,118749,229894,0,0,0,111145,118749,229894
Hobart,2018,5,705,690,1395,0,0,0,705,690,1395,Hobart,90232,93341,183573,0,0,0,90232,93341,183573
Hobart,2018,6,704,689,1393,0,0,0,704,689,1393,Hobart,91837,92643,184480,0,0,0,91837,92643,184480
Hobart,2018,7,780,773,1553,0,0,0,780,773,1553,Hobart,106020,106872,212892,0,0,0,106020,106872,212892
Hobart,2018,8,725,715,1440,0,0,0,725,715,1440,Hobart,94063,94842,188905,0,0,0,94063,94842,188905
Hobart,2018,9,755,750,1505,0,0,0,755,750,1505,Hobart,101772,96920,198692,0,0,0,101772,96920,198692
Hobart,2018,10,845,839,1684,0,0,0,845,839,1684,Hobart,118753,117015,235768,0,0,0,118753,117015,235768
Hobart,2018,11,838,832,1670,0,0,0,838,832,1670,Hobart,119996,117668,237664,0,0,0,119996,117668,237664
Hobart,2018,12,959,956,1915,0,0,0,959,956,1915,Hobart,141828,124835,266663,0,0,0,141828,124835,266663
Hobart,2019,1,996,996,1992,0,0,0,996,996,1992,Hobart,130366,147840,278206,0,0,0,130366,147840,278206
Hobart,2019,2,814,810,1624,0,0,0,814,810,1624,Hobart,118030,113881,231911,0,0,0,118030,113881,231911
Hobart,2019,3,879,877,1756,0,0,0,879,877,1756,Hobart,120100,123918,244018,0,0,0,120100,123918,244018
Hobart,2019,4,839,838,1677,0,0,0,839,838,1677,Hobart,114959,119517,234476,0,0,0,114959,119517,234476
Hobart,2019,5,762,757,1519,0,0,0,762,757,1519,Hobart,95801,98915,194716,0,0,0,95801,98915,194716
Hobart,2019,6,767,765,1532,0,0,0,767,765,1532,Hobart,100817,100831,201648,0,0,0,100817,100831,201648
Hobart,2019,7,830,830,1660,0,0,0,830,830,1660,Hobart,109278,111707,220985,0,0,0,109278,111707,220985
Hobart,2019,8,764,758,1522,0,0,0,764,758,1522,Hobart,101185,101926,203111,0,0,0,101185,101926,203111
Hobart,2019,9,787,786,1573,0,0,0,787,786,1573,Hobart,108777,103743,212520,0,0,0,108777,103743,212520
Hobart,2019,10,857,853,1710,0,0,0,857,853,1710,Hobart,121894,119785,241679,0,0,0,121894,119785,241679
Hobart,2019,11,861,858,1719,0,0,0,861,858,1719,Hobart,123885,123263,247148,0,0,0,123885,123263,247148
Hobart,2019,12,1000,984,1984,0,0,0,1000,984,1984,Hobart,144019,127302,271321,0,0,0,144019,127302,271321
Hobart,2020,1,977,972,1949,0,0,0,977,972,1949,Hobart,135552,149565,285117,0,0,0,135552,149565,285117
Hobart,2020,2,842,838,1680,0,0,0,842,838,1680,Hobart,115076,113163,228239,0,0,0,115076,113163,228239
Hobart,2020,3,678,680,1358,0,0,0,678,680,1358,Hobart,72088,80867,152955,0,0,0,72088,80867,152955
Hobart,2020,4,68,68,136,1,1,2,69,69,138,Hobart,780,1341,2121,0,0,0,780,1341,2121
Hobart,2020,5,68,64,132,0,0,0,68,64,132,Hobart,1263,2003,3266,0,0,0,1263,2003,3266
Hobart,2020,6,66,63,129,0,0,0,66,63,129,Hobart,2302,3099,5401,0,0,0,2302,3099,5401
Hobart,2020,7,84,80,164,0,0,0,84,80,164,Hobart,2840,3618,6458,0,0,0,2840,3618,6458
Hobart,2020,8,107,107,214,0,0,0,107,107,214,Hobart,2400,3050,5450,0,0,0,2400,3050,5450
Hobart,2020,9,109,109,218,0,0,0,109,109,218,Hobart,2423,2660,5083,0,0,0,2423,2660,5083
Hobart,2020,10,121,120,241,0,0,0,121,120,241,Hobart,4246,4699,8945,0,0,0,4246,4699,8945
Hobart,2020,11,272,273,545,0,0,0,272,273,545,Hobart,23926,21419,45345,0,0,0,23926,21419,45345
Hobart,2020,12,674,671,1345,4,4,8,678,675,1353,Hobart,72103,59180,131283,0,0,0,72103,59180,131283
Hobart,2021,1,658,657,1315,13,13,26,671,670,1341,Hobart,59922,70307,130229,0,0,0,59922,70307,130229
Hobart,2021,2,515,515,1030,4,4,8,519,519,1038,Hobart,50326,48098,98424,0,0,0,50326,48098,98424
Hobart,2021,3,746,741,1487,0,0,0,746,741,1487,Hobart,76227,77215,153442,0,0,0,76227,77215,153442
Hobart,2021,4,856,854,1710,3,3,6,859,857,1716,Hobart,93921,96316,190237,137,183,320,94058,96499,190557
Hobart,2021,5,734,737,1471,9,9,18,743,746,1489,Hobart,74074,79535,153609,488,562,1050,74562,80097,154659
Hobart,2021,6,557,556,1113,7,7,14,564,563,1127,Hobart,56217,52554,108771,689,702,1391,56906,53256,110162
Hobart,2021,7,519,522,1041,8,8,16,527,530,1057,Hobart,38053,44465,82518,833,886,1719,38886,45351,84237
Hobart,2021,8,296,296,592,0,0,0,296,296,592,Hobart,17404,18076,35480,0,0,0,17404,18076,35480
Hobart,2021,9,328,327,655,0,0,0,328,327,655,Hobart,25466,24138,49604,0,0,0,25466,24138,49604
Hobart,2021,10,399,395,794,0,0,0,399,395,794,Hobart,27175,26525,53700,0,0,0,27175,26525,53700
Hobart,2021,11,451,451,902,1,1,2,452,452,904,Hobart,32624,32982,65606,0,0,0,32624,32982,65606
Hobart,2021,12,829,824,1653,4,4,8,833,828,1661,Hobart,78179,61490,139669,0,0,0,78179,61490,139669
Hobart,2022,1,878,876,1754,0,0,0,878,876,1754,Hobart,70894,85446,156340,0,0,0,70894,85446,156340
Hobart,2022,2,599,597,1196,0,0,0,599,597,1196,Hobart,66138,64432,130570,0,0,0,66138,64432,130570
Hobart,2022,3,822,819,1641,0,0,0,822,819,1641,Hobart,86896,89061,175957,0,0,0,86896,89061,175957
Hobart,2022,4,989,987,1976,0,0,0,989,987,1976,Hobart,113765,118659,232424,0,0,0,113765,118659,232424
Hobart,2022,5,883,881,1764,0,0,0,883,881,1764,Hobart,93746,96842,190588,0,0,0,93746,96842,190588
Hobart,2022,6,872,867,1739,0,0,0,872,867,1739,Hobart,97517,93865,191382,0,0,0,97517,93865,191382
Hobart,2022,7,838,837,1675,7,6,13,845,843,1688,Hobart,97861,105202,203063,753,716,1469,98614,105918,204532
Hobart,2022,8,731,732,1463,7,7,14,738,739,1477,Hobart,85422,84173,169595,547,565,1112,85969,84738,170707
Hobart,2022,9,744,742,1486,8,8,16,752,750,1502,Hobart,95823,90097,185920,947,904,1851,96770,91001,187771
Hobart,2022,10,809,804,1613,9,9,18,818,813,1631,Hobart,103985,102869,206854,1508,1468,2976,105493,104337,209830
Hobart,2022,11,871,862,1733,13,13,26,884,875,1759,Hobart,106859,106469,213328,1778,1801,3579,108637,108270,216907
Hobart,2022,12,1008,1005,2013,15,15,30,1023,1020,2043,Hobart,123479,109511,232990,1730,1810,3540,125209,111321,236530
Hobart,2023,1,1012,1007,2019,13,13,26,1025,1020,2045,Hobart,117108,131344,248452,2065,1997,4062,119173,133341,252514
Hobart,2023,2,853,848,1701,10,10,20,863,858,1721,Hobart,106003,103872,209875,1576,1483,3059,107579,105355,212934
Hobart,2023,3,923,916,1839,12,12,24,935,928,1863,Hobart,114440,117129,231569,1813,1830,3643,116253,118959,235212
Hobart,2023,4,863,859,1722,13,13,26,876,872,1748,Hobart,105358,110247,215605,1788,1848,3636,107146,112095,219241
Hobart,2023,5,791,791,1582,8,8,16,799,799,1598,Hobart,92852,97147,189999,905,965,1870,93757,98112,191869
Hobart,2023,6,783,779,1562,9,9,18,792,788,1580,Hobart,98820,93843,192663,812,847,1659,99632,94690,194322
Hobart,2023,7,778,779,1557,9,9,18,787,788,1575,Hobart,95521,102655,198176,808,873,1681,96329,103528,199857
Hobart,2023,8,750,747,1497,8,8,16,758,755,1513,Hobart,92652,91560,184212,722,691,1413,93374,92251,185625
Hobart,2023,9,795,794,1589,7,7,14,802,801,1603,Hobart,101661,96216,197877,907,889,1796,102568,97105,199673
Hobart,2023,10,886,882,1768,9,9,18,895,891,1786,Hobart,112922,111912,224834,1328,1307,2635,114250,113219,227469
Hobart,2023,11,847,844,1691,13,13,26,860,857,1717,Hobart,113296,111212,224508,1884,1970,3854,115180,113182,228362
Hobart,2023,12,1021,1021,2042,11,11,22,1032,1032,2064,Hobart,139047,122697,261744,1297,1310,2607,140344,124007,264351
Hobart,2024,1,1096,1090,2186,11,11,22,1107,1101,2208,Hobart,131225,145439,276664,1529,1606,3135,132754,147045,279799
Hobart,2024,2,873,873,1746,13,13,26,886,886,1772,Hobart,117233,114579,231812,1944,1970,3914,119177,116549,235726
Hobart,2024,3,931,932,1863,13,13,26,944,945,1889,Hobart,122225,121583,243808,1992,2175,4167,124217,123758,247975
Hobart,2024,4,901,902,1803,2,2,4,903,904,1807,Hobart,110250,118400,228650,275,281,556,110525,118681,229206
Hobart,2024,5,778,780,1558,0,0,0,778,780,1558,Hobart,93974,97700,191674,0,0,0,93974,97700,191674
Hobart,2024,6,759,761,1520,0,0,0,759,761,1520,Hobart,95277,92438,187715,0,0,0,95277,92438,187715
Hobart,2024,7,842,841,1683,0,0,0,842,841,1683,Hobart,105623,109924,215547,0,0,0,105623,109924,215547
Hobart,2024,8,755,754,1509,0,0,0,755,754,1509,Hobart,99397,98490,197887,0,0,0,99397,98490,197887
Hobart,2024,9,775,776,1551,0,0,0,775,776,1551,Hobart,105263,102317,207580,0,0,0,105263,102317,207580
Hobart,2024,10,820,822,1642,3,3,6,823,825,1648,Hobart,118654,116355,235009,436,372,808,119090,116727,235817
Hobart,2024,11,805,805,1610,12,12,24,817,817,1634,Hobart,121233,116850,238083,1836,1905,3741,123069,118755,241824
Hobart,2024,12,954,954,1908,13,13,26,967,967,1934,Hobart,146168,128689,274857,2013,1958,3971,148181,130647,278828
Hobart,2025,1,1007,1002,2009,11,11,22,1018,1013,2031,Hobart,145093,157739,302832,1873,1877,3750,146966,159616,306582
Hobart,2025,2,777,775,1552,11,11,22,788,786,1574,Hobart,114691,113391,228082,1834,1735,3569,116525,115126,231651
Hobart,2025,3,862,861,1723,12,12,24,874,873,1747,Hobart,121767,126492,248259,2129,2129,4258,123896,128621,252517
Hobart,2025,4,835,835,1670,0,0,0,835,835,1670,Hobart,119004,123766,242770,0,0,0,119004,123766,242770
Hobart,2025,5,760,760,1520,0,0,0,760,760,1520,Hobart,102922,105479,208401,0,0,0,102922,105479,208401
Hobart,2025,6,738,738,1476,0,0,0,738,738,1476,Hobart,101892,100585,202477,0,0,0,101892,100585,202477
Karratha,1985,1,258,286,544,0,0,0,258,286,544,Karratha,8030,7402,15432,0,0,0,8030,7402,15432
Karratha,1985,2,233,249,482,0,0,0,233,249,482,Karratha,6380,6313,12693,0,0,0,6380,6313,12693
Karratha,1985,3,243,261,504,0,0,0,243,261,504,Karratha,6549,6765,13314,0,0,0,6549,6765,13314
Karratha,1985,4,252,262,514,0,0,0,252,262,514,Karratha,7440,7359,14799,0,0,0,7440,7359,14799
Karratha,1985,5,274,283,557,0,0,0,274,283,557,Karratha,8669,8803,17472,0,0,0,8669,8803,17472
Karratha,1985,6,253,262,515,0,0,0,253,262,515,Karratha,8203,8015,16218,0,0,0,8203,8015,16218
Karratha,1985,7,264,268,532,0,0,0,264,268,532,Karratha,8029,8140,16169,0,0,0,8029,8140,16169
Karratha,1985,8,271,269,540,0,0,0,271,269,540,Karratha,8995,9028,18023,0,0,0,8995,9028,18023
Karratha,1985,9,256,260,516,0,0,0,256,260,516,Karratha,8919,8930,17849,0,0,0,8919,8930,17849
Karratha,1985,10,256,262,518,0,0,0,256,262,518,Karratha,8374,8370,16744,0,0,0,8374,8370,16744
Karratha,1985,11,262,269,531,0,0,0,262,269,531,Karratha,8952,9304,18256,0,0,0,8952,9304,18256
Karratha,1985,12,266,284,550,0,0,0,266,284,550,Karratha,8693,10703,19396,0,0,0,8693,10703,19396
Karratha,1986,1,231,230,461,0,0,0,231,230,461,Karratha,9631,8833,18464,0,0,0,9631,8833,18464
Karratha,1986,2,208,204,412,0,0,0,208,204,412,Karratha,7376,7643,15019,0,0,0,7376,7643,15019
Karratha,1986,3,223,222,445,0,0,0,223,222,445,Karratha,7954,8064,16018,0,0,0,7954,8064,16018
Karratha,1986,4,218,215,433,0,0,0,218,215,433,Karratha,8362,8197,16559,0,0,0,8362,8197,16559
Karratha,1986,5,239,243,482,0,0,0,239,243,482,Karratha,8285,8487,16772,0,0,0,8285,8487,16772
Karratha,1986,6,229,231,460,0,0,0,229,231,460,Karratha,9204,8985,18189,0,0,0,9204,8985,18189
Karratha,1986,7,240,242,482,0,0,0,240,242,482,Karratha,9696,9834,19530,0,0,0,9696,9834,19530
Karratha,1986,8,241,246,487,0,0,0,241,246,487,Karratha,8313,8552,16865,0,0,0,8313,8552,16865
Karratha,1986,9,228,227,455,0,0,0,228,227,455,Karratha,8554,8443,16997,0,0,0,8554,8443,16997
Karratha,1986,10,240,245,485,0,0,0,240,245,485,Karratha,8918,9214,18132,0,0,0,8918,9214,18132
Karratha,1986,11,216,221,437,0,0,0,216,221,437,Karratha,7827,8011,15838,0,0,0,7827,8011,15838
Karratha,1986,12,249,258,507,0,0,0,249,258,507,Karratha,8863,10371,19234,0,0,0,8863,10371,19234
Karratha,1987,1,222,220,442,0,0,0,222,220,442,Karratha,9586,8341,17927,0,0,0,9586,8341,17927
Karratha,1987,2,201,204,405,0,0,0,201,204,405,Karratha,7458,7370,14828,0,0,0,7458,7370,14828
Karratha,1987,3,222,226,448,0,0,0,222,226,448,Karratha,8346,8049,16395,0,0,0,8346,8049,16395
Karratha,1987,4,212,216,428,0,0,0,212,216,428,Karratha,8817,8756,17573,0,0,0,8817,8756,17573
Karratha,1987,5,214,224,438,0,0,0,214,224,438,Karratha,8245,8443,16688,0,0,0,8245,8443,16688
Karratha,1987,6,208,214,422,0,0,0,208,214,422,Karratha,8333,8014,16347,0,0,0,8333,8014,16347
Karratha,1987,7,235,239,474,0,0,0,235,239,474,Karratha,9838,10007,19845,0,0,0,9838,10007,19845
Karratha,1987,8,226,228,454,0,0,0,226,228,454,Karratha,8644,8839,17483,0,0,0,8644,8839,17483
Karratha,1987,9,224,219,443,0,0,0,224,219,443,Karratha,8542,7996,16538,0,0,0,8542,7996,16538
Karratha,1987,10,223,233,456,0,0,0,223,233,456,Karratha,8628,8630,17258,0,0,0,8628,8630,17258
Karratha,1987,11,213,225,438,0,0,0,213,225,438,Karratha,7860,7721,15581,0,0,0,7860,7721,15581
Karratha,1987,12,198,223,421,0,0,0,198,223,421,Karratha,6827,9674,16501,0,0,0,6827,9674,16501
Karratha,1988,1,204,192,396,0,0,0,204,192,396,Karratha,9192,7245,16437,0,0,0,9192,7245,16437
Karratha,1988,2,183,186,369,0,0,0,183,186,369,Karratha,7258,6989,14247,0,0,0,7258,6989,14247
Karratha,1988,3,195,202,397,0,0,0,195,202,397,Karratha,7859,8469,16328,0,0,0,7859,8469,16328
Karratha,1988,4,185,190,375,0,0,0,185,190,375,Karratha,8041,7685,15726,0,0,0,8041,7685,15726
Karratha,1988,5,185,189,374,0,0,0,185,189,374,Karratha,7727,7425,15152,0,0,0,7727,7425,15152
Karratha,1988,6,186,191,377,0,0,0,186,191,377,Karratha,7965,8161,16126,0,0,0,7965,8161,16126
Karratha,1988,7,208,214,422,0,0,0,208,214,422,Karratha,8720,8956,17676,0,0,0,8720,8956,17676
Karratha,1988,8,200,208,408,0,0,0,200,208,408,Karratha,8189,8286,16475,0,0,0,8189,8286,16475
Karratha,1988,9,192,201,393,0,0,0,192,201,393,Karratha,7782,8182,15964,0,0,0,7782,8182,15964
Karratha,1988,10,187,192,379,0,0,0,187,192,379,Karratha,8114,7952,16066,0,0,0,8114,7952,16066
Karratha,1988,11,163,166,329,0,0,0,163,166,329,Karratha,6711,6719,13430,0,0,0,6711,6719,13430
Karratha,1988,12,161,174,335,0,0,0,161,174,335,Karratha,5977,7730,13707,0,0,0,5977,7730,13707
Karratha,1989,1,171,166,337,0,0,0,171,166,337,Karratha,7658,6338,13996,0,0,0,7658,6338,13996
Karratha,1989,2,144,146,290,0,0,0,144,146,290,Karratha,5674,5775,11449,0,0,0,5674,5775,11449
Karratha,1989,3,168,173,341,0,0,0,168,173,341,Karratha,6663,7023,13686,0,0,0,6663,7023,13686
Karratha,1989,4,163,165,328,0,0,0,163,165,328,Karratha,7040,6777,13817,0,0,0,7040,6777,13817
Karratha,1989,5,177,180,357,0,0,0,177,180,357,Karratha,7248,7420,14668,0,0,0,7248,7420,14668
Karratha,1989,6,157,159,316,0,0,0,157,159,316,Karratha,6601,6863,13464,0,0,0,6601,6863,13464
Karratha,1989,7,181,183,364,0,0,0,181,183,364,Karratha,7802,7849,15651,0,0,0,7802,7849,15651
Karratha,1989,8,115,117,232,0,0,0,115,117,232,Karratha,4393,4479,8872,0,0,0,4393,4479,8872
Karratha,1989,9,31,31,62,0,0,0,31,31,62,Karratha,1180,1295,2475,0,0,0,1180,1295,2475
Karratha,1989,10,91,91,182,0,0,0,91,91,182,Karratha,4187,4227,8414,0,0,0,4187,4227,8414
Karratha,1989,11,97,101,198,0,0,0,97,101,198,Karratha,4446,4532,8978,0,0,0,4446,4532,8978
Karratha,1989,12,110,121,231,0,0,0,110,121,231,Karratha,4510,5248,9758,0,0,0,4510,5248,9758
Karratha,1990,1,121,127,248,0,0,0,121,127,248,Karratha,5438,5039,10477,0,0,0,5438,5039,10477
Karratha,1990,2,107,114,221,0,0,0,107,114,221,Karratha,4664,4576,9240,0,0,0,4664,4576,9240
Karratha,1990,3,137,141,278,0,0,0,137,141,278,Karratha,5531,5512,11043,0,0,0,5531,5512,11043
Karratha,1990,4,135,138,273,0,0,0,135,138,273,Karratha,5876,5882,11758,0,0,0,5876,5882,11758
Karratha,1990,5,139,146,285,0,0,0,139,146,285,Karratha,5754,5761,11515,0,0,0,5754,5761,11515
Karratha,1990,6,122,128,250,0,0,0,122,128,250,Karratha,5577,5563,11140,0,0,0,5577,5563,11140
Karratha,1990,7,157,161,318,0,0,0,157,161,318,Karratha,7191,7276,14467,0,0,0,7191,7276,14467
Karratha,1990,8,150,152,302,0,0,0,150,152,302,Karratha,6572,6565,13137,0,0,0,6572,6565,13137
Karratha,1990,9,138,139,277,0,0,0,138,139,277,Karratha,6424,6584,13008,0,0,0,6424,6584,13008
Karratha,1990,10,163,170,333,0,0,0,163,170,333,Karratha,7187,7523,14710,0,0,0,7187,7523,14710
Karratha,1990,11,151,155,306,0,0,0,151,155,306,Karratha,6296,6503,12799,0,0,0,6296,6503,12799
Karratha,1990,12,136,143,279,0,0,0,136,143,279,Karratha,5689,6677,12366,0,0,0,5689,6677,12366
Karratha,1991,1,152,152,304,0,0,0,152,152,304,Karratha,6768,6001,12769,0,0,0,6768,6001,12769
Karratha,1991,2,131,127,258,0,0,0,131,127,258,Karratha,5131,5231,10362,0,0,0,5131,5231,10362
Karratha,1991,3,141,138,279,0,0,0,141,138,279,Karratha,5953,6078,12031,0,0,0,5953,6078,12031
Karratha,1991,4,150,140,290,0,0,0,150,140,290,Karratha,6668,6575,13243,0,0,0,6668,6575,13243
Karratha,1991,5,154,152,306,0,0,0,154,152,306,Karratha,6756,6988,13744,0,0,0,6756,6988,13744
Karratha,1991,6,142,137,279,0,0,0,142,137,279,Karratha,6567,6352,12919,0,0,0,6567,6352,12919
Karratha,1991,7,156,152,308,0,0,0,156,152,308,Karratha,7474,7438,14912,0,0,0,7474,7438,14912
Karratha,1991,8,137,138,275,0,0,0,137,138,275,Karratha,6225,6600,12825,0,0,0,6225,6600,12825
Karratha,1991,9,153,153,306,0,0,0,153,153,306,Karratha,7115,7432,14547,0,0,0,7115,7432,14547
Karratha,1991,10,164,162,326,0,0,0,164,162,326,Karratha,7476,7666,15142,0,0,0,7476,7666,15142
Karratha,1991,11,151,151,302,0,0,0,151,151,302,Karratha,6759,6987,13746,0,0,0,6759,6987,13746
Karratha,1991,12,141,143,284,0,0,0,141,143,284,Karratha,6109,7064,13173,0,0,0,6109,7064,13173
Karratha,1992,1,158,154,312,0,0,0,158,154,312,Karratha,7458,6452,13910,0,0,0,7458,6452,13910
Karratha,1992,2,142,141,283,0,0,0,142,141,283,Karratha,6403,6431,12834,0,0,0,6403,6431,12834
Karratha,1992,3,156,152,308,0,0,0,156,152,308,Karratha,7184,6724,13908,0,0,0,7184,6724,13908
Karratha,1992,4,159,155,314,0,0,0,159,155,314,Karratha,7055,7466,14521,0,0,0,7055,7466,14521
Karratha,1992,5,157,157,314,0,0,0,157,157,314,Karratha,7550,7412,14962,0,0,0,7550,7412,14962
Karratha,1992,6,160,160,320,0,0,0,160,160,320,Karratha,7695,7704,15399,0,0,0,7695,7704,15399
Karratha,1992,7,164,165,329,0,0,0,164,165,329,Karratha,7618,7849,15467,0,0,0,7618,7849,15467
Karratha,1992,8,152,151,303,0,0,0,152,151,303,Karratha,7083,7146,14229,0,0,0,7083,7146,14229
Karratha,1992,9,157,159,316,0,0,0,157,159,316,Karratha,7093,7382,14475,0,0,0,7093,7382,14475
Karratha,1992,10,155,159,314,0,0,0,155,159,314,Karratha,7309,7528,14837,0,0,0,7309,7528,14837
Karratha,1992,11,151,155,306,0,0,0,151,155,306,Karratha,6881,6785,13666,0,0,0,6881,6785,13666
Karratha,1992,12,149,156,305,0,0,0,149,156,305,Karratha,6360,7408,13768,0,0,0,6360,7408,13768
Karratha,1993,1,142,146,288,0,0,0,142,146,288,Karratha,6678,6274,12952,0,0,0,6678,6274,12952
Karratha,1993,2,132,134,266,0,0,0,132,134,266,Karratha,5930,5945,11875,0,0,0,5930,5945,11875
Karratha,1993,3,152,153,305,0,0,0,152,153,305,Karratha,6547,6529,13076,0,0,0,6547,6529,13076
Karratha,1993,4,151,154,305,0,0,0,151,154,305,Karratha,6677,6870,13547,0,0,0,6677,6870,13547
Karratha,1993,5,151,154,305,0,0,0,151,154,305,Karratha,6395,6299,12694,0,0,0,6395,6299,12694
Karratha,1993,6,150,153,303,0,0,0,150,153,303,Karratha,6691,6684,13375,0,0,0,6691,6684,13375
Karratha,1993,7,175,176,351,0,0,0,175,176,351,Karratha,8042,8272,16314,0,0,0,8042,8272,16314
Karratha,1993,8,168,170,338,0,0,0,168,170,338,Karratha,7928,7519,15447,0,0,0,7928,7519,15447
Karratha,1993,9,180,182,362,0,0,0,180,182,362,Karratha,8267,8434,16701,0,0,0,8267,8434,16701
Karratha,1993,10,168,176,344,0,0,0,168,176,344,Karratha,8548,8732,17280,0,0,0,8548,8732,17280
Karratha,1993,11,176,178,354,0,0,0,176,178,354,Karratha,8550,8419,16969,0,0,0,8550,8419,16969
Karratha,1993,12,164,169,333,0,0,0,164,169,333,Karratha,7568,8394,15962,0,0,0,7568,8394,15962
Karratha,1994,1,156,159,315,0,0,0,156,159,315,Karratha,7715,7195,14910,0,0,0,7715,7195,14910
Karratha,1994,2,159,160,319,0,0,0,159,160,319,Karratha,6973,6976,13949,0,0,0,6973,6976,13949
Karratha,1994,3,165,169,334,0,0,0,165,169,334,Karratha,7420,7457,14877,0,0,0,7420,7457,14877
Karratha,1994,4,161,164,325,0,0,0,161,164,325,Karratha,7666,7424,15090,0,0,0,7666,7424,15090
Karratha,1994,5,173,176,349,0,0,0,173,176,349,Karratha,7943,7716,15659,0,0,0,7943,7716,15659
Karratha,1994,6,178,180,358,0,0,0,178,180,358,Karratha,7890,7967,15857,0,0,0,7890,7967,15857
Karratha,1994,7,184,187,371,0,0,0,184,187,371,Karratha,9055,9123,18178,0,0,0,9055,9123,18178
Karratha,1994,8,195,198,393,0,0,0,195,198,393,Karratha,8840,9057,17897,0,0,0,8840,9057,17897
Karratha,1994,9,184,189,373,0,0,0,184,189,373,Karratha,8921,9039,17960,0,0,0,8921,9039,17960
Karratha,1994,10,190,193,383,0,0,0,190,193,383,Karratha,8997,9161,18158,0,0,0,8997,9161,18158
Karratha,1994,11,210,216,426,0,0,0,210,216,426,Karratha,9283,9283,18566,0,0,0,9283,9283,18566
Karratha,1994,12,223,229,452,0,0,0,223,229,452,Karratha,8105,9547,17652,0,0,0,8105,9547,17652
Karratha,1995,1,209,212,421,0,0,0,209,212,421,Karratha,8797,7957,16754,0,0,0,8797,7957,16754
Karratha,1995,2,183,185,368,0,0,0,183,185,368,Karratha,6626,6641,13267,0,0,0,6626,6641,13267
Karratha,1995,3,215,218,433,0,0,0,215,218,433,Karratha,8306,7989,16295,0,0,0,8306,7989,16295
Karratha,1995,4,199,204,403,0,0,0,199,204,403,Karratha,7806,7945,15751,0,0,0,7806,7945,15751
Karratha,1995,5,208,210,418,0,0,0,208,210,418,Karratha,7724,7562,15286,0,0,0,7724,7562,15286
Karratha,1995,6,203,208,411,0,0,0,203,208,411,Karratha,7118,7264,14382,0,0,0,7118,7264,14382
Karratha,1995,7,201,205,406,0,0,0,201,205,406,Karratha,7846,7693,15539,0,0,0,7846,7693,15539
Karratha,1995,8,218,223,441,0,0,0,218,223,441,Karratha,6988,7259,14247,0,0,0,6988,7259,14247
Karratha,1995,9,207,209,416,0,0,0,207,209,416,Karratha,6751,7139,13890,0,0,0,6751,7139,13890
Karratha,1995,10,197,201,398,0,0,0,197,201,398,Karratha,6944,6956,13900,0,0,0,6944,6956,13900
Karratha,1995,11,187,186,373,0,0,0,187,186,373,Karratha,6726,6680,13406,0,0,0,6726,6680,13406
Karratha,1995,12,177,178,355,0,0,0,177,178,355,Karratha,5383,6577,11960,0,0,0,5383,6577,11960
Karratha,1996,1,191,192,383,0,0,0,191,192,383,Karratha,6485,5533,12018,0,0,0,6485,5533,12018
Karratha,1996,2,196,197,393,0,0,0,196,197,393,Karratha,5922,5952,11874,0,0,0,5922,5952,11874
Karratha,1996,3,202,201,403,0,0,0,202,201,403,Karratha,6500,6567,13067,0,0,0,6500,6567,13067
Karratha,1996,4,219,219,438,0,0,0,219,219,438,Karratha,7161,6772,13933,0,0,0,7161,6772,13933
Karratha,1996,5,230,228,458,0,0,0,230,228,458,Karratha,7319,7458,14777,0,0,0,7319,7458,14777
Karratha,1996,6,217,217,434,0,0,0,217,217,434,Karratha,6671,6790,13461,0,0,0,6671,6790,13461
Karratha,1996,7,243,238,481,0,0,0,243,238,481,Karratha,8310,8236,16546,0,0,0,8310,8236,16546
Karratha,1996,8,237,238,475,0,0,0,237,238,475,Karratha,7825,8041,15866,0,0,0,7825,8041,15866
Karratha,1996,9,227,226,453,0,0,0,227,226,453,Karratha,7553,7963,15516,0,0,0,7553,7963,15516
Karratha,1996,10,245,246,491,0,0,0,245,246,491,Karratha,8171,8129,16300,0,0,0,8171,8129,16300
Karratha,1996,11,212,212,424,0,0,0,212,212,424,Karratha,7183,7599,14782,0,0,0,7183,7599,14782
Karratha,1996,12,202,202,404,0,0,0,202,202,404,Karratha,6317,7346,13663,0,0,0,6317,7346,13663
Karratha,1997,1,211,210,421,0,0,0,211,210,421,Karratha,7618,6716,14334,0,0,0,7618,6716,14334
Karratha,1997,2,203,201,404,0,0,0,203,201,404,Karratha,6754,6773,13527,0,0,0,6754,6773,13527
Karratha,1997,3,199,199,398,0,0,0,199,199,398,Karratha,6535,6640,13175,0,0,0,6535,6640,13175
Karratha,1997,4,201,198,399,0,0,0,201,198,399,Karratha,7619,7524,15143,0,0,0,7619,7524,15143
Karratha,1997,5,216,217,433,0,0,0,216,217,433,Karratha,7673,7755,15428,0,0,0,7673,7755,15428
Karratha,1997,6,202,200,402,0,0,0,202,200,402,Karratha,7382,7458,14840,0,0,0,7382,7458,14840
Karratha,1997,7,218,216,434,0,0,0,218,216,434,Karratha,8322,8435,16757,0,0,0,8322,8435,16757
Karratha,1997,8,207,207,414,0,0,0,207,207,414,Karratha,7819,7878,15697,0,0,0,7819,7878,15697
Karratha,1997,9,201,202,403,0,0,0,201,202,403,Karratha,7749,7993,15742,0,0,0,7749,7993,15742
Karratha,1997,10,210,211,421,0,0,0,210,211,421,Karratha,7436,7667,15103,0,0,0,7436,7667,15103
Karratha,1997,11,197,197,394,0,0,0,197,197,394,Karratha,7286,7191,14477,0,0,0,7286,7191,14477
Karratha,1997,12,187,189,376,0,0,0,187,189,376,Karratha,6828,7869,14697,0,0,0,6828,7869,14697
Karratha,1998,1,202,202,404,0,0,0,202,202,404,Karratha,7504,6822,14326,0,0,0,7504,6822,14326
Karratha,1998,2,179,179,358,0,0,0,179,179,358,Karratha,6396,6823,13219,0,0,0,6396,6823,13219
Karratha,1998,3,205,205,410,0,0,0,205,205,410,Karratha,7788,7400,15188,0,0,0,7788,7400,15188
Karratha,1998,4,187,187,374,0,0,0,187,187,374,Karratha,7888,7894,15782,0,0,0,7888,7894,15782
Karratha,1998,5,200,202,402,0,0,0,200,202,402,Karratha,7990,7995,15985,0,0,0,7990,7995,15985
Karratha,1998,6,200,199,399,0,0,0,200,199,399,Karratha,8102,8117,16219,0,0,0,8102,8117,16219
Karratha,1998,7,207,205,412,0,0,0,207,205,412,Karratha,9007,9162,18169,0,0,0,9007,9162,18169
Karratha,1998,8,203,202,405,0,0,0,203,202,405,Karratha,8307,8389,16696,0,0,0,8307,8389,16696
Karratha,1998,9,191,190,381,0,0,0,191,190,381,Karratha,8050,8288,16338,0,0,0,8050,8288,16338
Karratha,1998,10,199,202,401,0,0,0,199,202,401,Karratha,8296,8404,16700,0,0,0,8296,8404,16700
Karratha,1998,11,198,195,393,0,0,0,198,195,393,Karratha,7992,7947,15939,0,0,0,7992,7947,15939
Karratha,1998,12,198,198,396,0,0,0,198,198,396,Karratha,7576,8761,16337,0,0,0,7576,8761,16337
Karratha,1999,1,199,197,396,0,0,0,199,197,396,Karratha,7822,7155,14977,0,0,0,7822,7155,14977
Karratha,1999,2,177,177,354,0,0,0,177,177,354,Karratha,6744,7069,13813,0,0,0,6744,7069,13813
Karratha,1999,3,189,188,377,0,0,0,189,188,377,Karratha,7766,7520,15286,0,0,0,7766,7520,15286
Karratha,1999,4,187,187,374,0,0,0,187,187,374,Karratha,8084,7956,16040,0,0,0,8084,7956,16040
Karratha,1999,5,190,191,381,0,0,0,190,191,381,Karratha,7840,7698,15538,0,0,0,7840,7698,15538
Karratha,1999,6,193,192,385,0,0,0,193,192,385,Karratha,7672,7612,15284,0,0,0,7672,7612,15284
Karratha,1999,7,152,153,305,0,0,0,152,153,305,Karratha,6907,7250,14157,0,0,0,6907,7250,14157
Karratha,1999,8,144,143,287,0,0,0,144,143,287,Karratha,6455,6489,12944,0,0,0,6455,6489,12944
Karratha,1999,9,142,142,284,0,0,0,142,142,284,Karratha,6648,7176,13824,0,0,0,6648,7176,13824
Karratha,1999,10,144,144,288,0,0,0,144,144,288,Karratha,6531,6676,13207,0,0,0,6531,6676,13207
Karratha,1999,11,140,141,281,0,0,0,140,141,281,Karratha,6219,5987,12206,0,0,0,6219,5987,12206
Karratha,1999,12,140,141,281,0,0,0,140,141,281,Karratha,5735,7353,13088,0,0,0,5735,7353,13088
Karratha,2000,1,141,141,282,0,0,0,141,141,282,Karratha,6539,5485,12024,0,0,0,6539,5485,12024
Karratha,2000,2,147,145,292,0,0,0,147,145,292,Karratha,5869,5955,11824,0,0,0,5869,5955,11824
Karratha,2000,3,151,149,300,0,0,0,151,149,300,Karratha,6591,6665,13256,0,0,0,6591,6665,13256
Karratha,2000,4,193,192,385,0,0,0,193,192,385,Karratha,6595,6551,13146,0,0,0,6595,6551,13146
Karratha,2000,5,209,208,417,0,0,0,209,208,417,Karratha,6787,6762,13549,0,0,0,6787,6762,13549
Karratha,2000,6,195,194,389,0,0,0,195,194,389,Karratha,7072,6947,14019,0,0,0,7072,6947,14019
Karratha,2000,7,199,199,398,0,0,0,199,199,398,Karratha,6812,6956,13768,0,0,0,6812,6956,13768
Karratha,2000,8,203,202,405,0,0,0,203,202,405,Karratha,6637,6797,13434,0,0,0,6637,6797,13434
Karratha,2000,9,190,190,380,0,0,0,190,190,380,Karratha,7978,8127,16105,0,0,0,7978,8127,16105
Karratha,2000,10,201,202,403,0,0,0,201,202,403,Karratha,7806,7846,15652,0,0,0,7806,7846,15652
Karratha,2000,11,200,200,400,0,0,0,200,200,400,Karratha,6568,6724,13292,0,0,0,6568,6724,13292
Karratha,2000,12,193,191,384,0,0,0,193,191,384,Karratha,6133,7395,13528,0,0,0,6133,7395,13528
Karratha,2001,1,206,204,410,0,0,0,206,204,410,Karratha,7163,6252,13415,0,0,0,7163,6252,13415
Karratha,2001,2,187,187,374,0,0,0,187,187,374,Karratha,6150,5884,12034,0,0,0,6150,5884,12034
Karratha,2001,3,203,202,405,0,0,0,203,202,405,Karratha,6840,7019,13859,0,0,0,6840,7019,13859
Karratha,2001,4,197,196,393,0,0,0,197,196,393,Karratha,7576,7249,14825,0,0,0,7576,7249,14825
Karratha,2001,5,189,187,376,0,0,0,189,187,376,Karratha,7577,7575,15152,0,0,0,7577,7575,15152
Karratha,2001,6,177,177,354,0,0,0,177,177,354,Karratha,7323,7529,14852,0,0,0,7323,7529,14852
Karratha,2001,7,187,186,373,0,0,0,187,186,373,Karratha,7982,7799,15781,0,0,0,7982,7799,15781
Karratha,2001,8,188,189,377,0,0,0,188,189,377,Karratha,7684,8046,15730,0,0,0,7684,8046,15730
Karratha,2001,9,140,139,279,0,0,0,140,139,279,Karratha,5595,5499,11094,0,0,0,5595,5499,11094
Karratha,2001,10,112,112,224,0,0,0,112,112,224,Karratha,4613,4660,9273,0,0,0,4613,4660,9273
Karratha,2001,11,144,143,287,0,0,0,144,143,287,Karratha,5129,5435,10564,0,0,0,5129,5435,10564
Karratha,2001,12,145,144,289,0,0,0,145,144,289,Karratha,4531,5754,10285,0,0,0,4531,5754,10285
Karratha,2002,1,129,127,256,0,0,0,129,127,256,Karratha,5208,4560,9768,0,0,0,5208,4560,9768
Karratha,2002,2,116,116,232,0,0,0,116,116,232,Karratha,5411,5691,11102,0,0,0,5411,5691,11102
Karratha,2002,3,132,132,264,0,0,0,132,132,264,Karratha,5977,6161,12138,0,0,0,5977,6161,12138
Karratha,2002,4,141,142,283,0,0,0,141,142,283,Karratha,6495,6505,13000,0,0,0,6495,6505,13000
Karratha,2002,5,138,138,276,0,0,0,138,138,276,Karratha,6916,7038,13954,0,0,0,6916,7038,13954
Karratha,2002,6,131,132,263,0,0,0,131,132,263,Karratha,5996,6200,12196,0,0,0,5996,6200,12196
Karratha,2002,7,140,140,280,0,0,0,140,140,280,Karratha,6837,6857,13694,0,0,0,6837,6857,13694
Karratha,2002,8,135,135,270,0,0,0,135,135,270,Karratha,6228,6551,12779,0,0,0,6228,6551,12779
Karratha,2002,9,126,126,252,0,0,0,126,126,252,Karratha,6636,6706,13342,0,0,0,6636,6706,13342
Karratha,2002,10,131,131,262,0,0,0,131,131,262,Karratha,7430,7353,14783,0,0,0,7430,7353,14783
Karratha,2002,11,115,115,230,0,0,0,115,115,230,Karratha,6485,6707,13192,0,0,0,6485,6707,13192
Karratha,2002,12,123,123,246,0,0,0,123,123,246,Karratha,5711,7260,12971,0,0,0,5711,7260,12971
Karratha,2003,1,121,121,242,0,0,0,121,121,242,Karratha,6945,5803,12748,0,0,0,6945,5803,12748
Karratha,2003,2,110,110,220,0,0,0,110,110,220,Karratha,5343,5505,10848,0,0,0,5343,5505,10848
Karratha,2003,3,119,117,236,0,0,0,119,117,236,Karratha,6708,6102,12810,0,0,0,6708,6102,12810
Karratha,2003,4,112,111,223,0,0,0,112,111,223,Karratha,7260,7123,14383,0,0,0,7260,7123,14383
Karratha,2003,5,109,109,218,0,0,0,109,109,218,Karratha,7460,7748,15208,0,0,0,7460,7748,15208
Karratha,2003,6,103,103,206,0,0,0,103,103,206,Karratha,7460,7128,14588,0,0,0,7460,7128,14588
Karratha,2003,7,118,118,236,0,0,0,118,118,236,Karratha,8461,8792,17253,0,0,0,8461,8792,17253
Karratha,2003,8,121,121,242,0,0,0,121,121,242,Karratha,7746,8073,15819,0,0,0,7746,8073,15819
Karratha,2003,9,118,118,236,0,0,0,118,118,236,Karratha,8025,7804,15829,0,0,0,8025,7804,15829
Karratha,2003,10,117,117,234,0,0,0,117,117,234,Karratha,7944,8443,16387,0,0,0,7944,8443,16387
Karratha,2003,11,116,116,232,0,0,0,116,116,232,Karratha,7550,7314,14864,0,0,0,7550,7314,14864
Karratha,2003,12,118,118,236,0,0,0,118,118,236,Karratha,6020,8280,14300,0,0,0,6020,8280,14300
Karratha,2004,1,105,104,209,0,0,0,105,104,209,Karratha,7913,6214,14127,0,0,0,7913,6214,14127
Karratha,2004,2,111,111,222,0,0,0,111,111,222,Karratha,6957,7126,14083,0,0,0,6957,7126,14083
Karratha,2004,3,117,117,234,0,0,0,117,117,234,Karratha,7632,7395,15027,0,0,0,7632,7395,15027
Karratha,2004,4,116,116,232,0,0,0,116,116,232,Karratha,8441,8431,16872,0,0,0,8441,8431,16872
Karratha,2004,5,145,145,290,0,0,0,145,145,290,Karratha,8162,8209,16371,0,0,0,8162,8209,16371
Karratha,2004,6,152,152,304,0,0,0,152,152,304,Karratha,8272,8197,16469,0,0,0,8272,8197,16469
Karratha,2004,7,150,150,300,0,0,0,150,150,300,Karratha,9044,9495,18539,0,0,0,9044,9495,18539
Karratha,2004,8,140,140,280,0,0,0,140,140,280,Karratha,8730,8878,17608,0,0,0,8730,8878,17608
Karratha,2004,9,142,142,284,0,0,0,142,142,284,Karratha,8440,8980,17420,0,0,0,8440,8980,17420
Karratha,2004,10,148,148,296,0,0,0,148,148,296,Karratha,9298,9411,18709,0,0,0,9298,9411,18709
Karratha,2004,11,146,146,292,0,0,0,146,146,292,Karratha,9148,8972,18120,0,0,0,9148,8972,18120
Karratha,2004,12,149,149,298,0,0,0,149,149,298,Karratha,7402,10029,17431,0,0,0,7402,10029,17431
Karratha,2005,1,151,151,302,0,0,0,151,151,302,Karratha,10096,7575,17671,0,0,0,10096,7575,17671
Karratha,2005,2,136,135,271,0,0,0,136,135,271,Karratha,8564,8636,17200,0,0,0,8564,8636,17200
Karratha,2005,3,145,145,290,0,0,0,145,145,290,Karratha,9496,9922,19418,0,0,0,9496,9922,19418
Karratha,2005,4,140,140,280,0,0,0,140,140,280,Karratha,9783,9724,19507,0,0,0,9783,9724,19507
Karratha,2005,5,147,147,294,0,0,0,147,147,294,Karratha,9780,9587,19367,0,0,0,9780,9587,19367
Karratha,2005,6,144,144,288,0,0,0,144,144,288,Karratha,9913,10149,20062,0,0,0,9913,10149,20062
Karratha,2005,7,152,151,303,0,0,0,152,151,303,Karratha,10826,10979,21805,0,0,0,10826,10979,21805
Karratha,2005,8,154,154,308,0,0,0,154,154,308,Karratha,10781,10905,21686,0,0,0,10781,10905,21686
Karratha,2005,9,145,144,289,0,0,0,145,144,289,Karratha,10491,11101,21592,0,0,0,10491,11101,21592
Karratha,2005,10,147,146,293,0,0,0,147,146,293,Karratha,10920,10894,21814,0,0,0,10920,10894,21814
Karratha,2005,11,146,144,290,0,0,0,146,144,290,Karratha,10415,10561,20976,0,0,0,10415,10561,20976
Karratha,2005,12,145,144,289,0,0,0,145,144,289,Karratha,8955,11416,20371,0,0,0,8955,11416,20371
Karratha,2006,1,140,135,275,0,0,0,140,135,275,Karratha,11173,9299,20472,0,0,0,11173,9299,20472
Karratha,2006,2,127,127,254,0,0,0,127,127,254,Karratha,8567,9151,17718,0,0,0,8567,9151,17718
Karratha,2006,3,147,145,292,0,0,0,147,145,292,Karratha,10875,11189,22064,0,0,0,10875,11189,22064
Karratha,2006,4,133,132,265,0,0,0,133,132,265,Karratha,11489,11122,22611,0,0,0,11489,11122,22611
Karratha,2006,5,147,147,294,0,0,0,147,147,294,Karratha,13005,12610,25615,0,0,0,13005,12610,25615
Karratha,2006,6,138,138,276,0,0,0,138,138,276,Karratha,12252,12849,25101,0,0,0,12252,12849,25101
Karratha,2006,7,153,152,305,0,0,0,153,152,305,Karratha,13860,13760,27620,0,0,0,13860,13760,27620
Karratha,2006,8,132,131,263,0,0,0,132,131,263,Karratha,13412,13258,26670,0,0,0,13412,13258,26670
Karratha,2006,9,123,123,246,0,0,0,123,123,246,Karratha,12759,13478,26237,0,0,0,12759,13478,26237
Karratha,2006,10,119,119,238,0,0,0,119,119,238,Karratha,13805,13310,27115,0,0,0,13805,13310,27115
Karratha,2006,11,123,123,246,0,0,0,123,123,246,Karratha,13265,13388,26653,0,0,0,13265,13388,26653
Karratha,2006,12,117,117,234,0,0,0,117,117,234,Karratha,10194,13160,23354,0,0,0,10194,13160,23354
Karratha,2007,1,125,125,250,0,0,0,125,125,250,Karratha,13494,10445,23939,0,0,0,13494,10445,23939
Karratha,2007,2,129,129,258,0,0,0,129,129,258,Karratha,11680,11769,23449,0,0,0,11680,11769,23449
Karratha,2007,3,122,122,244,0,0,0,122,122,244,Karratha,11830,12420,24250,0,0,0,11830,12420,24250
Karratha,2007,4,121,121,242,0,0,0,121,121,242,Karratha,14027,13333,27360,0,0,0,14027,13333,27360
Karratha,2007,5,126,126,252,0,0,0,126,126,252,Karratha,13683,13824,27507,0,0,0,13683,13824,27507
Karratha,2007,6,119,119,238,0,0,0,119,119,238,Karratha,13065,13248,26313,0,0,0,13065,13248,26313
Karratha,2007,7,124,124,248,0,0,0,124,124,248,Karratha,15323,15081,30404,0,0,0,15323,15081,30404
Karratha,2007,8,131,130,261,0,0,0,131,130,261,Karratha,15450,15535,30985,0,0,0,15450,15535,30985
Karratha,2007,9,131,131,262,0,0,0,131,131,262,Karratha,14934,15353,30287,0,0,0,14934,15353,30287
Karratha,2007,10,142,142,284,0,0,0,142,142,284,Karratha,16537,16119,32656,0,0,0,16537,16119,32656
Karratha,2007,11,156,156,312,0,0,0,156,156,312,Karratha,16264,16395,32659,0,0,0,16264,16395,32659
Karratha,2007,12,157,159,316,0,0,0,157,159,316,Karratha,12207,16626,28833,0,0,0,12207,16626,28833
Karratha,2008,1,167,166,333,0,0,0,167,166,333,Karratha,17055,13148,30203,0,0,0,17055,13148,30203
Karratha,2008,2,159,159,318,0,0,0,159,159,318,Karratha,15658,15256,30914,0,0,0,15658,15256,30914
Karratha,2008,3,176,176,352,0,0,0,176,176,352,Karratha,16835,16644,33479,0,0,0,16835,16644,33479
Karratha,2008,4,179,179,358,0,0,0,179,179,358,Karratha,18150,18180,36330,0,0,0,18150,18180,36330
Karratha,2008,5,180,181,361,0,0,0,180,181,361,Karratha,17924,18462,36386,0,0,0,17924,18462,36386
Karratha,2008,6,180,180,360,0,0,0,180,180,360,Karratha,18115,18155,36270,0,0,0,18115,18155,36270
Karratha,2008,7,202,200,402,0,0,0,202,200,402,Karratha,20829,21285,42114,0,0,0,20829,21285,42114
Karratha,2008,8,193,193,386,0,0,0,193,193,386,Karratha,19238,19737,38975,0,0,0,19238,19737,38975
Karratha,2008,9,188,186,374,0,0,0,188,186,374,Karratha,19273,20046,39319,0,0,0,19273,20046,39319
Karratha,2008,10,222,220,442,0,0,0,222,220,442,Karratha,21410,21822,43232,0,0,0,21410,21822,43232
Karratha,2008,11,238,232,470,0,0,0,238,232,470,Karratha,20191,20048,40239,0,0,0,20191,20048,40239
Karratha,2008,12,246,250,496,0,0,0,246,250,496,Karratha,16113,21398,37511,0,0,0,16113,21398,37511
Karratha,2009,1,261,261,522,0,0,0,261,261,522,Karratha,19832,15380,35212,0,0,0,19832,15380,35212
Karratha,2009,2,238,235,473,0,0,0,238,235,473,Karratha,18104,18605,36709,0,0,0,18104,18605,36709
Karratha,2009,3,252,250,502,0,0,0,252,250,502,Karratha,21324,19676,41000,0,0,0,21324,19676,41000
Karratha,2009,4,257,257,514,0,0,0,257,257,514,Karratha,21474,21891,43365,0,0,0,21474,21891,43365
Karratha,2009,5,267,267,534,0,0,0,267,267,534,Karratha,21794,22334,44128,0,0,0,21794,22334,44128
Karratha,2009,6,270,269,539,0,0,0,270,269,539,Karratha,22665,22113,44778,0,0,0,22665,22113,44778
Karratha,2009,7,280,280,560,0,0,0,280,280,560,Karratha,23748,24514,48262,0,0,0,23748,24514,48262
Karratha,2009,8,267,269,536,0,0,0,267,269,536,Karratha,23605,23680,47285,0,0,0,23605,23680,47285
Karratha,2009,9,269,270,539,0,0,0,269,270,539,Karratha,25126,25334,50460,0,0,0,25126,25334,50460
Karratha,2009,10,271,270,541,0,0,0,271,270,541,Karratha,25428,26222,51650,0,0,0,25428,26222,51650
Karratha,2009,11,274,271,545,0,0,0,274,271,545,Karratha,25346,24944,50290,0,0,0,25346,24944,50290
Karratha,2009,12,269,273,542,0,0,0,269,273,542,Karratha,19846,26184,46030,0,0,0,19846,26184,46030
Karratha,2010,1,270,269,539,0,0,0,270,269,539,Karratha,24349,19774,44123,0,0,0,24349,19774,44123
Karratha,2010,2,250,248,498,0,0,0,250,248,498,Karratha,22216,22442,44658,0,0,0,22216,22442,44658
Karratha,2010,3,292,289,581,0,0,0,292,289,581,Karratha,26812,26767,53579,0,0,0,26812,26767,53579
Karratha,2010,4,299,299,598,0,0,0,299,299,598,Karratha,24569,24978,49547,0,0,0,24569,24978,49547
Karratha,2010,5,308,310,618,0,0,0,308,310,618,Karratha,25101,25006,50107,0,0,0,25101,25006,50107
Karratha,2010,6,304,310,614,0,0,0,304,310,614,Karratha,25089,26131,51220,0,0,0,25089,26131,51220
Karratha,2010,7,313,313,626,0,0,0,313,313,626,Karratha,27369,28283,55652,0,0,0,27369,28283,55652
Karratha,2010,8,319,321,640,0,0,0,319,321,640,Karratha,26944,27139,54083,0,0,0,26944,27139,54083
Karratha,2010,9,309,308,617,0,0,0,309,308,617,Karratha,27025,28665,55690,0,0,0,27025,28665,55690
Karratha,2010,10,310,308,618,0,0,0,310,308,618,Karratha,29327,29400,58727,0,0,0,29327,29400,58727
Karratha,2010,11,313,316,629,0,0,0,313,316,629,Karratha,29171,28616,57787,0,0,0,29171,28616,57787
Karratha,2010,12,302,317,619,0,0,0,302,317,619,Karratha,22220,31415,53635,0,0,0,22220,31415,53635
Karratha,2011,1,317,304,621,0,0,0,317,304,621,Karratha,29255,21348,50603,0,0,0,29255,21348,50603
Karratha,2011,2,277,272,549,0,0,0,277,272,549,Karratha,25213,24858,50071,0,0,0,25213,24858,50071
Karratha,2011,3,328,326,654,0,0,0,328,326,654,Karratha,31078,29797,60875,0,0,0,31078,29797,60875
Karratha,2011,4,309,305,614,0,0,0,309,305,614,Karratha,27897,29468,57365,0,0,0,27897,29468,57365
Karratha,2011,5,332,331,663,0,0,0,332,331,663,Karratha,31295,30395,61690,0,0,0,31295,30395,61690
Karratha,2011,6,324,323,647,0,0,0,324,323,647,Karratha,29391,29639,59030,0,0,0,29391,29639,59030
Karratha,2011,7,346,345,691,0,0,0,346,345,691,Karratha,33496,34124,67620,0,0,0,33496,34124,67620
Karratha,2011,8,368,369,737,0,0,0,368,369,737,Karratha,34720,34325,69045,0,0,0,34720,34325,69045
Karratha,2011,9,364,363,727,0,0,0,364,363,727,Karratha,32822,34030,66852,0,0,0,32822,34030,66852
Karratha,2011,10,346,345,691,0,0,0,346,345,691,Karratha,32702,32386,65088,0,0,0,32702,32386,65088
Karratha,2011,11,363,363,726,0,0,0,363,363,726,Karratha,36031,34173,70204,0,0,0,36031,34173,70204
Karratha,2011,12,359,360,719,0,0,0,359,360,719,Karratha,25815,36053,61868,0,0,0,25815,36053,61868
Karratha,2012,1,394,395,789,0,0,0,394,395,789,Karratha,35138,26597,61735,0,0,0,35138,26597,61735
Karratha,2012,2,363,361,724,0,0,0,363,361,724,Karratha,32776,31847,64623,0,0,0,32776,31847,64623
Karratha,2012,3,380,380,760,0,0,0,380,380,760,Karratha,33169,34540,67709,0,0,0,33169,34540,67709
Karratha,2012,4,356,357,713,0,0,0,356,357,713,Karratha,32696,32413,65109,0,0,0,32696,32413,65109
Karratha,2012,5,382,382,764,0,0,0,382,382,764,Karratha,35798,35628,71426,0,0,0,35798,35628,71426
Karratha,2012,6,354,352,706,0,0,0,354,352,706,Karratha,33144,33878,67022,0,0,0,33144,33878,67022
Karratha,2012,7,368,365,733,0,0,0,368,365,733,Karratha,36532,35987,72519,0,0,0,36532,35987,72519
Karratha,2012,8,382,380,762,0,0,0,382,380,762,Karratha,35698,37034,72732,0,0,0,35698,37034,72732
Karratha,2012,9,361,359,720,0,0,0,361,359,720,Karratha,33535,34048,67583,0,0,0,33535,34048,67583
Karratha,2012,10,395,394,789,0,0,0,395,394,789,Karratha,38291,37031,75322,0,0,0,38291,37031,75322
Karratha,2012,11,375,375,750,0,0,0,375,375,750,Karratha,35586,35948,71534,0,0,0,35586,35948,71534
Karratha,2012,12,353,351,704,0,0,0,353,351,704,Karratha,26940,34161,61101,0,0,0,26940,34161,61101
Karratha,2013,1,369,366,735,0,0,0,369,366,735,Karratha,36313,28259,64572,0,0,0,36313,28259,64572
Karratha,2013,2,300,296,596,0,0,0,300,296,596,Karratha,28156,28674,56830,0,0,0,28156,28674,56830
Karratha,2013,3,359,359,718,0,0,0,359,359,718,Karratha,34364,33386,67750,0,0,0,34364,33386,67750
Karratha,2013,4,366,366,732,0,0,0,366,366,732,Karratha,35446,34139,69585,0,0,0,35446,34139,69585
Karratha,2013,5,382,380,762,0,0,0,382,380,762,Karratha,35926,36065,71991,0,0,0,35926,36065,71991
Karratha,2013,6,343,341,684,0,0,0,343,341,684,Karratha,30804,33201,64005,0,0,0,30804,33201,64005
Karratha,2013,7,400,398,798,0,0,0,400,398,798,Karratha,35629,34747,70376,0,0,0,35629,34747,70376
Karratha,2013,8,386,381,767,0,0,0,386,381,767,Karratha,30780,32734,63514,0,0,0,30780,32734,63514
Karratha,2013,9,380,379,759,0,0,0,380,379,759,Karratha,29965,30836,60801,0,0,0,29965,30836,60801
Karratha,2013,10,409,409,818,0,0,0,409,409,818,Karratha,33486,32649,66135,0,0,0,33486,32649,66135
Karratha,2013,11,392,391,783,0,0,0,392,391,783,Karratha,29816,30343,60159,0,0,0,29816,30343,60159
Karratha,2013,12,362,361,723,0,0,0,362,361,723,Karratha,23416,31481,54897,0,0,0,23416,31481,54897
Karratha,2014,1,401,400,801,0,0,0,401,400,801,Karratha,32683,25686,58369,0,0,0,32683,25686,58369
Karratha,2014,2,361,359,720,0,0,0,361,359,720,Karratha,27868,27687,55555,0,0,0,27868,27687,55555
Karratha,2014,3,376,376,752,0,0,0,376,376,752,Karratha,29871,29163,59034,0,0,0,29871,29163,59034
Karratha,2014,4,375,375,750,0,0,0,375,375,750,Karratha,30455,29751,60206,0,0,0,30455,29751,60206
Karratha,2014,5,380,379,759,0,0,0,380,379,759,Karratha,30029,31630,61659,0,0,0,30029,31630,61659
Karratha,2014,6,344,343,687,0,0,0,344,343,687,Karratha,28853,28240,57093,0,0,0,28853,28240,57093
Karratha,2014,7,338,337,675,0,0,0,338,337,675,Karratha,31443,31190,62633,0,0,0,31443,31190,62633
Karratha,2014,8,328,332,660,0,0,0,328,332,660,Karratha,29933,30828,60761,0,0,0,29933,30828,60761
Karratha,2014,9,340,340,680,0,0,0,340,340,680,Karratha,29929,30501,60430,0,0,0,29929,30501,60430
Karratha,2014,10,365,366,731,0,0,0,365,366,731,Karratha,32016,32760,64776,0,0,0,32016,32760,64776
Karratha,2014,11,317,320,637,0,0,0,317,320,637,Karratha,28528,28860,57388,0,0,0,28528,28860,57388
Karratha,2014,12,328,329,657,0,0,0,328,329,657,Karratha,22578,29886,52464,0,0,0,22578,29886,52464
Karratha,2015,1,325,327,652,0,0,0,325,327,652,Karratha,27371,21795,49166,0,0,0,27371,21795,49166
Karratha,2015,2,311,313,624,0,0,0,311,313,624,Karratha,23907,24807,48714,0,0,0,23907,24807,48714
Karratha,2015,3,342,336,678,0,0,0,342,336,678,Karratha,25836,25992,51828,0,0,0,25836,25992,51828
Karratha,2015,4,341,342,683,0,0,0,341,342,683,Karratha,26116,26467,52583,0,0,0,26116,26467,52583
Karratha,2015,5,331,332,663,0,0,0,331,332,663,Karratha,25042,25160,50202,0,0,0,25042,25160,50202
Karratha,2015,6,334,340,674,0,0,0,334,340,674,Karratha,24647,25348,49995,0,0,0,24647,25348,49995
Karratha,2015,7,363,352,715,0,0,0,363,352,715,Karratha,27639,27574,55213,0,0,0,27639,27574,55213
Karratha,2015,8,328,324,652,0,0,0,328,324,652,Karratha,25386,24763,50149,0,0,0,25386,24763,50149
Karratha,2015,9,334,336,670,0,0,0,334,336,670,Karratha,25376,26444,51820,0,0,0,25376,26444,51820
Karratha,2015,10,340,332,672,0,0,0,340,332,672,Karratha,26024,25986,52010,0,0,0,26024,25986,52010
Karratha,2015,11,328,324,652,0,0,0,328,324,652,Karratha,25465,24652,50117,0,0,0,25465,24652,50117
Karratha,2015,12,333,323,656,0,0,0,333,323,656,Karratha,20550,25239,45789,0,0,0,20550,25239,45789
Karratha,2016,1,310,307,617,0,0,0,310,307,617,Karratha,21683,18456,40139,0,0,0,21683,18456,40139
Karratha,2016,2,308,303,611,0,0,0,308,303,611,Karratha,20037,19143,39180,0,0,0,20037,19143,39180
Karratha,2016,3,327,329,656,0,0,0,327,329,656,Karratha,21020,21745,42765,0,0,0,21020,21745,42765
Karratha,2016,4,293,293,586,0,0,0,293,293,586,Karratha,20794,21126,41920,0,0,0,20794,21126,41920
Karratha,2016,5,322,315,637,0,0,0,322,315,637,Karratha,23696,22587,46283,0,0,0,23696,22587,46283
Karratha,2016,6,275,276,551,0,0,0,275,276,551,Karratha,20235,21159,41394,0,0,0,20235,21159,41394
Karratha,2016,7,289,286,575,0,0,0,289,286,575,Karratha,20847,20392,41239,0,0,0,20847,20392,41239
Karratha,2016,8,309,301,610,0,0,0,309,301,610,Karratha,21137,20783,41920,0,0,0,21137,20783,41920
Karratha,2016,9,302,288,590,0,0,0,302,288,590,Karratha,20716,20875,41591,0,0,0,20716,20875,41591
Karratha,2016,10,293,285,578,0,0,0,293,285,578,Karratha,21361,19801,41162,0,0,0,21361,19801,41162
Karratha,2016,11,296,288,584,0,0,0,296,288,584,Karratha,21485,20519,42004,0,0,0,21485,20519,42004
Karratha,2016,12,276,273,549,0,0,0,276,273,549,Karratha,15435,19862,35297,0,0,0,15435,19862,35297
Karratha,2017,1,280,273,553,0,0,0,280,273,553,Karratha,19267,15565,34832,0,0,0,19267,15565,34832
Karratha,2017,2,250,247,497,0,0,0,250,247,497,Karratha,16771,16556,33327,0,0,0,16771,16556,33327
Karratha,2017,3,281,281,562,0,0,0,281,281,562,Karratha,19207,19750,38957,0,0,0,19207,19750,38957
Karratha,2017,4,251,252,503,0,0,0,251,252,503,Karratha,17755,17832,35587,0,0,0,17755,17832,35587
Karratha,2017,5,280,270,550,0,0,0,280,270,550,Karratha,20502,19185,39687,0,0,0,20502,19185,39687
Karratha,2017,6,265,263,528,0,0,0,265,263,528,Karratha,19009,19354,38363,0,0,0,19009,19354,38363
Karratha,2017,7,255,254,509,0,0,0,255,254,509,Karratha,18287,18243,36530,0,0,0,18287,18243,36530
Karratha,2017,8,266,264,530,0,0,0,266,264,530,Karratha,18683,18913,37596,0,0,0,18683,18913,37596
Karratha,2017,9,245,242,487,0,0,0,245,242,487,Karratha,17037,18248,35285,0,0,0,17037,18248,35285
Karratha,2017,10,257,254,511,0,0,0,257,254,511,Karratha,19576,18571,38147,0,0,0,19576,18571,38147
Karratha,2017,11,255,251,506,0,0,0,255,251,506,Karratha,18517,19014,37531,0,0,0,18517,19014,37531
Karratha,2017,12,243,242,485,0,0,0,243,242,485,Karratha,14755,18450,33205,0,0,0,14755,18450,33205
Karratha,2018,1,260,259,519,0,0,0,260,259,519,Karratha,18381,15119,33500,0,0,0,18381,15119,33500
Karratha,2018,2,235,234,469,0,0,0,235,234,469,Karratha,16207,16221,32428,0,0,0,16207,16221,32428
Karratha,2018,3,259,259,518,0,0,0,259,259,518,Karratha,17697,18856,36553,0,0,0,17697,18856,36553
Karratha,2018,4,239,239,478,0,0,0,239,239,478,Karratha,18165,17789,35954,0,0,0,18165,17789,35954
Karratha,2018,5,259,258,517,0,0,0,259,258,517,Karratha,19779,19469,39248,0,0,0,19779,19469,39248
Karratha,2018,6,241,241,482,0,0,0,241,241,482,Karratha,18066,18853,36919,0,0,0,18066,18853,36919
Karratha,2018,7,249,248,497,0,0,0,249,248,497,Karratha,20535,19601,40136,0,0,0,20535,19601,40136
Karratha,2018,8,259,257,516,0,0,0,259,257,516,Karratha,19304,20876,40180,0,0,0,19304,20876,40180
Karratha,2018,9,240,237,477,0,0,0,240,237,477,Karratha,17771,18959,36730,0,0,0,17771,18959,36730
Karratha,2018,10,260,259,519,0,0,0,260,259,519,Karratha,20349,19233,39582,0,0,0,20349,19233,39582
Karratha,2018,11,259,255,514,0,0,0,259,255,514,Karratha,18693,19284,37977,0,0,0,18693,19284,37977
Karratha,2018,12,235,234,469,0,0,0,235,234,469,Karratha,14547,17695,32242,0,0,0,14547,17695,32242
Karratha,2019,1,266,265,531,0,0,0,266,265,531,Karratha,19400,16331,35731,0,0,0,19400,16331,35731
Karratha,2019,2,238,233,471,0,0,0,238,233,471,Karratha,16700,17111,33811,0,0,0,16700,17111,33811
Karratha,2019,3,247,246,493,0,0,0,247,246,493,Karratha,17479,17698,35177,0,0,0,17479,17698,35177
Karratha,2019,4,250,247,497,0,0,0,250,247,497,Karratha,20502,19057,39559,0,0,0,20502,19057,39559
Karratha,2019,5,262,262,524,0,0,0,262,262,524,Karratha,19119,20624,39743,0,0,0,19119,20624,39743
Karratha,2019,6,237,234,471,0,0,0,237,234,471,Karratha,18533,18505,37038,0,0,0,18533,18505,37038
Karratha,2019,7,257,256,513,0,0,0,257,256,513,Karratha,21722,20762,42484,0,0,0,21722,20762,42484
Karratha,2019,8,251,250,501,0,0,0,251,250,501,Karratha,19737,21258,40995,0,0,0,19737,21258,40995
Karratha,2019,9,245,245,490,0,0,0,245,245,490,Karratha,20725,21035,41760,0,0,0,20725,21035,41760
Karratha,2019,10,260,260,520,0,0,0,260,260,520,Karratha,21900,21470,43370,0,0,0,21900,21470,43370
Karratha,2019,11,246,244,490,0,0,0,246,244,490,Karratha,20063,20591,40654,0,0,0,20063,20591,40654
Karratha,2019,12,237,238,475,0,0,0,237,238,475,Karratha,16792,20784,37576,0,0,0,16792,20784,37576
Karratha,2020,1,256,255,511,0,0,0,256,255,511,Karratha,21219,17595,38814,0,0,0,21219,17595,38814
Karratha,2020,2,220,220,440,0,0,0,220,220,440,Karratha,17774,17772,35546,0,0,0,17774,17772,35546
Karratha,2020,3,205,205,410,0,0,0,205,205,410,Karratha,13511,14175,27686,0,0,0,13511,14175,27686
Karratha,2020,4,47,47,94,0,0,0,47,47,94,Karratha,1530,1737,3267,0,0,0,1530,1737,3267
Karratha,2020,5,29,25,54,0,0,0,29,25,54,Karratha,1356,1295,2651,0,0,0,1356,1295,2651
Karratha,2020,6,49,49,98,0,0,0,49,49,98,Karratha,3414,3651,7065,0,0,0,3414,3651,7065
Karratha,2020,7,81,81,162,0,0,0,81,81,162,Karratha,7827,8130,15957,0,0,0,7827,8130,15957
Karratha,2020,8,110,110,220,0,0,0,110,110,220,Karratha,10688,9863,20551,0,0,0,10688,9863,20551
Karratha,2020,9,174,174,348,0,0,0,174,174,348,Karratha,14534,15897,30431,0,0,0,14534,15897,30431
Karratha,2020,10,189,187,376,0,0,0,189,187,376,Karratha,15131,16649,31780,0,0,0,15131,16649,31780
Karratha,2020,11,183,181,364,0,0,0,183,181,364,Karratha,15377,14915,30292,0,0,0,15377,14915,30292
Karratha,2020,12,193,193,386,0,0,0,193,193,386,Karratha,12869,16262,29131,0,0,0,12869,16262,29131
Karratha,2021,1,186,184,370,0,0,0,186,184,370,Karratha,14342,12861,27203,0,0,0,14342,12861,27203
Karratha,2021,2,168,165,333,0,0,0,168,165,333,Karratha,10817,10429,21246,0,0,0,10817,10429,21246
Karratha,2021,3,195,194,389,0,0,0,195,194,389,Karratha,17276,17120,34396,0,0,0,17276,17120,34396
Karratha,2021,4,185,184,369,0,0,0,185,184,369,Karratha,16465,16259,32724,0,0,0,16465,16259,32724
Karratha,2021,5,189,188,377,0,0,0,189,188,377,Karratha,18338,17735,36073,0,0,0,18338,17735,36073
Karratha,2021,6,194,194,388,0,0,0,194,194,388,Karratha,18619,18578,37197,0,0,0,18619,18578,37197
Karratha,2021,7,193,193,386,0,0,0,193,193,386,Karratha,18163,19152,37315,0,0,0,18163,19152,37315
Karratha,2021,8,195,194,389,0,0,0,195,194,389,Karratha,19918,19057,38975,0,0,0,19918,19057,38975
Karratha,2021,9,193,193,386,0,0,0,193,193,386,Karratha,19629,21612,41241,0,0,0,19629,21612,41241
Karratha,2021,10,189,188,377,0,0,0,189,188,377,Karratha,20141,20175,40316,0,0,0,20141,20175,40316
Karratha,2021,11,196,194,390,0,0,0,196,194,390,Karratha,20455,20392,40847,0,0,0,20455,20392,40847
Karratha,2021,12,191,191,382,0,0,0,191,191,382,Karratha,15836,19532,35368,0,0,0,15836,19532,35368
Karratha,2022,1,201,199,400,0,0,0,201,199,400,Karratha,17716,14557,32273,0,0,0,17716,14557,32273
Karratha,2022,2,186,186,372,0,0,0,186,186,372,Karratha,15234,15558,30792,0,0,0,15234,15558,30792
Karratha,2022,3,206,204,410,0,0,0,206,204,410,Karratha,18011,18331,36342,0,0,0,18011,18331,36342
Karratha,2022,4,187,183,370,0,0,0,187,183,370,Karratha,19106,18921,38027,0,0,0,19106,18921,38027
Karratha,2022,5,192,190,382,0,0,0,192,190,382,Karratha,20102,20666,40768,0,0,0,20102,20666,40768
Karratha,2022,6,196,195,391,0,0,0,196,195,391,Karratha,22178,22418,44596,0,0,0,22178,22418,44596
Karratha,2022,7,189,187,376,0,0,0,189,187,376,Karratha,22417,22435,44852,0,0,0,22417,22435,44852
Karratha,2022,8,199,198,397,0,0,0,199,198,397,Karratha,24231,24582,48813,0,0,0,24231,24582,48813
Karratha,2022,9,194,195,389,0,0,0,194,195,389,Karratha,22097,23867,45964,0,0,0,22097,23867,45964
Karratha,2022,10,191,191,382,0,0,0,191,191,382,Karratha,23665,22626,46291,0,0,0,23665,22626,46291
Karratha,2022,11,193,193,386,0,0,0,193,193,386,Karratha,23203,23462,46665,0,0,0,23203,23462,46665
Karratha,2022,12,180,180,360,0,0,0,180,180,360,Karratha,16595,22025,38620,0,0,0,16595,22025,38620
Karratha,2023,1,195,193,388,0,0,0,195,193,388,Karratha,21993,17416,39409,0,0,0,21993,17416,39409
Karratha,2023,2,178,178,356,0,0,0,178,178,356,Karratha,19746,19880,39626,0,0,0,19746,19880,39626
Karratha,2023,3,199,198,397,0,0,0,199,198,397,Karratha,22296,23103,45399,0,0,0,22296,23103,45399
Karratha,2023,4,182,182,364,0,0,0,182,182,364,Karratha,20923,20892,41815,0,0,0,20923,20892,41815
Karratha,2023,5,204,202,406,0,0,0,204,202,406,Karratha,24409,23182,47591,0,0,0,24409,23182,47591
Karratha,2023,6,195,195,390,0,0,0,195,195,390,Karratha,22882,23806,46688,0,0,0,22882,23806,46688
Karratha,2023,7,207,207,414,0,0,0,207,207,414,Karratha,23656,23968,47624,0,0,0,23656,23968,47624
Karratha,2023,8,235,234,469,0,0,0,235,234,469,Karratha,24946,25080,50026,0,0,0,24946,25080,50026
Karratha,2023,9,218,217,435,0,0,0,218,217,435,Karratha,22499,24610,47109,0,0,0,22499,24610,47109
Karratha,2023,10,234,234,468,0,0,0,234,234,468,Karratha,25498,24074,49572,0,0,0,25498,24074,49572
Karratha,2023,11,243,243,486,0,0,0,243,243,486,Karratha,24535,25294,49829,0,0,0,24535,25294,49829
Karratha,2023,12,217,217,434,0,0,0,217,217,434,Karratha,18700,23692,42392,0,0,0,18700,23692,42392
Karratha,2024,1,242,242,484,0,0,0,242,242,484,Karratha,25231,20180,45411,0,0,0,25231,20180,45411
Karratha,2024,2,222,223,445,0,0,0,222,223,445,Karratha,21322,22170,43492,0,0,0,21322,22170,43492
Karratha,2024,3,239,236,475,0,0,0,239,236,475,Karratha,24072,24751,48823,0,0,0,24072,24751,48823
Karratha,2024,4,249,249,498,0,0,0,249,249,498,Karratha,25844,23824,49668,0,0,0,25844,23824,49668
Karratha,2024,5,263,262,525,0,0,0,263,262,525,Karratha,25793,27403,53196,0,0,0,25793,27403,53196
Karratha,2024,6,239,239,478,0,0,0,239,239,478,Karratha,25398,25543,50941,0,0,0,25398,25543,50941
Karratha,2024,7,269,265,534,0,0,0,269,265,534,Karratha,29809,28600,58409,0,0,0,29809,28600,58409
Karratha,2024,8,262,260,522,0,0,0,262,260,522,Karratha,27145,27957,55102,0,0,0,27145,27957,55102
Karratha,2024,9,253,254,507,0,0,0,253,254,507,Karratha,25989,27082,53071,0,0,0,25989,27082,53071
Karratha,2024,10,268,268,536,0,0,0,268,268,536,Karratha,29045,28082,57127,0,0,0,29045,28082,57127
Karratha,2024,11,251,248,499,0,0,0,251,248,499,Karratha,26869,27481,54350,0,0,0,26869,27481,54350
Karratha,2024,12,233,232,465,0,0,0,233,232,465,Karratha,20213,25624,45837,0,0,0,20213,25624,45837
Karratha,2025,1,258,256,514,0,0,0,258,256,514,Karratha,26075,21784,47859,0,0,0,26075,21784,47859
Karratha,2025,2,243,243,486,0,0,0,243,243,486,Karratha,24143,24834,48977,0,0,0,24143,24834,48977
Karratha,2025,3,263,262,525,0,0,0,263,262,525,Karratha,27744,26873,54617,0,0,0,27744,26873,54617
Karratha,2025,4,272,272,544,0,0,0,272,272,544,Karratha,29033,29023,58056,0,0,0,29033,29023,58056
Karratha,2025,5,274,271,545,0,0,0,274,271,545,Karratha,28977,29912,58889,0,0,0,28977,29912,58889
Karratha,2025,6,266,267,533,0,0,0,266,267,533,Karratha,29828,30012,59840,0,0,0,29828,30012,59840
Launceston,1985,1,653,647,1300,0,0,0,653,647,1300,Launceston,30742,36374,67116,0,0,0,30742,36374,67116
Launceston,1985,2,570,587,1157,0,0,0,570,587,1157,Launceston,25295,24221,49516,0,0,0,25295,24221,49516
Launceston,1985,3,680,668,1348,0,0,0,680,668,1348,Launceston,28666,29572,58238,0,0,0,28666,29572,58238
Launceston,1985,4,620,612,1232,0,0,0,620,612,1232,Launceston,27177,26811,53988,0,0,0,27177,26811,53988
Launceston,1985,5,639,627,1266,0,0,0,639,627,1266,Launceston,24651,27024,51675,0,0,0,24651,27024,51675
Launceston,1985,6,599,584,1183,0,0,0,599,584,1183,Launceston,21231,21283,42514,0,0,0,21231,21283,42514
Launceston,1985,7,587,575,1162,0,0,0,587,575,1162,Launceston,16315,16603,32918,0,0,0,16315,16603,32918
Launceston,1985,8,609,604,1213,0,0,0,609,604,1213,Launceston,22147,20264,42411,0,0,0,22147,20264,42411
Launceston,1985,9,648,624,1272,0,0,0,648,624,1272,Launceston,25567,25349,50916,0,0,0,25567,25349,50916
Launceston,1985,10,678,675,1353,0,0,0,678,675,1353,Launceston,23369,23080,46449,0,0,0,23369,23080,46449
Launceston,1985,11,579,584,1163,0,0,0,579,584,1163,Launceston,23660,22905,46565,0,0,0,23660,22905,46565
Launceston,1985,12,652,649,1301,0,0,0,652,649,1301,Launceston,29782,24993,54775,0,0,0,29782,24993,54775
Launceston,1986,1,688,676,1364,0,0,0,688,676,1364,Launceston,30215,34865,65080,0,0,0,30215,34865,65080
Launceston,1986,2,589,586,1175,0,0,0,589,586,1175,Launceston,25293,24002,49295,0,0,0,25293,24002,49295
Launceston,1986,3,641,636,1277,0,0,0,641,636,1277,Launceston,27532,27659,55191,0,0,0,27532,27659,55191
Launceston,1986,4,641,631,1272,0,0,0,641,631,1272,Launceston,22932,24239,47171,0,0,0,22932,24239,47171
Launceston,1986,5,661,650,1311,0,0,0,661,650,1311,Launceston,22059,24268,46327,0,0,0,22059,24268,46327
Launceston,1986,6,599,590,1189,0,0,0,599,590,1189,Launceston,20743,20323,41066,0,0,0,20743,20323,41066
Launceston,1986,7,578,565,1143,0,0,0,578,565,1143,Launceston,18185,18573,36758,0,0,0,18185,18573,36758
Launceston,1986,8,626,610,1236,0,0,0,626,610,1236,Launceston,24408,23231,47639,0,0,0,24408,23231,47639
Launceston,1986,9,642,641,1283,0,0,0,642,641,1283,Launceston,25430,25005,50435,0,0,0,25430,25005,50435
Launceston,1986,10,659,647,1306,0,0,0,659,647,1306,Launceston,22602,22568,45170,0,0,0,22602,22568,45170
Launceston,1986,11,620,609,1229,0,0,0,620,609,1229,Launceston,22530,22107,44637,0,0,0,22530,22107,44637
Launceston,1986,12,687,675,1362,0,0,0,687,675,1362,Launceston,29280,24521,53801,0,0,0,29280,24521,53801
Launceston,1987,1,712,702,1414,0,0,0,712,702,1414,Launceston,31230,36027,67257,0,0,0,31230,36027,67257
Launceston,1987,2,617,602,1219,0,0,0,617,602,1219,Launceston,24796,23361,48157,0,0,0,24796,23361,48157
Launceston,1987,3,689,669,1358,0,0,0,689,669,1358,Launceston,25146,26028,51174,0,0,0,25146,26028,51174
Launceston,1987,4,624,616,1240,0,0,0,624,616,1240,Launceston,26112,28143,54255,0,0,0,26112,28143,54255
Launceston,1987,5,639,633,1272,0,0,0,639,633,1272,Launceston,23356,25815,49171,0,0,0,23356,25815,49171
Launceston,1987,6,589,579,1168,0,0,0,589,579,1168,Launceston,22339,21118,43457,0,0,0,22339,21118,43457
Launceston,1987,7,590,587,1177,0,0,0,590,587,1177,Launceston,19897,21007,40904,0,0,0,19897,21007,40904
Launceston,1987,8,588,581,1169,0,0,0,588,581,1169,Launceston,20971,21912,42883,0,0,0,20971,21912,42883
Launceston,1987,9,614,611,1225,0,0,0,614,611,1225,Launceston,26174,22146,48320,0,0,0,26174,22146,48320
Launceston,1987,10,682,679,1361,0,0,0,682,679,1361,Launceston,24393,25931,50324,0,0,0,24393,25931,50324
Launceston,1987,11,637,638,1275,0,0,0,637,638,1275,Launceston,24752,23985,48737,0,0,0,24752,23985,48737
Launceston,1987,12,689,686,1375,0,0,0,689,686,1375,Launceston,29558,26004,55562,0,0,0,29558,26004,55562
Launceston,1988,1,725,717,1442,0,0,0,725,717,1442,Launceston,29636,34269,63905,0,0,0,29636,34269,63905
Launceston,1988,2,679,677,1356,0,0,0,679,677,1356,Launceston,25879,24581,50460,0,0,0,25879,24581,50460
Launceston,1988,3,688,686,1374,0,0,0,688,686,1374,Launceston,26029,26578,52607,0,0,0,26029,26578,52607
Launceston,1988,4,685,683,1368,0,0,0,685,683,1368,Launceston,27615,29449,57064,0,0,0,27615,29449,57064
Launceston,1988,5,633,623,1256,0,0,0,633,623,1256,Launceston,21345,23923,45268,0,0,0,21345,23923,45268
Launceston,1988,6,619,612,1231,0,0,0,619,612,1231,Launceston,23811,21982,45793,0,0,0,23811,21982,45793
Launceston,1988,7,604,604,1208,0,0,0,604,604,1208,Launceston,22343,23842,46185,0,0,0,22343,23842,46185
Launceston,1988,8,648,639,1287,0,0,0,648,639,1287,Launceston,23664,25639,49303,0,0,0,23664,25639,49303
Launceston,1988,9,680,666,1346,0,0,0,680,666,1346,Launceston,31830,27111,58941,0,0,0,31830,27111,58941
Launceston,1988,10,635,628,1263,0,0,0,635,628,1263,Launceston,25533,26040,51573,0,0,0,25533,26040,51573
Launceston,1988,11,702,694,1396,0,0,0,702,694,1396,Launceston,23322,23267,46589,0,0,0,23322,23267,46589
Launceston,1988,12,699,685,1384,0,0,0,699,685,1384,Launceston,29627,24914,54541,0,0,0,29627,24914,54541
Launceston,1989,1,632,624,1256,0,0,0,632,624,1256,Launceston,26677,31773,58450,0,0,0,26677,31773,58450
Launceston,1989,2,543,539,1082,0,0,0,543,539,1082,Launceston,20946,19305,40251,0,0,0,20946,19305,40251
Launceston,1989,3,614,616,1230,0,0,0,614,616,1230,Launceston,24019,24892,48911,0,0,0,24019,24892,48911
Launceston,1989,4,542,546,1088,0,0,0,542,546,1088,Launceston,21516,23289,44805,0,0,0,21516,23289,44805
Launceston,1989,5,566,568,1134,0,0,0,566,568,1134,Launceston,17441,20021,37462,0,0,0,17441,20021,37462
Launceston,1989,6,558,559,1117,0,0,0,558,559,1117,Launceston,19684,18473,38157,0,0,0,19684,18473,38157
Launceston,1989,7,529,530,1059,0,0,0,529,530,1059,Launceston,17269,18926,36195,0,0,0,17269,18926,36195
Launceston,1989,8,493,490,983,0,0,0,493,490,983,Launceston,11744,12329,24073,0,0,0,11744,12329,24073
Launceston,1989,9,365,370,735,0,0,0,365,370,735,Launceston,6386,5244,11630,0,0,0,6386,5244,11630
Launceston,1989,10,422,417,839,0,0,0,422,417,839,Launceston,5944,5752,11696,0,0,0,5944,5752,11696
Launceston,1989,11,468,475,943,0,0,0,468,475,943,Launceston,7798,7559,15357,0,0,0,7798,7559,15357
Launceston,1989,12,514,512,1026,0,0,0,514,512,1026,Launceston,13771,10310,24081,0,0,0,13771,10310,24081
Launceston,1990,1,595,589,1184,0,0,0,595,589,1184,Launceston,15810,19700,35510,0,0,0,15810,19700,35510
Launceston,1990,2,570,568,1138,0,0,0,570,568,1138,Launceston,15526,13170,28696,0,0,0,15526,13170,28696
Launceston,1990,3,620,617,1237,0,0,0,620,617,1237,Launceston,18410,18783,37193,0,0,0,18410,18783,37193
Launceston,1990,4,601,603,1204,0,0,0,601,603,1204,Launceston,18767,20165,38932,0,0,0,18767,20165,38932
Launceston,1990,5,583,586,1169,0,0,0,583,586,1169,Launceston,11937,14565,26502,0,0,0,11937,14565,26502
Launceston,1990,6,579,582,1161,0,0,0,579,582,1161,Launceston,13856,12729,26585,0,0,0,13856,12729,26585
Launceston,1990,7,631,651,1282,0,0,0,631,651,1282,Launceston,13962,15145,29107,0,0,0,13962,15145,29107
Launceston,1990,8,609,644,1253,0,0,0,609,644,1253,Launceston,13009,12944,25953,0,0,0,13009,12944,25953
Launceston,1990,9,684,723,1407,0,0,0,684,723,1407,Launceston,20584,18047,38631,0,0,0,20584,18047,38631
Launceston,1990,10,643,696,1339,0,0,0,643,696,1339,Launceston,16509,16943,33452,0,0,0,16509,16943,33452
Launceston,1990,11,672,688,1360,0,0,0,672,688,1360,Launceston,15305,16523,31828,0,0,0,15305,16523,31828
Launceston,1990,12,663,692,1355,0,0,0,663,692,1355,Launceston,21379,16087,37466,0,0,0,21379,16087,37466
Launceston,1991,1,691,727,1418,0,0,0,691,727,1418,Launceston,22293,28243,50536,0,0,0,22293,28243,50536
Launceston,1991,2,575,599,1174,0,0,0,575,599,1174,Launceston,16502,14606,31108,0,0,0,16502,14606,31108
Launceston,1991,3,655,678,1333,0,0,0,655,678,1333,Launceston,19162,19588,38750,0,0,0,19162,19588,38750
Launceston,1991,4,555,685,1240,0,0,0,555,685,1240,Launceston,17185,19586,36771,0,0,0,17185,19586,36771
Launceston,1991,5,577,608,1185,0,0,0,577,608,1185,Launceston,12175,14511,26686,0,0,0,12175,14511,26686
Launceston,1991,6,522,557,1079,0,0,0,522,557,1079,Launceston,14549,14371,28920,0,0,0,14549,14371,28920
Launceston,1991,7,530,532,1062,0,0,0,530,532,1062,Launceston,15049,15396,30445,0,0,0,15049,15396,30445
Launceston,1991,8,552,554,1106,0,0,0,552,554,1106,Launceston,14157,15121,29278,0,0,0,14157,15121,29278
Launceston,1991,9,590,590,1180,0,0,0,590,590,1180,Launceston,19643,17073,36716,0,0,0,19643,17073,36716
Launceston,1991,10,606,607,1213,0,0,0,606,607,1213,Launceston,18750,19392,38142,0,0,0,18750,19392,38142
Launceston,1991,11,594,595,1189,0,0,0,594,595,1189,Launceston,18855,19028,37883,0,0,0,18855,19028,37883
Launceston,1991,12,679,681,1360,0,0,0,679,681,1360,Launceston,25516,20401,45917,0,0,0,25516,20401,45917
Launceston,1992,1,740,750,1490,0,0,0,740,750,1490,Launceston,25579,31457,57036,0,0,0,25579,31457,57036
Launceston,1992,2,588,587,1175,0,0,0,588,587,1175,Launceston,20354,18524,38878,0,0,0,20354,18524,38878
Launceston,1992,3,610,613,1223,0,0,0,610,613,1223,Launceston,19873,20592,40465,0,0,0,19873,20592,40465
Launceston,1992,4,622,622,1244,0,0,0,622,622,1244,Launceston,19002,20396,39398,0,0,0,19002,20396,39398
Launceston,1992,5,597,591,1188,0,0,0,597,591,1188,Launceston,15322,17662,32984,0,0,0,15322,17662,32984
Launceston,1992,6,544,543,1087,0,0,0,544,543,1087,Launceston,15505,14905,30410,0,0,0,15505,14905,30410
Launceston,1992,7,569,570,1139,0,0,0,569,570,1139,Launceston,14587,15391,29978,0,0,0,14587,15391,29978
Launceston,1992,8,548,546,1094,0,0,0,548,546,1094,Launceston,14593,15665,30258,0,0,0,14593,15665,30258
Launceston,1992,9,586,581,1167,0,0,0,586,581,1167,Launceston,20076,16483,36559,0,0,0,20076,16483,36559
Launceston,1992,10,608,619,1227,0,0,0,608,619,1227,Launceston,18946,19299,38245,0,0,0,18946,19299,38245
Launceston,1992,11,574,578,1152,0,0,0,574,578,1152,Launceston,18562,18569,37131,0,0,0,18562,18569,37131
Launceston,1992,12,671,674,1345,0,0,0,671,674,1345,Launceston,24769,20572,45341,0,0,0,24769,20572,45341
Launceston,1993,1,710,697,1407,0,0,0,710,697,1407,Launceston,25609,30150,55759,0,0,0,25609,30150,55759
Launceston,1993,2,504,498,1002,0,0,0,504,498,1002,Launceston,21509,19108,40617,0,0,0,21509,19108,40617
Launceston,1993,3,562,559,1121,0,0,0,562,559,1121,Launceston,21171,21989,43160,0,0,0,21171,21989,43160
Launceston,1993,4,586,586,1172,0,0,0,586,586,1172,Launceston,21620,22638,44258,0,0,0,21620,22638,44258
Launceston,1993,5,541,543,1084,0,0,0,541,543,1084,Launceston,15775,18790,34565,0,0,0,15775,18790,34565
Launceston,1993,6,517,514,1031,0,0,0,517,514,1031,Launceston,16618,15702,32320,0,0,0,16618,15702,32320
Launceston,1993,7,521,524,1045,0,0,0,521,524,1045,Launceston,15793,16310,32103,0,0,0,15793,16310,32103
Launceston,1993,8,533,533,1066,0,0,0,533,533,1066,Launceston,16691,18058,34749,0,0,0,16691,18058,34749
Launceston,1993,9,543,544,1087,0,0,0,543,544,1087,Launceston,21288,17540,38828,0,0,0,21288,17540,38828
Launceston,1993,10,550,560,1110,0,0,0,550,560,1110,Launceston,19394,19739,39133,0,0,0,19394,19739,39133
Launceston,1993,11,513,511,1024,0,0,0,513,511,1024,Launceston,21178,21041,42219,0,0,0,21178,21041,42219
Launceston,1993,12,640,631,1271,0,0,0,640,631,1271,Launceston,26916,22267,49183,0,0,0,26916,22267,49183
Launceston,1994,1,718,709,1427,0,0,0,718,709,1427,Launceston,28145,33925,62070,0,0,0,28145,33925,62070
Launceston,1994,2,532,531,1063,0,0,0,532,531,1063,Launceston,23688,21649,45337,0,0,0,23688,21649,45337
Launceston,1994,3,568,570,1138,0,0,0,568,570,1138,Launceston,24794,26441,51235,0,0,0,24794,26441,51235
Launceston,1994,4,541,537,1078,0,0,0,541,537,1078,Launceston,23504,24055,47559,0,0,0,23504,24055,47559
Launceston,1994,5,569,573,1142,0,0,0,569,573,1142,Launceston,18069,21173,39242,0,0,0,18069,21173,39242
Launceston,1994,6,552,554,1106,0,0,0,552,554,1106,Launceston,18284,16988,35272,0,0,0,18284,16988,35272
Launceston,1994,7,551,558,1109,0,0,0,551,558,1109,Launceston,17806,18756,36562,0,0,0,17806,18756,36562
Launceston,1994,8,556,563,1119,0,0,0,556,563,1119,Launceston,17513,19042,36555,0,0,0,17513,19042,36555
Launceston,1994,9,545,547,1092,0,0,0,545,547,1092,Launceston,24985,20709,45694,0,0,0,24985,20709,45694
Launceston,1994,10,577,575,1152,0,0,0,577,575,1152,Launceston,21669,21869,43538,0,0,0,21669,21869,43538
Launceston,1994,11,527,528,1055,0,0,0,527,528,1055,Launceston,22311,22485,44796,0,0,0,22311,22485,44796
Launceston,1994,12,621,624,1245,0,0,0,621,624,1245,Launceston,28123,23397,51520,0,0,0,28123,23397,51520
Launceston,1995,1,717,719,1436,0,0,0,717,719,1436,Launceston,31231,37351,68582,0,0,0,31231,37351,68582
Launceston,1995,2,519,525,1044,0,0,0,519,525,1044,Launceston,26221,23481,49702,0,0,0,26221,23481,49702
Launceston,1995,3,550,551,1101,0,0,0,550,551,1101,Launceston,25169,26507,51676,0,0,0,25169,26507,51676
Launceston,1995,4,536,541,1077,0,0,0,536,541,1077,Launceston,24085,25435,49520,0,0,0,24085,25435,49520
Launceston,1995,5,522,527,1049,0,0,0,522,527,1049,Launceston,18113,21027,39140,0,0,0,18113,21027,39140
Launceston,1995,6,475,475,950,0,0,0,475,475,950,Launceston,18877,18179,37056,0,0,0,18877,18179,37056
Launceston,1995,7,486,492,978,0,0,0,486,492,978,Launceston,20202,20917,41119,0,0,0,20202,20917,41119
Launceston,1995,8,482,483,965,0,0,0,482,483,965,Launceston,20055,20504,40559,0,0,0,20055,20504,40559
Launceston,1995,9,493,493,986,0,0,0,493,493,986,Launceston,25711,22720,48431,0,0,0,25711,22720,48431
Launceston,1995,10,497,500,997,0,0,0,497,500,997,Launceston,22689,23063,45752,0,0,0,22689,23063,45752
Launceston,1995,11,475,480,955,0,0,0,475,480,955,Launceston,23578,23482,47060,0,0,0,23578,23482,47060
Launceston,1995,12,546,551,1097,0,0,0,546,551,1097,Launceston,29792,24729,54521,0,0,0,29792,24729,54521
Launceston,1996,1,662,666,1328,0,0,0,662,666,1328,Launceston,31624,37300,68924,0,0,0,31624,37300,68924
Launceston,1996,2,511,514,1025,0,0,0,511,514,1025,Launceston,26932,25431,52363,0,0,0,26932,25431,52363
Launceston,1996,3,542,546,1088,0,0,0,542,546,1088,Launceston,26501,28833,55334,0,0,0,26501,28833,55334
Launceston,1996,4,502,497,999,0,0,0,502,497,999,Launceston,25442,25978,51420,0,0,0,25442,25978,51420
Launceston,1996,5,475,469,944,0,0,0,475,469,944,Launceston,19044,22690,41734,0,0,0,19044,22690,41734
Launceston,1996,6,461,459,920,0,0,0,461,459,920,Launceston,21407,19638,41045,0,0,0,21407,19638,41045
Launceston,1996,7,470,470,940,0,0,0,470,470,940,Launceston,19295,20760,40055,0,0,0,19295,20760,40055
Launceston,1996,8,461,466,927,0,0,0,461,466,927,Launceston,19063,19360,38423,0,0,0,19063,19360,38423
Launceston,1996,9,476,476,952,0,0,0,476,476,952,Launceston,26035,23096,49131,0,0,0,26035,23096,49131
Launceston,1996,10,492,490,982,0,0,0,492,490,982,Launceston,24703,25145,49848,0,0,0,24703,25145,49848
Launceston,1996,11,468,467,935,0,0,0,468,467,935,Launceston,24594,24804,49398,0,0,0,24594,24804,49398
Launceston,1996,12,536,568,1104,0,0,0,536,568,1104,Launceston,29600,24342,53942,0,0,0,29600,24342,53942
Launceston,1997,1,631,630,1261,0,0,0,631,630,1261,Launceston,28945,34573,63518,0,0,0,28945,34573,63518
Launceston,1997,2,479,483,962,0,0,0,479,483,962,Launceston,25646,22929,48575,0,0,0,25646,22929,48575
Launceston,1997,3,535,534,1069,0,0,0,535,534,1069,Launceston,27434,29110,56544,0,0,0,27434,29110,56544
Launceston,1997,4,499,499,998,0,0,0,499,499,998,Launceston,24432,26150,50582,0,0,0,24432,26150,50582
Launceston,1997,5,497,498,995,0,0,0,497,498,995,Launceston,17943,21830,39773,0,0,0,17943,21830,39773
Launceston,1997,6,480,477,957,0,0,0,480,477,957,Launceston,20646,18695,39341,0,0,0,20646,18695,39341
Launceston,1997,7,494,492,986,0,0,0,494,492,986,Launceston,17447,19072,36519,0,0,0,17447,19072,36519
Launceston,1997,8,461,462,923,0,0,0,461,462,923,Launceston,19480,18901,38381,0,0,0,19480,18901,38381
Launceston,1997,9,477,480,957,0,0,0,477,480,957,Launceston,25197,22397,47594,0,0,0,25197,22397,47594
Launceston,1997,10,476,474,950,0,0,0,476,474,950,Launceston,22551,23547,46098,0,0,0,22551,23547,46098
Launceston,1997,11,444,446,890,0,0,0,444,446,890,Launceston,22062,21860,43922,0,0,0,22062,21860,43922
Launceston,1997,12,488,488,976,0,0,0,488,488,976,Launceston,25882,22108,47990,0,0,0,25882,22108,47990
Launceston,1998,1,577,578,1155,0,0,0,577,578,1155,Launceston,28926,33251,62177,0,0,0,28926,33251,62177
Launceston,1998,2,467,468,935,0,0,0,467,468,935,Launceston,25372,23817,49189,0,0,0,25372,23817,49189
Launceston,1998,3,514,513,1027,0,0,0,514,513,1027,Launceston,25806,27440,53246,0,0,0,25806,27440,53246
Launceston,1998,4,483,483,966,0,0,0,483,483,966,Launceston,22194,23360,45554,0,0,0,22194,23360,45554
Launceston,1998,5,462,462,924,0,0,0,462,462,924,Launceston,17604,21092,38696,0,0,0,17604,21092,38696
Launceston,1998,6,448,450,898,0,0,0,448,450,898,Launceston,19626,18415,38041,0,0,0,19626,18415,38041
Launceston,1998,7,463,462,925,0,0,0,463,462,925,Launceston,16108,17253,33361,0,0,0,16108,17253,33361
Launceston,1998,8,452,453,905,0,0,0,452,453,905,Launceston,17931,17752,35683,0,0,0,17931,17752,35683
Launceston,1998,9,466,464,930,0,0,0,466,464,930,Launceston,22709,19741,42450,0,0,0,22709,19741,42450
Launceston,1998,10,468,467,935,0,0,0,468,467,935,Launceston,22488,22863,45351,0,0,0,22488,22863,45351
Launceston,1998,11,445,445,890,0,0,0,445,445,890,Launceston,22077,21933,44010,0,0,0,22077,21933,44010
Launceston,1998,12,485,485,970,0,0,0,485,485,970,Launceston,26118,22068,48186,0,0,0,26118,22068,48186
Launceston,1999,1,563,563,1126,0,0,0,563,563,1126,Launceston,27773,31825,59598,0,0,0,27773,31825,59598
Launceston,1999,2,452,452,904,0,0,0,452,452,904,Launceston,24363,22830,47193,0,0,0,24363,22830,47193
Launceston,1999,3,503,503,1006,0,0,0,503,503,1006,Launceston,25545,27435,52980,0,0,0,25545,27435,52980
Launceston,1999,4,459,459,918,0,0,0,459,459,918,Launceston,22533,23272,45805,0,0,0,22533,23272,45805
Launceston,1999,5,438,439,877,0,0,0,438,439,877,Launceston,18541,21551,40092,0,0,0,18541,21551,40092
Launceston,1999,6,428,428,856,0,0,0,428,428,856,Launceston,20629,18747,39376,0,0,0,20629,18747,39376
Launceston,1999,7,376,376,752,0,0,0,376,376,752,Launceston,17777,18735,36512,0,0,0,17777,18735,36512
Launceston,1999,8,419,420,839,0,0,0,419,420,839,Launceston,18864,18683,37547,0,0,0,18864,18683,37547
Launceston,1999,9,445,447,892,0,0,0,445,447,892,Launceston,25013,23061,48074,0,0,0,25013,23061,48074
Launceston,1999,10,436,436,872,0,0,0,436,436,872,Launceston,21965,22112,44077,0,0,0,21965,22112,44077
Launceston,1999,11,426,427,853,0,0,0,426,427,853,Launceston,21560,21607,43167,0,0,0,21560,21607,43167
Launceston,1999,12,503,504,1007,0,0,0,503,504,1007,Launceston,26270,23273,49543,0,0,0,26270,23273,49543
Launceston,2000,1,562,565,1127,0,0,0,562,565,1127,Launceston,26320,30386,56706,0,0,0,26320,30386,56706
Launceston,2000,2,511,508,1019,0,0,0,511,508,1019,Launceston,24117,22652,46769,0,0,0,24117,22652,46769
Launceston,2000,3,565,565,1130,0,0,0,565,565,1130,Launceston,25205,26477,51682,0,0,0,25205,26477,51682
Launceston,2000,4,554,555,1109,0,0,0,554,555,1109,Launceston,23686,25005,48691,0,0,0,23686,25005,48691
Launceston,2000,5,545,547,1092,0,0,0,545,547,1092,Launceston,19419,20702,40121,0,0,0,19419,20702,40121
Launceston,2000,6,528,529,1057,0,0,0,528,529,1057,Launceston,19794,19408,39202,0,0,0,19794,19408,39202
Launceston,2000,7,535,533,1068,0,0,0,535,533,1068,Launceston,16888,17291,34179,0,0,0,16888,17291,34179
Launceston,2000,8,537,535,1072,0,0,0,537,535,1072,Launceston,17093,17188,34281,0,0,0,17093,17188,34281
Launceston,2000,9,454,455,909,0,0,0,454,455,909,Launceston,22634,22741,45375,0,0,0,22634,22741,45375
Launceston,2000,10,457,458,915,0,0,0,457,458,915,Launceston,20494,20079,40573,0,0,0,20494,20079,40573
Launceston,2000,11,440,438,878,0,0,0,440,438,878,Launceston,21459,21044,42503,0,0,0,21459,21044,42503
Launceston,2000,12,520,517,1037,0,0,0,520,517,1037,Launceston,25897,23879,49776,0,0,0,25897,23879,49776
Launceston,2001,1,655,655,1310,0,0,0,655,655,1310,Launceston,29130,31260,60390,0,0,0,29130,31260,60390
Launceston,2001,2,490,489,979,0,0,0,490,489,979,Launceston,23200,21859,45059,0,0,0,23200,21859,45059
Launceston,2001,3,535,536,1071,0,0,0,535,536,1071,Launceston,24503,26073,50576,0,0,0,24503,26073,50576
Launceston,2001,4,540,539,1079,0,0,0,540,539,1079,Launceston,21420,22187,43607,0,0,0,21420,22187,43607
Launceston,2001,5,494,498,992,0,0,0,494,498,992,Launceston,18160,19525,37685,0,0,0,18160,19525,37685
Launceston,2001,6,475,471,946,0,0,0,475,471,946,Launceston,19107,18989,38096,0,0,0,19107,18989,38096
Launceston,2001,7,458,457,915,0,0,0,458,457,915,Launceston,16895,17366,34261,0,0,0,16895,17366,34261
Launceston,2001,8,457,462,919,0,0,0,457,462,919,Launceston,17137,17520,34657,0,0,0,17137,17520,34657
Launceston,2001,9,367,369,736,0,0,0,367,369,736,Launceston,16945,16071,33016,0,0,0,16945,16071,33016
Launceston,2001,10,288,286,574,0,0,0,288,286,574,Launceston,16115,15897,32012,0,0,0,16115,15897,32012
Launceston,2001,11,343,342,685,0,0,0,343,342,685,Launceston,20880,20954,41834,0,0,0,20880,20954,41834
Launceston,2001,12,477,477,954,0,0,0,477,477,954,Launceston,30129,27690,57819,0,0,0,30129,27690,57819
Launceston,2002,1,367,367,734,0,0,0,367,367,734,Launceston,28883,31966,60849,0,0,0,28883,31966,60849
Launceston,2002,2,291,289,580,0,0,0,291,289,580,Launceston,25688,24860,50548,0,0,0,25688,24860,50548
Launceston,2002,3,319,317,636,0,0,0,319,317,636,Launceston,27545,28412,55957,0,0,0,27545,28412,55957
Launceston,2002,4,309,309,618,0,0,0,309,309,618,Launceston,23910,24949,48859,0,0,0,23910,24949,48859
Launceston,2002,5,321,321,642,0,0,0,321,321,642,Launceston,19874,22308,42182,0,0,0,19874,22308,42182
Launceston,2002,6,309,309,618,0,0,0,309,309,618,Launceston,21228,20423,41651,0,0,0,21228,20423,41651
Launceston,2002,7,321,319,640,0,0,0,321,319,640,Launceston,19840,20519,40359,0,0,0,19840,20519,40359
Launceston,2002,8,321,320,641,0,0,0,321,320,641,Launceston,19652,19847,39499,0,0,0,19652,19847,39499
Launceston,2002,9,314,316,630,0,0,0,314,316,630,Launceston,23438,21714,45152,0,0,0,23438,21714,45152
Launceston,2002,10,320,320,640,0,0,0,320,320,640,Launceston,22746,23111,45857,0,0,0,22746,23111,45857
Launceston,2002,11,299,299,598,0,0,0,299,299,598,Launceston,22129,22374,44503,0,0,0,22129,22374,44503
Launceston,2002,12,351,352,703,0,0,0,351,352,703,Launceston,28517,26475,54992,0,0,0,28517,26475,54992
Launceston,2003,1,384,384,768,0,0,0,384,384,768,Launceston,29683,33015,62698,0,0,0,29683,33015,62698
Launceston,2003,2,333,332,665,0,0,0,333,332,665,Launceston,26462,25522,51984,0,0,0,26462,25522,51984
Launceston,2003,3,337,337,674,0,0,0,337,337,674,Launceston,27411,28218,55629,0,0,0,27411,28218,55629
Launceston,2003,4,251,250,501,0,0,0,251,250,501,Launceston,24142,24620,48762,0,0,0,24142,24620,48762
Launceston,2003,5,314,314,628,0,0,0,314,314,628,Launceston,20288,22605,42893,0,0,0,20288,22605,42893
Launceston,2003,6,281,282,563,0,0,0,281,282,563,Launceston,21312,20717,42029,0,0,0,21312,20717,42029
Launceston,2003,7,281,281,562,0,0,0,281,281,562,Launceston,19377,20324,39701,0,0,0,19377,20324,39701
Launceston,2003,8,311,312,623,0,0,0,311,312,623,Launceston,22122,22645,44767,0,0,0,22122,22645,44767
Launceston,2003,9,305,305,610,0,0,0,305,305,610,Launceston,24813,23061,47874,0,0,0,24813,23061,47874
Launceston,2003,10,317,317,634,0,0,0,317,317,634,Launceston,24975,25245,50220,0,0,0,24975,25245,50220
Launceston,2003,11,332,332,664,0,0,0,332,332,664,Launceston,27156,27479,54635,0,0,0,27156,27479,54635
Launceston,2003,12,390,390,780,0,0,0,390,390,780,Launceston,35058,31667,66725,0,0,0,35058,31667,66725
Launceston,2004,1,462,460,922,0,0,0,462,460,922,Launceston,35898,39235,75133,0,0,0,35898,39235,75133
Launceston,2004,2,397,395,792,0,0,0,397,395,792,Launceston,32878,31283,64161,0,0,0,32878,31283,64161
Launceston,2004,3,414,409,823,0,0,0,414,409,823,Launceston,32190,33707,65897,0,0,0,32190,33707,65897
Launceston,2004,4,371,367,738,0,0,0,371,367,738,Launceston,27597,28046,55643,0,0,0,27597,28046,55643
Launceston,2004,5,366,364,730,0,0,0,366,364,730,Launceston,25153,28285,53438,0,0,0,25153,28285,53438
Launceston,2004,6,364,358,722,0,0,0,364,358,722,Launceston,27694,26048,53742,0,0,0,27694,26048,53742
Launceston,2004,7,367,364,731,0,0,0,367,364,731,Launceston,24156,25327,49483,0,0,0,24156,25327,49483
Launceston,2004,8,394,391,785,0,0,0,394,391,785,Launceston,26693,27560,54253,0,0,0,26693,27560,54253
Launceston,2004,9,459,457,916,0,0,0,459,457,916,Launceston,33313,30426,63739,0,0,0,33313,30426,63739
Launceston,2004,10,478,475,953,0,0,0,478,475,953,Launceston,33721,34859,68580,0,0,0,33721,34859,68580
Launceston,2004,11,466,463,929,0,0,0,466,463,929,Launceston,35726,35886,71612,0,0,0,35726,35886,71612
Launceston,2004,12,496,491,987,0,0,0,496,491,987,Launceston,39029,35752,74781,0,0,0,39029,35752,74781
Launceston,2005,1,522,517,1039,0,0,0,522,517,1039,Launceston,39261,43030,82291,0,0,0,39261,43030,82291
Launceston,2005,2,444,442,886,0,0,0,444,442,886,Launceston,37901,35765,73666,0,0,0,37901,35765,73666
Launceston,2005,3,492,487,979,0,0,0,492,487,979,Launceston,39556,40780,80336,0,0,0,39556,40780,80336
Launceston,2005,4,470,464,934,0,0,0,470,464,934,Launceston,35449,36862,72311,0,0,0,35449,36862,72311
Launceston,2005,5,474,472,946,0,0,0,474,472,946,Launceston,31765,35201,66966,0,0,0,31765,35201,66966
Launceston,2005,6,463,458,921,0,0,0,463,458,921,Launceston,34457,33220,67677,0,0,0,34457,33220,67677
Launceston,2005,7,474,469,943,0,0,0,474,469,943,Launceston,32786,34111,66897,0,0,0,32786,34111,66897
Launceston,2005,8,461,460,921,0,0,0,461,460,921,Launceston,32901,34289,67190,0,0,0,32901,34289,67190
Launceston,2005,9,482,479,961,0,0,0,482,479,961,Launceston,38323,35826,74149,0,0,0,38323,35826,74149
Launceston,2005,10,485,481,966,0,0,0,485,481,966,Launceston,35726,35958,71684,0,0,0,35726,35958,71684
Launceston,2005,11,482,484,966,0,0,0,482,484,966,Launceston,38437,39986,78423,0,0,0,38437,39986,78423
Launceston,2005,12,508,504,1012,0,0,0,508,504,1012,Launceston,44267,41247,85514,0,0,0,44267,41247,85514
Launceston,2006,1,529,522,1051,0,0,0,529,522,1051,Launceston,45246,50649,95895,0,0,0,45246,50649,95895
Launceston,2006,2,455,451,906,0,0,0,455,451,906,Launceston,38984,38617,77601,0,0,0,38984,38617,77601
Launceston,2006,3,500,502,1002,0,0,0,500,502,1002,Launceston,41702,43071,84773,0,0,0,41702,43071,84773
Launceston,2006,4,437,433,870,0,0,0,437,433,870,Launceston,39853,41242,81095,0,0,0,39853,41242,81095
Launceston,2006,5,460,454,914,0,0,0,460,454,914,Launceston,35174,36990,72164,0,0,0,35174,36990,72164
Launceston,2006,6,435,429,864,0,0,0,435,429,864,Launceston,35605,34647,70252,0,0,0,35605,34647,70252
Launceston,2006,7,451,447,898,0,0,0,451,447,898,Launceston,34464,34590,69054,0,0,0,34464,34590,69054
Launceston,2006,8,478,471,949,0,0,0,478,471,949,Launceston,35763,36363,72126,0,0,0,35763,36363,72126
Launceston,2006,9,467,459,926,0,0,0,467,459,926,Launceston,39935,38235,78170,0,0,0,39935,38235,78170
Launceston,2006,10,471,467,938,0,0,0,471,467,938,Launceston,39848,40137,79985,0,0,0,39848,40137,79985
Launceston,2006,11,484,479,963,0,0,0,484,479,963,Launceston,44222,43736,87958,0,0,0,44222,43736,87958
Launceston,2006,12,577,568,1145,0,0,0,577,568,1145,Launceston,48667,45593,94260,0,0,0,48667,45593,94260
Launceston,2007,1,581,574,1155,0,0,0,581,574,1155,Launceston,47295,50551,97846,0,0,0,47295,50551,97846
Launceston,2007,2,489,483,972,0,0,0,489,483,972,Launceston,43419,41134,84553,0,0,0,43419,41134,84553
Launceston,2007,3,537,531,1068,0,0,0,537,531,1068,Launceston,44624,45420,90044,0,0,0,44624,45420,90044
Launceston,2007,4,534,522,1056,0,0,0,534,522,1056,Launceston,43422,43847,87269,0,0,0,43422,43847,87269
Launceston,2007,5,534,522,1056,0,0,0,534,522,1056,Launceston,38895,41160,80055,0,0,0,38895,41160,80055
Launceston,2007,6,487,483,970,0,0,0,487,483,970,Launceston,37919,36425,74344,0,0,0,37919,36425,74344
Launceston,2007,7,498,494,992,0,0,0,498,494,992,Launceston,38347,38729,77076,0,0,0,38347,38729,77076
Launceston,2007,8,509,505,1014,0,0,0,509,505,1014,Launceston,39127,39574,78701,0,0,0,39127,39574,78701
Launceston,2007,9,506,502,1008,0,0,0,506,502,1008,Launceston,42901,40772,83673,0,0,0,42901,40772,83673
Launceston,2007,10,529,522,1051,0,0,0,529,522,1051,Launceston,43924,43584,87508,0,0,0,43924,43584,87508
Launceston,2007,11,519,512,1031,0,0,0,519,512,1031,Launceston,46963,46338,93301,0,0,0,46963,46338,93301
Launceston,2007,12,592,587,1179,0,0,0,592,587,1179,Launceston,54517,50551,105068,0,0,0,54517,50551,105068
Launceston,2008,1,589,586,1175,0,0,0,589,586,1175,Launceston,52374,56554,108928,0,0,0,52374,56554,108928
Launceston,2008,2,521,516,1037,0,0,0,521,516,1037,Launceston,51033,48639,99672,0,0,0,51033,48639,99672
Launceston,2008,3,573,566,1139,0,0,0,573,566,1139,Launceston,52903,53906,106809,0,0,0,52903,53906,106809
Launceston,2008,4,536,534,1070,0,0,0,536,534,1070,Launceston,46952,47335,94287,0,0,0,46952,47335,94287
Launceston,2008,5,563,559,1122,0,0,0,563,559,1122,Launceston,42438,44572,87010,0,0,0,42438,44572,87010
Launceston,2008,6,517,516,1033,0,0,0,517,516,1033,Launceston,43251,41091,84342,0,0,0,43251,41091,84342
Launceston,2008,7,530,527,1057,0,0,0,530,527,1057,Launceston,40336,41295,81631,0,0,0,40336,41295,81631
Launceston,2008,8,530,534,1064,0,0,0,530,534,1064,Launceston,43078,43398,86476,0,0,0,43078,43398,86476
Launceston,2008,9,519,520,1039,0,0,0,519,520,1039,Launceston,46233,42807,89040,0,0,0,46233,42807,89040
Launceston,2008,10,540,540,1080,0,0,0,540,540,1080,Launceston,47255,47441,94696,0,0,0,47255,47441,94696
Launceston,2008,11,527,521,1048,0,0,0,527,521,1048,Launceston,46935,46991,93926,0,0,0,46935,46991,93926
Launceston,2008,12,572,571,1143,0,0,0,572,571,1143,Launceston,52334,48336,100670,0,0,0,52334,48336,100670
Launceston,2009,1,588,589,1177,0,0,0,588,589,1177,Launceston,53276,56926,110202,0,0,0,53276,56926,110202
Launceston,2009,2,510,510,1020,0,0,0,510,510,1020,Launceston,47357,45645,93002,0,0,0,47357,45645,93002
Launceston,2009,3,559,562,1121,0,0,0,559,562,1121,Launceston,52117,53080,105197,0,0,0,52117,53080,105197
Launceston,2009,4,548,548,1096,0,0,0,548,548,1096,Launceston,48103,49058,97161,0,0,0,48103,49058,97161
Launceston,2009,5,515,514,1029,0,0,0,515,514,1029,Launceston,43724,46111,89835,0,0,0,43724,46111,89835
Launceston,2009,6,509,511,1020,0,0,0,509,511,1020,Launceston,43558,41178,84736,0,0,0,43558,41178,84736
Launceston,2009,7,532,535,1067,0,0,0,532,535,1067,Launceston,43009,45005,88014,0,0,0,43009,45005,88014
Launceston,2009,8,532,537,1069,0,0,0,532,537,1069,Launceston,44205,44814,89019,0,0,0,44205,44814,89019
Launceston,2009,9,517,515,1032,0,0,0,517,515,1032,Launceston,47148,44062,91210,0,0,0,47148,44062,91210
Launceston,2009,10,536,534,1070,0,0,0,536,534,1070,Launceston,47088,47112,94200,0,0,0,47088,47112,94200
Launceston,2009,11,511,515,1026,0,0,0,511,515,1026,Launceston,47334,47558,94892,0,0,0,47334,47558,94892
Launceston,2009,12,548,550,1098,0,0,0,548,550,1098,Launceston,51720,47186,98906,0,0,0,51720,47186,98906
Launceston,2010,1,597,598,1195,0,0,0,597,598,1195,Launceston,50233,55774,106007,0,0,0,50233,55774,106007
Launceston,2010,2,528,534,1062,0,0,0,528,534,1062,Launceston,47867,46638,94505,0,0,0,47867,46638,94505
Launceston,2010,3,607,606,1213,0,0,0,607,606,1213,Launceston,49830,50951,100781,0,0,0,49830,50951,100781
Launceston,2010,4,595,597,1192,0,0,0,595,597,1192,Launceston,49145,50974,100119,0,0,0,49145,50974,100119
Launceston,2010,5,579,573,1152,0,0,0,579,573,1152,Launceston,42635,45994,88629,0,0,0,42635,45994,88629
Launceston,2010,6,560,563,1123,0,0,0,560,563,1123,Launceston,43695,41349,85044,0,0,0,43695,41349,85044
Launceston,2010,7,593,593,1186,0,0,0,593,593,1186,Launceston,43396,45798,89194,0,0,0,43396,45798,89194
Launceston,2010,8,550,550,1100,0,0,0,550,550,1100,Launceston,44292,44645,88937,0,0,0,44292,44645,88937
Launceston,2010,9,548,548,1096,0,0,0,548,548,1096,Launceston,48145,43768,91913,0,0,0,48145,43768,91913
Launceston,2010,10,522,525,1047,0,0,0,522,525,1047,Launceston,48334,49055,97389,0,0,0,48334,49055,97389
Launceston,2010,11,524,525,1049,0,0,0,524,525,1049,Launceston,48816,48567,97383,0,0,0,48816,48567,97383
Launceston,2010,12,646,644,1290,0,0,0,646,644,1290,Launceston,63578,54488,118066,0,0,0,63578,54488,118066
Launceston,2011,1,639,635,1274,0,0,0,639,635,1274,Launceston,53384,62199,115583,0,0,0,53384,62199,115583
Launceston,2011,2,548,545,1093,0,0,0,548,545,1093,Launceston,48468,46666,95134,0,0,0,48468,46666,95134
Launceston,2011,3,587,582,1169,0,0,0,587,582,1169,Launceston,52074,54657,106731,0,0,0,52074,54657,106731
Launceston,2011,4,500,494,994,0,0,0,500,494,994,Launceston,48024,48508,96532,0,0,0,48024,48508,96532
Launceston,2011,5,481,479,960,0,0,0,481,479,960,Launceston,41123,44856,85979,0,0,0,41123,44856,85979
Launceston,2011,6,429,428,857,0,0,0,429,428,857,Launceston,37192,36323,73515,0,0,0,37192,36323,73515
Launceston,2011,7,513,513,1026,0,0,0,513,513,1026,Launceston,41920,42708,84628,0,0,0,41920,42708,84628
Launceston,2011,8,512,512,1024,0,0,0,512,512,1024,Launceston,41809,43353,85162,0,0,0,41809,43353,85162
Launceston,2011,9,511,512,1023,0,0,0,511,512,1023,Launceston,46117,40861,86978,0,0,0,46117,40861,86978
Launceston,2011,10,526,509,1035,0,0,0,526,509,1035,Launceston,45806,45459,91265,0,0,0,45806,45459,91265
Launceston,2011,11,540,523,1063,0,0,0,540,523,1063,Launceston,48217,48249,96466,0,0,0,48217,48249,96466
Launceston,2011,12,600,585,1185,0,0,0,600,585,1185,Launceston,59112,48529,107641,0,0,0,59112,48529,107641
Launceston,2012,1,638,620,1258,0,0,0,638,620,1258,Launceston,51723,62066,113789,0,0,0,51723,62066,113789
Launceston,2012,2,521,503,1024,0,0,0,521,503,1024,Launceston,47758,45556,93314,0,0,0,47758,45556,93314
Launceston,2012,3,548,543,1091,0,0,0,548,543,1091,Launceston,49930,51415,101345,0,0,0,49930,51415,101345
Launceston,2012,4,517,510,1027,0,0,0,517,510,1027,Launceston,47943,49440,97383,0,0,0,47943,49440,97383
Launceston,2012,5,523,516,1039,0,0,0,523,516,1039,Launceston,40869,46309,87178,0,0,0,40869,46309,87178
Launceston,2012,6,498,493,991,0,0,0,498,493,991,Launceston,43447,41580,85027,0,0,0,43447,41580,85027
Launceston,2012,7,556,550,1106,0,0,0,556,550,1106,Launceston,41448,42325,83773,0,0,0,41448,42325,83773
Launceston,2012,8,552,547,1099,0,0,0,552,547,1099,Launceston,43558,44731,88289,0,0,0,43558,44731,88289
Launceston,2012,9,545,542,1087,0,0,0,545,542,1087,Launceston,51735,45363,97098,0,0,0,51735,45363,97098
Launceston,2012,10,577,571,1148,0,0,0,577,571,1148,Launceston,48500,50236,98736,0,0,0,48500,50236,98736
Launceston,2012,11,643,629,1272,0,0,0,643,629,1272,Launceston,54220,53079,107299,0,0,0,54220,53079,107299
Launceston,2012,12,672,665,1337,0,0,0,672,665,1337,Launceston,64723,54319,119042,0,0,0,64723,54319,119042
Launceston,2013,1,700,693,1393,0,0,0,700,693,1393,Launceston,59195,68212,127407,0,0,0,59195,68212,127407
Launceston,2013,2,585,580,1165,0,0,0,585,580,1165,Launceston,51614,49824,101438,0,0,0,51614,49824,101438
Launceston,2013,3,664,658,1322,0,0,0,664,658,1322,Launceston,58097,57203,115300,0,0,0,58097,57203,115300
Launceston,2013,4,631,625,1256,0,0,0,631,625,1256,Launceston,53606,58484,112090,0,0,0,53606,58484,112090
Launceston,2013,5,587,584,1171,0,0,0,587,584,1171,Launceston,44115,45232,89347,0,0,0,44115,45232,89347
Launceston,2013,6,559,551,1110,0,0,0,559,551,1110,Launceston,42376,40518,82894,0,0,0,42376,40518,82894
Launceston,2013,7,607,603,1210,0,0,0,607,603,1210,Launceston,48884,51918,100802,0,0,0,48884,51918,100802
Launceston,2013,8,587,580,1167,0,0,0,587,580,1167,Launceston,47701,46349,94050,0,0,0,47701,46349,94050
Launceston,2013,9,595,591,1186,0,0,0,595,591,1186,Launceston,46688,46155,92843,0,0,0,46688,46155,92843
Launceston,2013,10,641,635,1276,0,0,0,641,635,1276,Launceston,56585,53950,110535,0,0,0,56585,53950,110535
Launceston,2013,11,638,631,1269,0,0,0,638,631,1269,Launceston,52468,51856,104324,0,0,0,52468,51856,104324
Launceston,2013,12,696,691,1387,0,0,0,696,691,1387,Launceston,67666,58449,126115,0,0,0,67666,58449,126115
Launceston,2014,1,706,696,1402,0,0,0,706,696,1402,Launceston,63827,71154,134981,0,0,0,63827,71154,134981
Launceston,2014,2,570,563,1133,0,0,0,570,563,1133,Launceston,52717,51591,104308,0,0,0,52717,51591,104308
Launceston,2014,3,626,620,1246,0,0,0,626,620,1246,Launceston,57992,59751,117743,0,0,0,57992,59751,117743
Launceston,2014,4,617,609,1226,0,0,0,617,609,1226,Launceston,53633,57336,110969,0,0,0,53633,57336,110969
Launceston,2014,5,601,595,1196,0,0,0,601,595,1196,Launceston,47347,48323,95670,0,0,0,47347,48323,95670
Launceston,2014,6,593,587,1180,0,0,0,593,587,1180,Launceston,47550,46394,93944,0,0,0,47550,46394,93944
Launceston,2014,7,598,592,1190,0,0,0,598,592,1190,Launceston,47391,49829,97220,0,0,0,47391,49829,97220
Launceston,2014,8,573,568,1141,0,0,0,573,568,1141,Launceston,44931,45508,90439,0,0,0,44931,45508,90439
Launceston,2014,9,581,577,1158,0,0,0,581,577,1158,Launceston,48691,46829,95520,0,0,0,48691,46829,95520
Launceston,2014,10,617,609,1226,0,0,0,617,609,1226,Launceston,55493,54135,109628,0,0,0,55493,54135,109628
Launceston,2014,11,617,608,1225,0,0,0,617,608,1225,Launceston,56824,54527,111351,0,0,0,56824,54527,111351
Launceston,2014,12,662,656,1318,0,0,0,662,656,1318,Launceston,67721,59688,127409,0,0,0,67721,59688,127409
Launceston,2015,1,683,677,1360,0,0,0,683,677,1360,Launceston,61786,69331,131117,0,0,0,61786,69331,131117
Launceston,2015,2,557,548,1105,0,0,0,557,548,1105,Launceston,53435,51643,105078,0,0,0,53435,51643,105078
Launceston,2015,3,626,622,1248,0,0,0,626,622,1248,Launceston,57484,59583,117067,0,0,0,57484,59583,117067
Launceston,2015,4,579,572,1151,0,0,0,579,572,1151,Launceston,52216,55380,107596,0,0,0,52216,55380,107596
Launceston,2015,5,577,570,1147,0,0,0,577,570,1147,Launceston,46677,48225,94902,0,0,0,46677,48225,94902
Launceston,2015,6,550,543,1093,0,0,0,550,543,1093,Launceston,42671,42200,84871,0,0,0,42671,42200,84871
Launceston,2015,7,588,579,1167,0,0,0,588,579,1167,Launceston,49223,51910,101133,0,0,0,49223,51910,101133
Launceston,2015,8,560,552,1112,0,0,0,560,552,1112,Launceston,46105,45411,91516,0,0,0,46105,45411,91516
Launceston,2015,9,577,569,1146,0,0,0,577,569,1146,Launceston,47215,46412,93627,0,0,0,47215,46412,93627
Launceston,2015,10,616,612,1228,0,0,0,616,612,1228,Launceston,56542,53452,109994,0,0,0,56542,53452,109994
Launceston,2015,11,651,641,1292,0,0,0,651,641,1292,Launceston,58767,57575,116342,0,0,0,58767,57575,116342
Launceston,2015,12,716,709,1425,0,0,0,716,709,1425,Launceston,70521,62644,133165,0,0,0,70521,62644,133165
Launceston,2016,1,711,703,1414,0,0,0,711,703,1414,Launceston,63517,72206,135723,0,0,0,63517,72206,135723
Launceston,2016,2,601,596,1197,0,0,0,601,596,1197,Launceston,57729,56406,114135,0,0,0,57729,56406,114135
Launceston,2016,3,633,627,1260,0,0,0,633,627,1260,Launceston,61282,61169,122451,0,0,0,61282,61169,122451
Launceston,2016,4,597,589,1186,0,0,0,597,589,1186,Launceston,54996,60277,115273,0,0,0,54996,60277,115273
Launceston,2016,5,560,554,1114,0,0,0,560,554,1114,Launceston,47415,49237,96652,0,0,0,47415,49237,96652
Launceston,2016,6,543,535,1078,0,0,0,543,535,1078,Launceston,45377,45564,90941,0,0,0,45377,45564,90941
Launceston,2016,7,592,591,1183,0,0,0,592,591,1183,Launceston,53340,54414,107754,0,0,0,53340,54414,107754
Launceston,2016,8,555,553,1108,0,0,0,555,553,1108,Launceston,44702,44901,89603,0,0,0,44702,44901,89603
Launceston,2016,9,597,587,1184,0,0,0,597,587,1184,Launceston,50064,48950,99014,0,0,0,50064,48950,99014
Launceston,2016,10,596,588,1184,0,0,0,596,588,1184,Launceston,55946,52152,108098,0,0,0,55946,52152,108098
Launceston,2016,11,635,632,1267,0,0,0,635,632,1267,Launceston,58326,56791,115117,0,0,0,58326,56791,115117
Launceston,2016,12,726,719,1445,0,0,0,726,719,1445,Launceston,72849,63415,136264,0,0,0,72849,63415,136264
Launceston,2017,1,740,732,1472,0,0,0,740,732,1472,Launceston,67589,75597,143186,0,0,0,67589,75597,143186
Launceston,2017,2,607,597,1204,0,0,0,607,597,1204,Launceston,57412,56874,114286,0,0,0,57412,56874,114286
Launceston,2017,3,668,658,1326,0,0,0,668,658,1326,Launceston,59033,61568,120601,0,0,0,59033,61568,120601
Launceston,2017,4,620,611,1231,0,0,0,620,611,1231,Launceston,58771,60217,118988,0,0,0,58771,60217,118988
Launceston,2017,5,581,576,1157,0,0,0,581,576,1157,Launceston,46056,48246,94302,0,0,0,46056,48246,94302
Launceston,2017,6,562,553,1115,0,0,0,562,553,1115,Launceston,44164,43756,87920,0,0,0,44164,43756,87920
Launceston,2017,7,589,580,1169,0,0,0,589,580,1169,Launceston,51577,53418,104995,0,0,0,51577,53418,104995
Launceston,2017,8,539,529,1068,0,0,0,539,529,1068,Launceston,45214,44862,90076,0,0,0,45214,44862,90076
Launceston,2017,9,578,570,1148,0,0,0,578,570,1148,Launceston,50483,48160,98643,0,0,0,50483,48160,98643
Launceston,2017,10,617,609,1226,0,0,0,617,609,1226,Launceston,55395,55407,110802,0,0,0,55395,55407,110802
Launceston,2017,11,644,634,1278,0,0,0,644,634,1278,Launceston,59175,58036,117211,0,0,0,59175,58036,117211
Launceston,2017,12,722,710,1432,0,0,0,722,710,1432,Launceston,75367,64845,140212,0,0,0,75367,64845,140212
Launceston,2018,1,775,766,1541,0,0,0,775,766,1541,Launceston,68889,78405,147294,0,0,0,68889,78405,147294
Launceston,2018,2,619,610,1229,0,0,0,619,610,1229,Launceston,57763,56071,113834,0,0,0,57763,56071,113834
Launceston,2018,3,681,672,1353,0,0,0,681,672,1353,Launceston,65920,66465,132385,0,0,0,65920,66465,132385
Launceston,2018,4,629,621,1250,0,0,0,629,621,1250,Launceston,59241,63764,123005,0,0,0,59241,63764,123005
Launceston,2018,5,563,553,1116,0,0,0,563,553,1116,Launceston,45400,47383,92783,0,0,0,45400,47383,92783
Launceston,2018,6,536,525,1061,0,0,0,536,525,1061,Launceston,45514,45946,91460,0,0,0,45514,45946,91460
Launceston,2018,7,633,618,1251,0,0,0,633,618,1251,Launceston,56721,58072,114793,0,0,0,56721,58072,114793
Launceston,2018,8,569,540,1109,0,0,0,569,540,1109,Launceston,47423,47206,94629,0,0,0,47423,47206,94629
Launceston,2018,9,581,570,1151,0,0,0,581,570,1151,Launceston,51454,49146,100600,0,0,0,51454,49146,100600
Launceston,2018,10,646,629,1275,0,0,0,646,629,1275,Launceston,57836,57111,114947,0,0,0,57836,57111,114947
Launceston,2018,11,660,650,1310,0,0,0,660,650,1310,Launceston,58989,58231,117220,0,0,0,58989,58231,117220
Launceston,2018,12,729,723,1452,0,0,0,729,723,1452,Launceston,73906,64885,138791,0,0,0,73906,64885,138791
Launceston,2019,1,801,795,1596,0,0,0,801,795,1596,Launceston,70824,79017,149841,0,0,0,70824,79017,149841
Launceston,2019,2,643,641,1284,0,0,0,643,641,1284,Launceston,58763,58499,117262,0,0,0,58763,58499,117262
Launceston,2019,3,713,712,1425,0,0,0,713,712,1425,Launceston,61397,64660,126057,0,0,0,61397,64660,126057
Launceston,2019,4,697,695,1392,0,0,0,697,695,1392,Launceston,63263,65723,128986,0,0,0,63263,65723,128986
Launceston,2019,5,609,603,1212,0,0,0,609,603,1212,Launceston,46938,49185,96123,0,0,0,46938,49185,96123
Launceston,2019,6,575,564,1139,0,0,0,575,564,1139,Launceston,45516,45744,91260,0,0,0,45516,45744,91260
Launceston,2019,7,646,638,1284,0,0,0,646,638,1284,Launceston,56217,56811,113028,0,0,0,56217,56811,113028
Launceston,2019,8,553,548,1101,0,0,0,553,548,1101,Launceston,46984,48107,95091,0,0,0,46984,48107,95091
Launceston,2019,9,589,587,1176,0,0,0,589,587,1176,Launceston,52095,49663,101758,0,0,0,52095,49663,101758
Launceston,2019,10,658,654,1312,0,0,0,658,654,1312,Launceston,58756,57738,116494,0,0,0,58756,57738,116494
Launceston,2019,11,639,633,1272,0,0,0,639,633,1272,Launceston,60389,59006,119395,0,0,0,60389,59006,119395
Launceston,2019,12,735,726,1461,0,0,0,735,726,1461,Launceston,74773,65236,140009,0,0,0,74773,65236,140009
Launceston,2020,1,728,717,1445,0,0,0,728,717,1445,Launceston,68722,77376,146098,0,0,0,68722,77376,146098
Launceston,2020,2,625,613,1238,0,0,0,625,613,1238,Launceston,56306,55972,112278,0,0,0,56306,55972,112278
Launceston,2020,3,551,546,1097,0,0,0,551,546,1097,Launceston,36699,39219,75918,0,0,0,36699,39219,75918
Launceston,2020,4,163,163,326,0,0,0,163,163,326,Launceston,301,475,776,0,0,0,301,475,776
Launceston,2020,5,147,146,293,0,0,0,147,146,293,Launceston,348,362,710,0,0,0,348,362,710
Launceston,2020,6,166,164,330,0,0,0,166,164,330,Launceston,994,1097,2091,0,0,0,994,1097,2091
Launceston,2020,7,193,192,385,0,0,0,193,192,385,Launceston,2039,2584,4623,0,0,0,2039,2584,4623
Launceston,2020,8,212,206,418,0,0,0,212,206,418,Launceston,1958,1949,3907,0,0,0,1958,1949,3907
Launceston,2020,9,233,233,466,0,0,0,233,233,466,Launceston,2189,2270,4459,0,0,0,2189,2270,4459
Launceston,2020,10,259,258,517,0,0,0,259,258,517,Launceston,3012,3295,6307,0,0,0,3012,3295,6307
Launceston,2020,11,307,304,611,0,0,0,307,304,611,Launceston,12199,10832,23031,0,0,0,12199,10832,23031
Launceston,2020,12,544,544,1088,0,0,0,544,544,1088,Launceston,39377,32862,72239,0,0,0,39377,32862,72239
Launceston,2021,1,521,520,1041,0,0,0,521,520,1041,Launceston,30884,35633,66517,0,0,0,30884,35633,66517
Launceston,2021,2,441,430,871,0,0,0,441,430,871,Launceston,25746,24783,50529,0,0,0,25746,24783,50529
Launceston,2021,3,586,581,1167,0,0,0,586,581,1167,Launceston,41676,40711,82387,0,0,0,41676,40711,82387
Launceston,2021,4,648,637,1285,0,0,0,648,637,1285,Launceston,52434,54389,106823,0,0,0,52434,54389,106823
Launceston,2021,5,537,522,1059,0,0,0,537,522,1059,Launceston,37123,39118,76241,0,0,0,37123,39118,76241
Launceston,2021,6,414,397,811,0,0,0,414,397,811,Launceston,22667,20028,42695,0,0,0,22667,20028,42695
Launceston,2021,7,445,433,878,0,0,0,445,433,878,Launceston,17484,20248,37732,0,0,0,17484,20248,37732
Launceston,2021,8,331,314,645,0,0,0,331,314,645,Launceston,5689,5261,10950,0,0,0,5689,5261,10950
Launceston,2021,9,315,300,615,0,0,0,315,300,615,Launceston,9837,9622,19459,0,0,0,9837,9622,19459
Launceston,2021,10,318,319,637,0,0,0,318,319,637,Launceston,11763,12018,23781,0,0,0,11763,12018,23781
Launceston,2021,11,357,352,709,0,0,0,357,352,709,Launceston,15215,14125,29340,0,0,0,15215,14125,29340
Launceston,2021,12,590,587,1177,0,0,0,590,587,1177,Launceston,43457,32543,76000,0,0,0,43457,32543,76000
Launceston,2022,1,618,604,1222,0,0,0,618,604,1222,Launceston,36769,43049,79818,0,0,0,36769,43049,79818
Launceston,2022,2,418,411,829,0,0,0,418,411,829,Launceston,33632,32485,66117,0,0,0,33632,32485,66117
Launceston,2022,3,555,547,1102,0,0,0,555,547,1102,Launceston,44856,45684,90540,0,0,0,44856,45684,90540
Launceston,2022,4,672,666,1338,0,0,0,672,666,1338,Launceston,59180,61264,120444,0,0,0,59180,61264,120444
Launceston,2022,5,576,563,1139,0,0,0,576,563,1139,Launceston,46127,48106,94233,0,0,0,46127,48106,94233
Launceston,2022,6,595,579,1174,0,0,0,595,579,1174,Launceston,48324,46338,94662,0,0,0,48324,46338,94662
Launceston,2022,7,575,567,1142,0,0,0,575,567,1142,Launceston,49150,53985,103135,0,0,0,49150,53985,103135
Launceston,2022,8,505,488,993,0,0,0,505,488,993,Launceston,42551,41525,84076,0,0,0,42551,41525,84076
Launceston,2022,9,535,523,1058,0,0,0,535,523,1058,Launceston,47310,45217,92527,0,0,0,47310,45217,92527
Launceston,2022,10,605,595,1200,0,0,0,605,595,1200,Launceston,54641,53629,108270,0,0,0,54641,53629,108270
Launceston,2022,11,662,649,1311,0,0,0,662,649,1311,Launceston,54272,52480,106752,0,0,0,54272,52480,106752
Launceston,2022,12,736,721,1457,0,0,0,736,721,1457,Launceston,66830,58410,125240,0,0,0,66830,58410,125240
Launceston,2023,1,770,758,1528,0,0,0,770,758,1528,Launceston,64841,72368,137209,0,0,0,64841,72368,137209
Launceston,2023,2,631,616,1247,0,0,0,631,616,1247,Launceston,53698,53043,106741,0,0,0,53698,53043,106741
Launceston,2023,3,713,696,1409,0,0,0,713,696,1409,Launceston,61444,62794,124238,0,0,0,61444,62794,124238
Launceston,2023,4,664,648,1312,0,0,0,664,648,1312,Launceston,58683,61547,120230,0,0,0,58683,61547,120230
Launceston,2023,5,609,593,1202,0,0,0,609,593,1202,Launceston,46254,48868,95122,0,0,0,46254,48868,95122
Launceston,2023,6,582,568,1150,0,0,0,582,568,1150,Launceston,45907,44530,90437,0,0,0,45907,44530,90437
Launceston,2023,7,630,620,1250,0,0,0,630,620,1250,Launceston,50137,53942,104079,0,0,0,50137,53942,104079
Launceston,2023,8,615,608,1223,0,0,0,615,608,1223,Launceston,49495,49486,98981,0,0,0,49495,49486,98981
Launceston,2023,9,618,608,1226,0,0,0,618,608,1226,Launceston,51583,49988,101571,0,0,0,51583,49988,101571
Launceston,2023,10,682,671,1353,0,0,0,682,671,1353,Launceston,60348,58947,119295,0,0,0,60348,58947,119295
Launceston,2023,11,675,664,1339,0,0,0,675,664,1339,Launceston,63106,61336,124442,0,0,0,63106,61336,124442
Launceston,2023,12,753,735,1488,0,0,0,753,735,1488,Launceston,76584,66277,142861,0,0,0,76584,66277,142861
Launceston,2024,1,768,767,1535,0,0,0,768,767,1535,Launceston,68013,75861,143874,0,0,0,68013,75861,143874
Launceston,2024,2,675,677,1352,0,0,0,675,677,1352,Launceston,62051,61639,123690,0,0,0,62051,61639,123690
Launceston,2024,3,726,725,1451,0,0,0,726,725,1451,Launceston,67859,67669,135528,0,0,0,67859,67669,135528
Launceston,2024,4,657,657,1314,0,0,0,657,657,1314,Launceston,60965,66265,127230,0,0,0,60965,66265,127230
Launceston,2024,5,563,562,1125,0,0,0,563,562,1125,Launceston,48699,50852,99551,0,0,0,48699,50852,99551
Launceston,2024,6,522,513,1035,0,0,0,522,513,1035,Launceston,46275,45612,91887,0,0,0,46275,45612,91887
Launceston,2024,7,595,588,1183,0,0,0,595,588,1183,Launceston,52370,55347,107717,0,0,0,52370,55347,107717
Launceston,2024,8,562,559,1121,0,0,0,562,559,1121,Launceston,52518,51398,103916,0,0,0,52518,51398,103916
Launceston,2024,9,587,578,1165,0,0,0,587,578,1165,Launceston,53042,53078,106120,0,0,0,53042,53078,106120
Launceston,2024,10,599,591,1190,0,0,0,599,591,1190,Launceston,59729,59611,119340,0,0,0,59729,59611,119340
Launceston,2024,11,542,537,1079,0,0,0,542,537,1079,Launceston,61369,58934,120303,0,0,0,61369,58934,120303
Launceston,2024,12,634,628,1262,0,0,0,634,628,1262,Launceston,73803,65551,139354,0,0,0,73803,65551,139354
Launceston,2025,1,693,686,1379,0,0,0,693,686,1379,Launceston,75563,83384,158947,0,0,0,75563,83384,158947
Launceston,2025,2,531,527,1058,0,0,0,531,527,1058,Launceston,59337,59315,118652,0,0,0,59337,59315,118652
Launceston,2025,3,599,595,1194,0,0,0,599,595,1194,Launceston,66243,67828,134071,0,0,0,66243,67828,134071
Launceston,2025,4,570,566,1136,0,0,0,570,566,1136,Launceston,57801,61464,119265,0,0,0,57801,61464,119265
Launceston,2025,5,535,528,1063,0,0,0,535,528,1063,Launceston,50733,54091,104824,0,0,0,50733,54091,104824
Launceston,2025,6,514,510,1024,0,0,0,514,510,1024,Launceston,50768,50365,101133,0,0,0,50768,50365,101133
Mackay,1985,1,304,303,607,0,0,0,304,303,607,Mackay,7914,8000,15914,0,0,0,7914,8000,15914
Mackay,1985,2,278,280,558,0,0,0,278,280,558,Mackay,5762,6057,11819,0,0,0,5762,6057,11819
Mackay,1985,3,328,333,661,0,0,0,328,333,661,Mackay,7680,7623,15303,0,0,0,7680,7623,15303
Mackay,1985,4,320,316,636,0,0,0,320,316,636,Mackay,7671,7538,15209,0,0,0,7671,7538,15209
Mackay,1985,5,357,357,714,0,0,0,357,357,714,Mackay,8714,8725,17439,0,0,0,8714,8725,17439
Mackay,1985,6,339,342,681,0,0,0,339,342,681,Mackay,8925,8943,17868,0,0,0,8925,8943,17868
Mackay,1985,7,396,370,766,0,0,0,396,370,766,Mackay,9029,8883,17912,0,0,0,9029,8883,17912
Mackay,1985,8,335,320,655,0,0,0,335,320,655,Mackay,8476,8220,16696,0,0,0,8476,8220,16696
Mackay,1985,9,311,325,636,0,0,0,311,325,636,Mackay,8799,9495,18294,0,0,0,8799,9495,18294
Mackay,1985,10,318,318,636,0,0,0,318,318,636,Mackay,8641,8773,17414,0,0,0,8641,8773,17414
Mackay,1985,11,330,331,661,0,0,0,330,331,661,Mackay,8568,8799,17367,0,0,0,8568,8799,17367
Mackay,1985,12,323,320,643,0,0,0,323,320,643,Mackay,8567,8548,17115,0,0,0,8567,8548,17115
Mackay,1986,1,319,323,642,0,0,0,319,323,642,Mackay,8456,8700,17156,0,0,0,8456,8700,17156
Mackay,1986,2,289,287,576,0,0,0,289,287,576,Mackay,7534,7672,15206,0,0,0,7534,7672,15206
Mackay,1986,3,337,339,676,0,0,0,337,339,676,Mackay,8958,8594,17552,0,0,0,8958,8594,17552
Mackay,1986,4,359,362,721,0,0,0,359,362,721,Mackay,8615,8933,17548,0,0,0,8615,8933,17548
Mackay,1986,5,402,386,788,0,0,0,402,386,788,Mackay,9905,9811,19716,0,0,0,9905,9811,19716
Mackay,1986,6,356,353,709,0,0,0,356,353,709,Mackay,10079,9604,19683,0,0,0,10079,9604,19683
Mackay,1986,7,357,363,720,0,0,0,357,363,720,Mackay,9363,9751,19114,0,0,0,9363,9751,19114
Mackay,1986,8,393,395,788,0,0,0,393,395,788,Mackay,10585,10208,20793,0,0,0,10585,10208,20793
Mackay,1986,9,395,394,789,0,0,0,395,394,789,Mackay,10148,10509,20657,0,0,0,10148,10509,20657
Mackay,1986,10,386,388,774,0,0,0,386,388,774,Mackay,9536,9824,19360,0,0,0,9536,9824,19360
Mackay,1986,11,364,365,729,0,0,0,364,365,729,Mackay,8613,8643,17256,0,0,0,8613,8643,17256
Mackay,1986,12,354,351,705,0,0,0,354,351,705,Mackay,8432,8563,16995,0,0,0,8432,8563,16995
Mackay,1987,1,331,334,665,0,0,0,331,334,665,Mackay,8254,8230,16484,0,0,0,8254,8230,16484
Mackay,1987,2,293,295,588,0,0,0,293,295,588,Mackay,6796,7185,13981,0,0,0,6796,7185,13981
Mackay,1987,3,352,348,700,0,0,0,352,348,700,Mackay,8352,8245,16597,0,0,0,8352,8245,16597
Mackay,1987,4,341,340,681,0,0,0,341,340,681,Mackay,8757,8665,17422,0,0,0,8757,8665,17422
Mackay,1987,5,349,348,697,0,0,0,349,348,697,Mackay,8338,8482,16820,0,0,0,8338,8482,16820
Mackay,1987,6,340,338,678,0,0,0,340,338,678,Mackay,8686,8390,17076,0,0,0,8686,8390,17076
Mackay,1987,7,386,388,774,0,0,0,386,388,774,Mackay,9474,9646,19120,0,0,0,9474,9646,19120
Mackay,1987,8,373,376,749,0,0,0,373,376,749,Mackay,8559,8701,17260,0,0,0,8559,8701,17260
Mackay,1987,9,361,359,720,0,0,0,361,359,720,Mackay,8779,8801,17580,0,0,0,8779,8801,17580
Mackay,1987,10,363,364,727,0,0,0,363,364,727,Mackay,8899,9292,18191,0,0,0,8899,9292,18191
Mackay,1987,11,370,370,740,0,0,0,370,370,740,Mackay,7906,7930,15836,0,0,0,7906,7930,15836
Mackay,1987,12,362,364,726,0,0,0,362,364,726,Mackay,7609,7672,15281,0,0,0,7609,7672,15281
Mackay,1988,1,363,365,728,0,0,0,363,365,728,Mackay,7560,7738,15298,0,0,0,7560,7738,15298
Mackay,1988,2,332,333,665,0,0,0,332,333,665,Mackay,6475,6570,13045,0,0,0,6475,6570,13045
Mackay,1988,3,417,416,833,0,0,0,417,416,833,Mackay,8900,8915,17815,0,0,0,8900,8915,17815
Mackay,1988,4,473,474,947,0,0,0,473,474,947,Mackay,8185,8419,16604,0,0,0,8185,8419,16604
Mackay,1988,5,428,433,861,0,0,0,428,433,861,Mackay,8082,8245,16327,0,0,0,8082,8245,16327
Mackay,1988,6,429,426,855,0,0,0,429,426,855,Mackay,8151,7965,16116,0,0,0,8151,7965,16116
Mackay,1988,7,451,450,901,0,0,0,451,450,901,Mackay,9247,9243,18490,0,0,0,9247,9243,18490
Mackay,1988,8,428,426,854,0,0,0,428,426,854,Mackay,8822,9085,17907,0,0,0,8822,9085,17907
Mackay,1988,9,465,449,914,0,0,0,465,449,914,Mackay,9759,9867,19626,0,0,0,9759,9867,19626
Mackay,1988,10,471,496,967,0,0,0,471,496,967,Mackay,9642,9681,19323,0,0,0,9642,9681,19323
Mackay,1988,11,418,424,842,0,0,0,418,424,842,Mackay,7185,7393,14578,0,0,0,7185,7393,14578
Mackay,1988,12,411,411,822,0,0,0,411,411,822,Mackay,7917,7856,15773,0,0,0,7917,7856,15773
Mackay,1989,1,397,396,793,0,0,0,397,396,793,Mackay,7344,7695,15039,0,0,0,7344,7695,15039
Mackay,1989,2,368,362,730,0,0,0,368,362,730,Mackay,5725,5831,11556,0,0,0,5725,5831,11556
Mackay,1989,3,424,423,847,0,0,0,424,423,847,Mackay,8244,8496,16740,0,0,0,8244,8496,16740
Mackay,1989,4,407,408,815,0,0,0,407,408,815,Mackay,6817,7012,13829,0,0,0,6817,7012,13829
Mackay,1989,5,435,463,898,0,0,0,435,463,898,Mackay,6816,7066,13882,0,0,0,6816,7066,13882
Mackay,1989,6,463,504,967,0,0,0,463,504,967,Mackay,7959,7755,15714,0,0,0,7959,7755,15714
Mackay,1989,7,437,442,879,0,0,0,437,442,879,Mackay,8126,8499,16625,0,0,0,8126,8499,16625
Mackay,1989,8,391,392,783,0,0,0,391,392,783,Mackay,4956,5468,10424,0,0,0,4956,5468,10424
Mackay,1989,9,256,264,520,0,0,0,256,264,520,Mackay,1625,1941,3566,0,0,0,1625,1941,3566
Mackay,1989,10,291,289,580,0,0,0,291,289,580,Mackay,2975,2999,5974,0,0,0,2975,2999,5974
Mackay,1989,11,302,304,606,0,0,0,302,304,606,Mackay,3774,4025,7799,0,0,0,3774,4025,7799
Mackay,1989,12,303,300,603,0,0,0,303,300,603,Mackay,5181,4889,10070,0,0,0,5181,4889,10070
Mackay,1990,1,293,295,588,0,0,0,293,295,588,Mackay,4620,5042,9662,0,0,0,4620,5042,9662
Mackay,1990,2,281,282,563,0,0,0,281,282,563,Mackay,4788,4932,9720,0,0,0,4788,4932,9720
Mackay,1990,3,283,287,570,0,0,0,283,287,570,Mackay,6379,6315,12694,0,0,0,6379,6315,12694
Mackay,1990,4,264,265,529,0,0,0,264,265,529,Mackay,6273,6523,12796,0,0,0,6273,6523,12796
Mackay,1990,5,305,304,609,0,0,0,305,304,609,Mackay,6210,6394,12604,0,0,0,6210,6394,12604
Mackay,1990,6,316,319,635,0,0,0,316,319,635,Mackay,6901,6886,13787,0,0,0,6901,6886,13787
Mackay,1990,7,327,325,652,0,0,0,327,325,652,Mackay,7008,7138,14146,0,0,0,7008,7138,14146
Mackay,1990,8,341,342,683,0,0,0,341,342,683,Mackay,7207,7333,14540,0,0,0,7207,7333,14540
Mackay,1990,9,346,348,694,0,0,0,346,348,694,Mackay,9366,9095,18461,0,0,0,9366,9095,18461
Mackay,1990,10,392,393,785,0,0,0,392,393,785,Mackay,8178,8924,17102,0,0,0,8178,8924,17102
Mackay,1990,11,389,388,777,0,0,0,389,388,777,Mackay,8483,8825,17308,0,0,0,8483,8825,17308
Mackay,1990,12,324,320,644,0,0,0,324,320,644,Mackay,7674,7653,15327,0,0,0,7674,7653,15327
Mackay,1991,1,411,408,819,0,0,0,411,408,819,Mackay,8216,9090,17306,0,0,0,8216,9090,17306
Mackay,1991,2,375,372,747,0,0,0,375,372,747,Mackay,6027,6415,12442,0,0,0,6027,6415,12442
Mackay,1991,3,421,422,843,0,0,0,421,422,843,Mackay,6926,6935,13861,0,0,0,6926,6935,13861
Mackay,1991,4,396,391,787,0,0,0,396,391,787,Mackay,6993,7066,14059,0,0,0,6993,7066,14059
Mackay,1991,5,403,407,810,0,0,0,403,407,810,Mackay,7270,7243,14513,0,0,0,7270,7243,14513
Mackay,1991,6,388,388,776,0,0,0,388,388,776,Mackay,7371,7134,14505,0,0,0,7371,7134,14505
Mackay,1991,7,420,423,843,0,0,0,420,423,843,Mackay,8756,8935,17691,0,0,0,8756,8935,17691
Mackay,1991,8,436,437,873,0,0,0,436,437,873,Mackay,8041,8619,16660,0,0,0,8041,8619,16660
Mackay,1991,9,427,427,854,0,0,0,427,427,854,Mackay,9257,9034,18291,0,0,0,9257,9034,18291
Mackay,1991,10,446,447,893,0,0,0,446,447,893,Mackay,8781,9426,18207,0,0,0,8781,9426,18207
Mackay,1991,11,422,423,845,0,0,0,422,423,845,Mackay,7930,8238,16168,0,0,0,7930,8238,16168
Mackay,1991,12,426,426,852,0,0,0,426,426,852,Mackay,8371,8373,16744,0,0,0,8371,8373,16744
Mackay,1992,1,425,424,849,0,0,0,425,424,849,Mackay,7773,8316,16089,0,0,0,7773,8316,16089
Mackay,1992,2,393,393,786,0,0,0,393,393,786,Mackay,6731,7049,13780,0,0,0,6731,7049,13780
Mackay,1992,3,375,374,749,0,0,0,375,374,749,Mackay,7551,7637,15188,0,0,0,7551,7637,15188
Mackay,1992,4,388,387,775,0,0,0,388,387,775,Mackay,8984,8936,17920,0,0,0,8984,8936,17920
Mackay,1992,5,392,391,783,0,0,0,392,391,783,Mackay,8792,8878,17670,0,0,0,8792,8878,17670
Mackay,1992,6,382,383,765,0,0,0,382,383,765,Mackay,8668,8197,16865,0,0,0,8668,8197,16865
Mackay,1992,7,443,444,887,0,0,0,443,444,887,Mackay,9634,10149,19783,0,0,0,9634,10149,19783
Mackay,1992,8,438,438,876,0,0,0,438,438,876,Mackay,9463,9441,18904,0,0,0,9463,9441,18904
Mackay,1992,9,443,445,888,0,0,0,443,445,888,Mackay,9962,10227,20189,0,0,0,9962,10227,20189
Mackay,1992,10,441,444,885,0,0,0,441,444,885,Mackay,9500,10179,19679,0,0,0,9500,10179,19679
Mackay,1992,11,422,421,843,0,0,0,422,421,843,Mackay,9089,9088,18177,0,0,0,9089,9088,18177
Mackay,1992,12,442,442,884,0,0,0,442,442,884,Mackay,9206,9281,18487,0,0,0,9206,9281,18487
Mackay,1993,1,441,437,878,0,0,0,441,437,878,Mackay,9354,9761,19115,0,0,0,9354,9761,19115
Mackay,1993,2,391,389,780,0,0,0,391,389,780,Mackay,7381,7326,14707,0,0,0,7381,7326,14707
Mackay,1993,3,453,454,907,0,0,0,453,454,907,Mackay,9167,9376,18543,0,0,0,9167,9376,18543
Mackay,1993,4,456,455,911,0,0,0,456,455,911,Mackay,9709,9925,19634,0,0,0,9709,9925,19634
Mackay,1993,5,451,457,908,0,0,0,451,457,908,Mackay,8838,9072,17910,0,0,0,8838,9072,17910
Mackay,1993,6,454,453,907,0,0,0,454,453,907,Mackay,9973,9568,19541,0,0,0,9973,9568,19541
Mackay,1993,7,466,467,933,0,0,0,466,467,933,Mackay,9375,9775,19150,0,0,0,9375,9775,19150
Mackay,1993,8,478,477,955,0,0,0,478,477,955,Mackay,10279,10324,20603,0,0,0,10279,10324,20603
Mackay,1993,9,479,479,958,0,0,0,479,479,958,Mackay,11271,11625,22896,0,0,0,11271,11625,22896
Mackay,1993,10,487,486,973,0,0,0,487,486,973,Mackay,10693,11273,21966,0,0,0,10693,11273,21966
Mackay,1993,11,455,454,909,0,0,0,455,454,909,Mackay,9916,9883,19799,0,0,0,9916,9883,19799
Mackay,1993,12,470,470,940,0,0,0,470,470,940,Mackay,10375,10280,20655,0,0,0,10375,10280,20655
Mackay,1994,1,472,471,943,0,0,0,472,471,943,Mackay,9697,10103,19800,0,0,0,9697,10103,19800
Mackay,1994,2,428,428,856,0,0,0,428,428,856,Mackay,8426,8632,17058,0,0,0,8426,8632,17058
Mackay,1994,3,477,477,954,0,0,0,477,477,954,Mackay,9923,9775,19698,0,0,0,9923,9775,19698
Mackay,1994,4,457,458,915,0,0,0,457,458,915,Mackay,9947,10454,20401,0,0,0,9947,10454,20401
Mackay,1994,5,475,474,949,0,0,0,475,474,949,Mackay,10010,9892,19902,0,0,0,10010,9892,19902
Mackay,1994,6,454,455,909,0,0,0,454,455,909,Mackay,10946,10554,21500,0,0,0,10946,10554,21500
Mackay,1994,7,493,490,983,0,0,0,493,490,983,Mackay,11115,11546,22661,0,0,0,11115,11546,22661
Mackay,1994,8,494,495,989,0,0,0,494,495,989,Mackay,11136,11215,22351,0,0,0,11136,11215,22351
Mackay,1994,9,479,481,960,0,0,0,479,481,960,Mackay,11921,12107,24028,0,0,0,11921,12107,24028
Mackay,1994,10,508,508,1016,0,0,0,508,508,1016,Mackay,12205,12835,25040,0,0,0,12205,12835,25040
Mackay,1994,11,482,481,963,0,0,0,482,481,963,Mackay,11225,11173,22398,0,0,0,11225,11173,22398
Mackay,1994,12,486,488,974,0,0,0,486,488,974,Mackay,10708,10970,21678,0,0,0,10708,10970,21678
Mackay,1995,1,495,493,988,0,0,0,495,493,988,Mackay,10797,11019,21816,0,0,0,10797,11019,21816
Mackay,1995,2,438,439,877,0,0,0,438,439,877,Mackay,9456,9566,19022,0,0,0,9456,9566,19022
Mackay,1995,3,517,517,1034,0,0,0,517,517,1034,Mackay,10818,11009,21827,0,0,0,10818,11009,21827
Mackay,1995,4,519,518,1037,0,0,0,519,518,1037,Mackay,11488,11833,23321,0,0,0,11488,11833,23321
Mackay,1995,5,523,523,1046,0,0,0,523,523,1046,Mackay,11016,10994,22010,0,0,0,11016,10994,22010
Mackay,1995,6,515,515,1030,0,0,0,515,515,1030,Mackay,12103,12034,24137,0,0,0,12103,12034,24137
Mackay,1995,7,538,536,1074,0,0,0,538,536,1074,Mackay,12337,12092,24429,0,0,0,12337,12092,24429
Mackay,1995,8,523,526,1049,0,0,0,523,526,1049,Mackay,11963,12368,24331,0,0,0,11963,12368,24331
Mackay,1995,9,527,526,1053,0,0,0,527,526,1053,Mackay,13213,13545,26758,0,0,0,13213,13545,26758
Mackay,1995,10,535,533,1068,0,0,0,535,533,1068,Mackay,12910,13126,26036,0,0,0,12910,13126,26036
Mackay,1995,11,526,525,1051,0,0,0,526,525,1051,Mackay,11926,12086,24012,0,0,0,11926,12086,24012
Mackay,1995,12,522,526,1048,0,0,0,522,526,1048,Mackay,12136,12333,24469,0,0,0,12136,12333,24469
Mackay,1996,1,529,526,1055,0,0,0,529,526,1055,Mackay,11896,12208,24104,0,0,0,11896,12208,24104
Mackay,1996,2,497,497,994,0,0,0,497,497,994,Mackay,9765,9898,19663,0,0,0,9765,9898,19663
Mackay,1996,3,534,534,1068,0,0,0,534,534,1068,Mackay,11583,11854,23437,0,0,0,11583,11854,23437
Mackay,1996,4,511,514,1025,0,0,0,511,514,1025,Mackay,12169,11804,23973,0,0,0,12169,11804,23973
Mackay,1996,5,506,504,1010,0,0,0,506,504,1010,Mackay,12221,12536,24757,0,0,0,12221,12536,24757
Mackay,1996,6,483,481,964,0,0,0,483,481,964,Mackay,12104,11765,23869,0,0,0,12104,11765,23869
Mackay,1996,7,523,522,1045,0,0,0,523,522,1045,Mackay,12537,12452,24989,0,0,0,12537,12452,24989
Mackay,1996,8,532,533,1065,0,0,0,532,533,1065,Mackay,12097,12760,24857,0,0,0,12097,12760,24857
Mackay,1996,9,529,528,1057,0,0,0,529,528,1057,Mackay,13452,13109,26561,0,0,0,13452,13109,26561
Mackay,1996,10,555,555,1110,0,0,0,555,555,1110,Mackay,13263,13790,27053,0,0,0,13263,13790,27053
Mackay,1996,11,541,539,1080,0,0,0,541,539,1080,Mackay,12776,13120,25896,0,0,0,12776,13120,25896
Mackay,1996,12,530,530,1060,0,0,0,530,530,1060,Mackay,12244,12019,24263,0,0,0,12244,12019,24263
Mackay,1997,1,531,532,1063,0,0,0,531,532,1063,Mackay,11780,12062,23842,0,0,0,11780,12062,23842
Mackay,1997,2,482,485,967,0,0,0,482,485,967,Mackay,9964,10321,20285,0,0,0,9964,10321,20285
Mackay,1997,3,520,519,1039,0,0,0,520,519,1039,Mackay,12848,12426,25274,0,0,0,12848,12426,25274
Mackay,1997,4,497,497,994,0,0,0,497,497,994,Mackay,12414,12522,24936,0,0,0,12414,12522,24936
Mackay,1997,5,521,525,1046,0,0,0,521,525,1046,Mackay,12030,12357,24387,0,0,0,12030,12357,24387
Mackay,1997,6,515,513,1028,0,0,0,515,513,1028,Mackay,12883,12146,25029,0,0,0,12883,12146,25029
Mackay,1997,7,526,528,1054,0,0,0,526,528,1054,Mackay,14198,14266,28464,0,0,0,14198,14266,28464
Mackay,1997,8,491,490,981,0,0,0,491,490,981,Mackay,12826,13225,26051,0,0,0,12826,13225,26051
Mackay,1997,9,520,521,1041,0,0,0,520,521,1041,Mackay,13571,13580,27151,0,0,0,13571,13580,27151
Mackay,1997,10,509,512,1021,0,0,0,509,512,1021,Mackay,13261,13787,27048,0,0,0,13261,13787,27048
Mackay,1997,11,508,510,1018,0,0,0,508,510,1018,Mackay,11737,11850,23587,0,0,0,11737,11850,23587
Mackay,1997,12,525,525,1050,0,0,0,525,525,1050,Mackay,12054,11846,23900,0,0,0,12054,11846,23900
Mackay,1998,1,513,514,1027,0,0,0,513,514,1027,Mackay,11748,12244,23992,0,0,0,11748,12244,23992
Mackay,1998,2,426,424,850,0,0,0,426,424,850,Mackay,9731,10133,19864,0,0,0,9731,10133,19864
Mackay,1998,3,480,480,960,0,0,0,480,480,960,Mackay,12238,11908,24146,0,0,0,12238,11908,24146
Mackay,1998,4,505,504,1009,0,0,0,505,504,1009,Mackay,11594,11837,23431,0,0,0,11594,11837,23431
Mackay,1998,5,503,503,1006,0,0,0,503,503,1006,Mackay,11750,11783,23533,0,0,0,11750,11783,23533
Mackay,1998,6,491,492,983,0,0,0,491,492,983,Mackay,12681,11942,24623,0,0,0,12681,11942,24623
Mackay,1998,7,523,523,1046,0,0,0,523,523,1046,Mackay,11802,12012,23814,0,0,0,11802,12012,23814
Mackay,1998,8,515,514,1029,0,0,0,515,514,1029,Mackay,12164,12537,24701,0,0,0,12164,12537,24701
Mackay,1998,9,520,519,1039,0,0,0,520,519,1039,Mackay,12546,12669,25215,0,0,0,12546,12669,25215
Mackay,1998,10,541,541,1082,0,0,0,541,541,1082,Mackay,11843,12620,24463,0,0,0,11843,12620,24463
Mackay,1998,11,528,526,1054,0,0,0,528,526,1054,Mackay,11539,11430,22969,0,0,0,11539,11430,22969
Mackay,1998,12,521,522,1043,0,0,0,521,522,1043,Mackay,11119,11504,22623,0,0,0,11119,11504,22623
Mackay,1999,1,484,484,968,0,0,0,484,484,968,Mackay,10268,10371,20639,0,0,0,10268,10371,20639
Mackay,1999,2,440,440,880,0,0,0,440,440,880,Mackay,9395,9664,19059,0,0,0,9395,9664,19059
Mackay,1999,3,502,503,1005,0,0,0,502,503,1005,Mackay,11503,11299,22802,0,0,0,11503,11299,22802
Mackay,1999,4,515,514,1029,0,0,0,515,514,1029,Mackay,11209,11478,22687,0,0,0,11209,11478,22687
Mackay,1999,5,532,532,1064,0,0,0,532,532,1064,Mackay,11571,11442,23013,0,0,0,11571,11442,23013
Mackay,1999,6,523,520,1043,0,0,0,523,520,1043,Mackay,12224,12032,24256,0,0,0,12224,12032,24256
Mackay,1999,7,535,535,1070,0,0,0,535,535,1070,Mackay,11187,11338,22525,0,0,0,11187,11338,22525
Mackay,1999,8,530,527,1057,0,0,0,530,527,1057,Mackay,11907,11811,23718,0,0,0,11907,11811,23718
Mackay,1999,9,519,531,1050,0,0,0,519,531,1050,Mackay,12861,13099,25960,0,0,0,12861,13099,25960
Mackay,1999,10,530,531,1061,0,0,0,530,531,1061,Mackay,12691,13116,25807,0,0,0,12691,13116,25807
Mackay,1999,11,520,520,1040,0,0,0,520,520,1040,Mackay,11693,11670,23363,0,0,0,11693,11670,23363
Mackay,1999,12,514,515,1029,0,0,0,514,515,1029,Mackay,11572,12060,23632,0,0,0,11572,12060,23632
Mackay,2000,1,458,458,916,0,0,0,458,458,916,Mackay,9993,10152,20145,0,0,0,9993,10152,20145
Mackay,2000,2,472,479,951,0,0,0,472,479,951,Mackay,9524,9627,19151,0,0,0,9524,9627,19151
Mackay,2000,3,552,559,1111,0,0,0,552,559,1111,Mackay,11362,11626,22988,0,0,0,11362,11626,22988
Mackay,2000,4,495,492,987,0,0,0,495,492,987,Mackay,11043,10982,22025,0,0,0,11043,10982,22025
Mackay,2000,5,554,556,1110,0,0,0,554,556,1110,Mackay,12076,11820,23896,0,0,0,12076,11820,23896
Mackay,2000,6,548,550,1098,0,0,0,548,550,1098,Mackay,12053,11955,24008,0,0,0,12053,11955,24008
Mackay,2000,7,559,562,1121,0,0,0,559,562,1121,Mackay,12373,12561,24934,0,0,0,12373,12561,24934
Mackay,2000,8,565,571,1136,0,0,0,565,571,1136,Mackay,12538,13087,25625,0,0,0,12538,13087,25625
Mackay,2000,9,542,544,1086,0,0,0,542,544,1086,Mackay,12354,12553,24907,0,0,0,12354,12553,24907
Mackay,2000,10,592,591,1183,0,0,0,592,591,1183,Mackay,12362,12415,24777,0,0,0,12362,12415,24777
Mackay,2000,11,553,548,1101,0,0,0,553,548,1101,Mackay,11163,11205,22368,0,0,0,11163,11205,22368
Mackay,2000,12,538,540,1078,0,0,0,538,540,1078,Mackay,11748,11788,23536,0,0,0,11748,11788,23536
Mackay,2001,1,516,517,1033,0,0,0,516,517,1033,Mackay,11983,12423,24406,0,0,0,11983,12423,24406
Mackay,2001,2,527,525,1052,0,0,0,527,525,1052,Mackay,9758,9859,19617,0,0,0,9758,9859,19617
Mackay,2001,3,608,611,1219,0,0,0,608,611,1219,Mackay,11108,11511,22619,0,0,0,11108,11511,22619
Mackay,2001,4,588,589,1177,0,0,0,588,589,1177,Mackay,10994,10782,21776,0,0,0,10994,10782,21776
Mackay,2001,5,639,638,1277,0,0,0,639,638,1277,Mackay,11989,12119,24108,0,0,0,11989,12119,24108
Mackay,2001,6,556,556,1112,0,0,0,556,556,1112,Mackay,11928,12050,23978,0,0,0,11928,12050,23978
Mackay,2001,7,494,498,992,0,0,0,494,498,992,Mackay,12035,11711,23746,0,0,0,12035,11711,23746
Mackay,2001,8,473,470,943,0,0,0,473,470,943,Mackay,11694,11787,23481,0,0,0,11694,11787,23481
Mackay,2001,9,439,440,879,0,0,0,439,440,879,Mackay,10635,10763,21398,0,0,0,10635,10763,21398
Mackay,2001,10,442,451,893,0,0,0,442,451,893,Mackay,10847,11188,22035,0,0,0,10847,11188,22035
Mackay,2001,11,459,459,918,0,0,0,459,459,918,Mackay,12037,12487,24524,0,0,0,12037,12487,24524
Mackay,2001,12,433,431,864,0,0,0,433,431,864,Mackay,13045,12678,25723,0,0,0,13045,12678,25723
Mackay,2002,1,426,426,852,0,0,0,426,426,852,Mackay,12894,13725,26619,0,0,0,12894,13725,26619
Mackay,2002,2,398,400,798,0,0,0,398,400,798,Mackay,11541,11587,23128,0,0,0,11541,11587,23128
Mackay,2002,3,416,416,832,0,0,0,416,416,832,Mackay,12781,12521,25302,0,0,0,12781,12521,25302
Mackay,2002,4,407,407,814,0,0,0,407,407,814,Mackay,12820,12917,25737,0,0,0,12820,12917,25737
Mackay,2002,5,422,424,846,0,0,0,422,424,846,Mackay,13579,13698,27277,0,0,0,13579,13698,27277
Mackay,2002,6,400,400,800,0,0,0,400,400,800,Mackay,13724,13438,27162,0,0,0,13724,13438,27162
Mackay,2002,7,429,429,858,0,0,0,429,429,858,Mackay,15226,15264,30490,0,0,0,15226,15264,30490
Mackay,2002,8,430,431,861,0,0,0,430,431,861,Mackay,14931,15300,30231,0,0,0,14931,15300,30231
Mackay,2002,9,417,418,835,0,0,0,417,418,835,Mackay,15747,15400,31147,0,0,0,15747,15400,31147
Mackay,2002,10,436,437,873,0,0,0,436,437,873,Mackay,16001,16475,32476,0,0,0,16001,16475,32476
Mackay,2002,11,372,372,744,0,0,0,372,372,744,Mackay,14565,14667,29232,0,0,0,14565,14667,29232
Mackay,2002,12,381,382,763,0,0,0,381,382,763,Mackay,14806,14624,29430,0,0,0,14806,14624,29430
Mackay,2003,1,381,381,762,0,0,0,381,381,762,Mackay,14537,14906,29443,0,0,0,14537,14906,29443
Mackay,2003,2,342,341,683,0,0,0,342,341,683,Mackay,13198,13394,26592,0,0,0,13198,13394,26592
Mackay,2003,3,313,314,627,0,0,0,313,314,627,Mackay,15570,15127,30697,0,0,0,15570,15127,30697
Mackay,2003,4,318,318,636,0,0,0,318,318,636,Mackay,16668,16746,33414,0,0,0,16668,16746,33414
Mackay,2003,5,337,336,673,0,0,0,337,336,673,Mackay,16499,16885,33384,0,0,0,16499,16885,33384
Mackay,2003,6,324,324,648,0,0,0,324,324,648,Mackay,17962,17333,35295,0,0,0,17962,17333,35295
Mackay,2003,7,334,334,668,0,0,0,334,334,668,Mackay,18426,18432,36858,0,0,0,18426,18432,36858
Mackay,2003,8,306,307,613,0,0,0,306,307,613,Mackay,18095,17914,36009,0,0,0,18095,17914,36009
Mackay,2003,9,296,296,592,0,0,0,296,296,592,Mackay,18173,17763,35936,0,0,0,18173,17763,35936
Mackay,2003,10,305,305,610,0,0,0,305,305,610,Mackay,18751,18968,37719,0,0,0,18751,18968,37719
Mackay,2003,11,294,294,588,0,0,0,294,294,588,Mackay,17255,17083,34338,0,0,0,17255,17083,34338
Mackay,2003,12,300,300,600,0,0,0,300,300,600,Mackay,18571,18203,36774,0,0,0,18571,18203,36774
Mackay,2004,1,339,328,667,0,0,0,339,328,667,Mackay,17748,17951,35699,0,0,0,17748,17951,35699
Mackay,2004,2,316,304,620,0,0,0,316,304,620,Mackay,15549,15497,31046,0,0,0,15549,15497,31046
Mackay,2004,3,343,329,672,0,0,0,343,329,672,Mackay,18221,17818,36039,0,0,0,18221,17818,36039
Mackay,2004,4,323,309,632,0,0,0,323,309,632,Mackay,18509,18513,37022,0,0,0,18509,18513,37022
Mackay,2004,5,342,334,676,0,0,0,342,334,676,Mackay,20427,20208,40635,0,0,0,20427,20208,40635
Mackay,2004,6,344,344,688,0,0,0,344,344,688,Mackay,22418,22216,44634,0,0,0,22418,22216,44634
Mackay,2004,7,366,365,731,0,0,0,366,365,731,Mackay,22805,23042,45847,0,0,0,22805,23042,45847
Mackay,2004,8,375,375,750,0,0,0,375,375,750,Mackay,24521,24675,49196,0,0,0,24521,24675,49196
Mackay,2004,9,366,366,732,0,0,0,366,366,732,Mackay,24026,24348,48374,0,0,0,24026,24348,48374
Mackay,2004,10,376,374,750,0,0,0,376,374,750,Mackay,24251,24884,49135,0,0,0,24251,24884,49135
Mackay,2004,11,369,367,736,0,0,0,369,367,736,Mackay,22808,22791,45599,0,0,0,22808,22791,45599
Mackay,2004,12,401,396,797,0,0,0,401,396,797,Mackay,23843,23927,47770,0,0,0,23843,23927,47770
Mackay,2005,1,380,380,760,0,0,0,380,380,760,Mackay,23259,23525,46784,0,0,0,23259,23525,46784
Mackay,2005,2,357,357,714,0,0,0,357,357,714,Mackay,20680,21049,41729,0,0,0,20680,21049,41729
Mackay,2005,3,391,390,781,0,0,0,391,390,781,Mackay,25735,25651,51386,0,0,0,25735,25651,51386
Mackay,2005,4,382,380,762,0,0,0,382,380,762,Mackay,25581,25740,51321,0,0,0,25581,25740,51321
Mackay,2005,5,403,398,801,0,0,0,403,398,801,Mackay,26099,26090,52189,0,0,0,26099,26090,52189
Mackay,2005,6,390,389,779,0,0,0,390,389,779,Mackay,27233,26511,53744,0,0,0,27233,26511,53744
Mackay,2005,7,404,402,806,0,0,0,404,402,806,Mackay,27652,27732,55384,0,0,0,27652,27732,55384
Mackay,2005,8,404,403,807,0,0,0,404,403,807,Mackay,26141,26407,52548,0,0,0,26141,26407,52548
Mackay,2005,9,395,394,789,0,0,0,395,394,789,Mackay,29054,29254,58308,0,0,0,29054,29254,58308
Mackay,2005,10,402,400,802,0,0,0,402,400,802,Mackay,28482,29125,57607,0,0,0,28482,29125,57607
Mackay,2005,11,387,386,773,0,0,0,387,386,773,Mackay,26114,26055,52169,0,0,0,26114,26055,52169
Mackay,2005,12,392,385,777,0,0,0,392,385,777,Mackay,27413,27760,55173,0,0,0,27413,27760,55173
Mackay,2006,1,386,386,772,0,0,0,386,386,772,Mackay,26912,26321,53233,0,0,0,26912,26321,53233
Mackay,2006,2,348,346,694,0,0,0,348,346,694,Mackay,24347,24092,48439,0,0,0,24347,24092,48439
Mackay,2006,3,389,387,776,0,0,0,389,387,776,Mackay,27314,27842,55156,0,0,0,27314,27842,55156
Mackay,2006,4,389,384,773,0,0,0,389,384,773,Mackay,27597,27389,54986,0,0,0,27597,27389,54986
Mackay,2006,5,435,435,870,0,0,0,435,435,870,Mackay,29083,29141,58224,0,0,0,29083,29141,58224
Mackay,2006,6,417,415,832,0,0,0,417,415,832,Mackay,29436,29969,59405,0,0,0,29436,29969,59405
Mackay,2006,7,433,431,864,0,0,0,433,431,864,Mackay,31900,31735,63635,0,0,0,31900,31735,63635
Mackay,2006,8,437,431,868,0,0,0,437,431,868,Mackay,29893,30576,60469,0,0,0,29893,30576,60469
Mackay,2006,9,420,412,832,0,0,0,420,412,832,Mackay,32978,33000,65978,0,0,0,32978,33000,65978
Mackay,2006,10,431,425,856,0,0,0,431,425,856,Mackay,33283,32842,66125,0,0,0,33283,32842,66125
Mackay,2006,11,422,418,840,0,0,0,422,418,840,Mackay,30441,30783,61224,0,0,0,30441,30783,61224
Mackay,2006,12,418,415,833,0,0,0,418,415,833,Mackay,30439,31464,61903,0,0,0,30439,31464,61903
Mackay,2007,1,422,420,842,0,0,0,422,420,842,Mackay,29568,29315,58883,0,0,0,29568,29315,58883
Mackay,2007,2,393,386,779,0,0,0,393,386,779,Mackay,26011,26498,52509,0,0,0,26011,26498,52509
Mackay,2007,3,432,424,856,0,0,0,432,424,856,Mackay,29503,29601,59104,0,0,0,29503,29601,59104
Mackay,2007,4,415,408,823,0,0,0,415,408,823,Mackay,31153,30848,62001,0,0,0,31153,30848,62001
Mackay,2007,5,444,434,878,0,0,0,444,434,878,Mackay,32922,33234,66156,0,0,0,32922,33234,66156
Mackay,2007,6,428,416,844,0,0,0,428,416,844,Mackay,32537,32797,65334,0,0,0,32537,32797,65334
Mackay,2007,7,442,437,879,0,0,0,442,437,879,Mackay,33957,33320,67277,0,0,0,33957,33320,67277
Mackay,2007,8,450,436,886,0,0,0,450,436,886,Mackay,33540,33967,67507,0,0,0,33540,33967,67507
Mackay,2007,9,426,414,840,0,0,0,426,414,840,Mackay,33806,34309,68115,0,0,0,33806,34309,68115
Mackay,2007,10,444,432,876,0,0,0,444,432,876,Mackay,35582,35109,70691,0,0,0,35582,35109,70691
Mackay,2007,11,452,440,892,0,0,0,452,440,892,Mackay,33966,34081,68047,0,0,0,33966,34081,68047
Mackay,2007,12,468,461,929,0,0,0,468,461,929,Mackay,35243,36057,71300,0,0,0,35243,36057,71300
Mackay,2008,1,472,465,937,0,0,0,472,465,937,Mackay,35252,34864,70116,0,0,0,35252,34864,70116
Mackay,2008,2,435,423,858,0,0,0,435,423,858,Mackay,30644,30994,61638,0,0,0,30644,30994,61638
Mackay,2008,3,443,429,872,0,0,0,443,429,872,Mackay,36729,36182,72911,0,0,0,36729,36182,72911
Mackay,2008,4,455,436,891,0,0,0,455,436,891,Mackay,36262,36402,72664,0,0,0,36262,36402,72664
Mackay,2008,5,491,461,952,0,0,0,491,461,952,Mackay,36976,37013,73989,0,0,0,36976,37013,73989
Mackay,2008,6,489,464,953,0,0,0,489,464,953,Mackay,36714,36447,73161,0,0,0,36714,36447,73161
Mackay,2008,7,539,511,1050,0,0,0,539,511,1050,Mackay,39450,39701,79151,0,0,0,39450,39701,79151
Mackay,2008,8,534,504,1038,0,0,0,534,504,1038,Mackay,39977,40067,80044,0,0,0,39977,40067,80044
Mackay,2008,9,512,493,1005,0,0,0,512,493,1005,Mackay,42011,41353,83364,0,0,0,42011,41353,83364
Mackay,2008,10,531,526,1057,0,0,0,531,526,1057,Mackay,43666,44336,88002,0,0,0,43666,44336,88002
Mackay,2008,11,511,502,1013,0,0,0,511,502,1013,Mackay,40697,40176,80873,0,0,0,40697,40176,80873
Mackay,2008,12,517,508,1025,0,0,0,517,508,1025,Mackay,41246,42237,83483,0,0,0,41246,42237,83483
Mackay,2009,1,502,496,998,0,0,0,502,496,998,Mackay,39935,39772,79707,0,0,0,39935,39772,79707
Mackay,2009,2,460,451,911,0,0,0,460,451,911,Mackay,34093,33861,67954,0,0,0,34093,33861,67954
Mackay,2009,3,494,486,980,0,0,0,494,486,980,Mackay,38335,37378,75713,0,0,0,38335,37378,75713
Mackay,2009,4,497,490,987,0,0,0,497,490,987,Mackay,38347,38448,76795,0,0,0,38347,38448,76795
Mackay,2009,5,502,493,995,0,0,0,502,493,995,Mackay,38023,37882,75905,0,0,0,38023,37882,75905
Mackay,2009,6,494,494,988,0,0,0,494,494,988,Mackay,38043,37284,75327,0,0,0,38043,37284,75327
Mackay,2009,7,522,520,1042,0,0,0,522,520,1042,Mackay,40206,40448,80654,0,0,0,40206,40448,80654
Mackay,2009,8,493,494,987,0,0,0,493,494,987,Mackay,38246,37882,76128,0,0,0,38246,37882,76128
Mackay,2009,9,499,499,998,0,0,0,499,499,998,Mackay,39508,39616,79124,0,0,0,39508,39616,79124
Mackay,2009,10,585,583,1168,0,0,0,585,583,1168,Mackay,40964,41045,82009,0,0,0,40964,41045,82009
Mackay,2009,11,583,582,1165,0,0,0,583,582,1165,Mackay,38991,39381,78372,0,0,0,38991,39381,78372
Mackay,2009,12,579,574,1153,0,0,0,579,574,1153,Mackay,38160,39841,78001,0,0,0,38160,39841,78001
Mackay,2010,1,578,578,1156,0,0,0,578,578,1156,Mackay,36743,36508,73251,0,0,0,36743,36508,73251
Mackay,2010,2,532,531,1063,0,0,0,532,531,1063,Mackay,33503,34298,67801,0,0,0,33503,34298,67801
Mackay,2010,3,578,580,1158,0,0,0,578,580,1158,Mackay,36041,35330,71371,0,0,0,36041,35330,71371
Mackay,2010,4,593,589,1182,0,0,0,593,589,1182,Mackay,36857,36634,73491,0,0,0,36857,36634,73491
Mackay,2010,5,631,631,1262,0,0,0,631,631,1262,Mackay,37655,37959,75614,0,0,0,37655,37959,75614
Mackay,2010,6,620,619,1239,0,0,0,620,619,1239,Mackay,40689,40733,81422,0,0,0,40689,40733,81422
Mackay,2010,7,665,666,1331,0,0,0,665,666,1331,Mackay,43626,43804,87430,0,0,0,43626,43804,87430
Mackay,2010,8,622,622,1244,0,0,0,622,622,1244,Mackay,41931,42150,84081,0,0,0,41931,42150,84081
Mackay,2010,9,620,619,1239,0,0,0,620,619,1239,Mackay,46612,46479,93091,0,0,0,46612,46479,93091
Mackay,2010,10,658,657,1315,0,0,0,658,657,1315,Mackay,47386,48552,95938,0,0,0,47386,48552,95938
Mackay,2010,11,644,642,1286,0,0,0,644,642,1286,Mackay,44241,43824,88065,0,0,0,44241,43824,88065
Mackay,2010,12,630,627,1257,0,0,0,630,627,1257,Mackay,44289,47223,91512,0,0,0,44289,47223,91512
Mackay,2011,1,604,602,1206,0,0,0,604,602,1206,Mackay,47185,44254,91439,0,0,0,47185,44254,91439
Mackay,2011,2,560,561,1121,0,0,0,560,561,1121,Mackay,35124,35588,70712,0,0,0,35124,35588,70712
Mackay,2011,3,633,630,1263,0,0,0,633,630,1263,Mackay,43224,42622,85846,0,0,0,43224,42622,85846
Mackay,2011,4,602,602,1204,0,0,0,602,602,1204,Mackay,41760,42414,84174,0,0,0,41760,42414,84174
Mackay,2011,5,630,627,1257,0,0,0,630,627,1257,Mackay,44832,43888,88720,0,0,0,44832,43888,88720
Mackay,2011,6,612,610,1222,0,0,0,612,610,1222,Mackay,43839,44325,88164,0,0,0,43839,44325,88164
Mackay,2011,7,652,650,1302,0,0,0,652,650,1302,Mackay,46913,46668,93581,0,0,0,46913,46668,93581
Mackay,2011,8,660,660,1320,0,0,0,660,660,1320,Mackay,47594,47296,94890,0,0,0,47594,47296,94890
Mackay,2011,9,631,630,1261,0,0,0,631,630,1261,Mackay,48453,49173,97626,0,0,0,48453,49173,97626
Mackay,2011,10,624,615,1239,0,0,0,624,615,1239,Mackay,50403,50341,100744,0,0,0,50403,50341,100744
Mackay,2011,11,589,593,1182,0,0,0,589,593,1182,Mackay,47259,47269,94528,0,0,0,47259,47269,94528
Mackay,2011,12,586,582,1168,0,0,0,586,582,1168,Mackay,43936,48241,92177,0,0,0,43936,48241,92177
Mackay,2012,1,576,578,1154,0,0,0,576,578,1154,Mackay,45112,41376,86488,0,0,0,45112,41376,86488
Mackay,2012,2,572,569,1141,0,0,0,572,569,1141,Mackay,42412,43314,85726,0,0,0,42412,43314,85726
Mackay,2012,3,612,615,1227,0,0,0,612,615,1227,Mackay,46348,47723,94071,0,0,0,46348,47723,94071
Mackay,2012,4,592,592,1184,0,0,0,592,592,1184,Mackay,46513,45629,92142,0,0,0,46513,45629,92142
Mackay,2012,5,628,628,1256,0,0,0,628,628,1256,Mackay,48281,48824,97105,0,0,0,48281,48824,97105
Mackay,2012,6,602,608,1210,0,0,0,602,608,1210,Mackay,48241,48828,97069,0,0,0,48241,48828,97069
Mackay,2012,7,617,616,1233,0,0,0,617,616,1233,Mackay,49974,48864,98838,0,0,0,49974,48864,98838
Mackay,2012,8,631,627,1258,0,0,0,631,627,1258,Mackay,47780,48839,96619,0,0,0,47780,48839,96619
Mackay,2012,9,599,599,1198,0,0,0,599,599,1198,Mackay,47615,48248,95863,0,0,0,47615,48248,95863
Mackay,2012,10,631,630,1261,0,0,0,631,630,1261,Mackay,49865,48668,98533,0,0,0,49865,48668,98533
Mackay,2012,11,599,593,1192,0,0,0,599,593,1192,Mackay,44720,45921,90641,0,0,0,44720,45921,90641
Mackay,2012,12,606,601,1207,0,0,0,606,601,1207,Mackay,44976,48172,93148,0,0,0,44976,48172,93148
Mackay,2013,1,640,639,1279,0,0,0,640,639,1279,Mackay,46854,43565,90419,0,0,0,46854,43565,90419
Mackay,2013,2,586,590,1176,0,0,0,586,590,1176,Mackay,39587,40893,80480,0,0,0,39587,40893,80480
Mackay,2013,3,637,637,1274,0,0,0,637,637,1274,Mackay,45497,46520,92017,0,0,0,45497,46520,92017
Mackay,2013,4,636,639,1275,0,0,0,636,639,1275,Mackay,48044,46532,94576,0,0,0,48044,46532,94576
Mackay,2013,5,648,646,1294,0,0,0,648,646,1294,Mackay,44764,45633,90397,0,0,0,44764,45633,90397
Mackay,2013,6,616,618,1234,0,0,0,616,618,1234,Mackay,47536,46864,94400,0,0,0,47536,46864,94400
Mackay,2013,7,663,664,1327,0,0,0,663,664,1327,Mackay,49174,49064,98238,0,0,0,49174,49064,98238
Mackay,2013,8,652,651,1303,0,0,0,652,651,1303,Mackay,46550,47782,94332,0,0,0,46550,47782,94332
Mackay,2013,9,634,631,1265,0,0,0,634,631,1265,Mackay,46861,45849,92710,0,0,0,46861,45849,92710
Mackay,2013,10,662,661,1323,0,0,0,662,661,1323,Mackay,48466,48596,97062,0,0,0,48466,48596,97062
Mackay,2013,11,594,594,1188,0,0,0,594,594,1188,Mackay,42148,43201,85349,0,0,0,42148,43201,85349
Mackay,2013,12,598,594,1192,0,0,0,598,594,1192,Mackay,45230,47384,92614,0,0,0,45230,47384,92614
Mackay,2014,1,575,575,1150,0,0,0,575,575,1150,Mackay,41690,39182,80872,0,0,0,41690,39182,80872
Mackay,2014,2,515,514,1029,0,0,0,515,514,1029,Mackay,35301,35937,71238,0,0,0,35301,35937,71238
Mackay,2014,3,582,580,1162,0,0,0,582,580,1162,Mackay,41032,40076,81108,0,0,0,41032,40076,81108
Mackay,2014,4,545,543,1088,0,0,0,545,543,1088,Mackay,41485,41149,82634,0,0,0,41485,41149,82634
Mackay,2014,5,545,547,1092,0,0,0,545,547,1092,Mackay,39723,40390,80113,0,0,0,39723,40390,80113
Mackay,2014,6,545,541,1086,0,0,0,545,541,1086,Mackay,38830,38088,76918,0,0,0,38830,38088,76918
Mackay,2014,7,600,598,1198,0,0,0,600,598,1198,Mackay,44033,44582,88615,0,0,0,44033,44582,88615
Mackay,2014,8,600,597,1197,0,0,0,600,597,1197,Mackay,40144,40707,80851,0,0,0,40144,40707,80851
Mackay,2014,9,579,576,1155,0,0,0,579,576,1155,Mackay,41426,40415,81841,0,0,0,41426,40415,81841
Mackay,2014,10,610,608,1218,0,0,0,610,608,1218,Mackay,43221,44844,88065,0,0,0,43221,44844,88065
Mackay,2014,11,573,573,1146,0,0,0,573,573,1146,Mackay,37800,38193,75993,0,0,0,37800,38193,75993
Mackay,2014,12,576,576,1152,0,0,0,576,576,1152,Mackay,39817,41898,81715,0,0,0,39817,41898,81715
Mackay,2015,1,564,563,1127,0,0,0,564,563,1127,Mackay,36231,34321,70552,0,0,0,36231,34321,70552
Mackay,2015,2,524,521,1045,0,0,0,524,521,1045,Mackay,30254,31593,61847,0,0,0,30254,31593,61847
Mackay,2015,3,585,583,1168,0,0,0,585,583,1168,Mackay,38476,36956,75432,0,0,0,38476,36956,75432
Mackay,2015,4,526,525,1051,0,0,0,526,525,1051,Mackay,38188,38030,76218,0,0,0,38188,38030,76218
Mackay,2015,5,544,541,1085,0,0,0,544,541,1085,Mackay,37417,37180,74597,0,0,0,37417,37180,74597
Mackay,2015,6,517,514,1031,0,0,0,517,514,1031,Mackay,36464,36164,72628,0,0,0,36464,36164,72628
Mackay,2015,7,549,543,1092,0,0,0,549,543,1092,Mackay,39916,40450,80366,0,0,0,39916,40450,80366
Mackay,2015,8,531,533,1064,0,0,0,531,533,1064,Mackay,37652,37306,74958,0,0,0,37652,37306,74958
Mackay,2015,9,489,490,979,0,0,0,489,490,979,Mackay,36204,36478,72682,0,0,0,36204,36478,72682
Mackay,2015,10,498,498,996,0,0,0,498,498,996,Mackay,36013,36482,72495,0,0,0,36013,36482,72495
Mackay,2015,11,492,489,981,0,0,0,492,489,981,Mackay,33988,33821,67809,0,0,0,33988,33821,67809
Mackay,2015,12,478,477,955,0,0,0,478,477,955,Mackay,33735,35613,69348,0,0,0,33735,35613,69348
Mackay,2016,1,477,475,952,0,0,0,477,475,952,Mackay,30454,28859,59313,0,0,0,30454,28859,59313
Mackay,2016,2,461,461,922,0,0,0,461,461,922,Mackay,28048,28251,56299,0,0,0,28048,28251,56299
Mackay,2016,3,493,493,986,0,0,0,493,493,986,Mackay,33248,33232,66480,0,0,0,33248,33232,66480
Mackay,2016,4,475,475,950,0,0,0,475,475,950,Mackay,32759,32306,65065,0,0,0,32759,32306,65065
Mackay,2016,5,487,484,971,0,0,0,487,484,971,Mackay,32884,32963,65847,0,0,0,32884,32963,65847
Mackay,2016,6,468,464,932,0,0,0,468,464,932,Mackay,31980,32428,64408,0,0,0,31980,32428,64408
Mackay,2016,7,495,491,986,0,0,0,495,491,986,Mackay,33613,33546,67159,0,0,0,33613,33546,67159
Mackay,2016,8,504,506,1010,0,0,0,504,506,1010,Mackay,32588,32852,65440,0,0,0,32588,32852,65440
Mackay,2016,9,482,480,962,0,0,0,482,480,962,Mackay,32594,33221,65815,0,0,0,32594,33221,65815
Mackay,2016,10,484,486,970,0,0,0,484,486,970,Mackay,32954,33473,66427,0,0,0,32954,33473,66427
Mackay,2016,11,451,451,902,0,0,0,451,451,902,Mackay,31026,30902,61928,0,0,0,31026,30902,61928
Mackay,2016,12,447,447,894,0,0,0,447,447,894,Mackay,31024,32448,63472,0,0,0,31024,32448,63472
Mackay,2017,1,427,425,852,0,0,0,427,425,852,Mackay,28407,27492,55899,0,0,0,28407,27492,55899
Mackay,2017,2,403,401,804,0,0,0,403,401,804,Mackay,26775,27417,54192,0,0,0,26775,27417,54192
Mackay,2017,3,399,395,794,0,0,0,399,395,794,Mackay,27660,28612,56272,0,0,0,27660,28612,56272
Mackay,2017,4,409,411,820,0,0,0,409,411,820,Mackay,32546,32692,65238,0,0,0,32546,32692,65238
Mackay,2017,5,434,435,869,0,0,0,434,435,869,Mackay,32115,32556,64671,0,0,0,32115,32556,64671
Mackay,2017,6,423,419,842,0,0,0,423,419,842,Mackay,32053,32188,64241,0,0,0,32053,32188,64241
Mackay,2017,7,432,433,865,0,0,0,432,433,865,Mackay,33542,33361,66903,0,0,0,33542,33361,66903
Mackay,2017,8,444,444,888,0,0,0,444,444,888,Mackay,32287,33030,65317,0,0,0,32287,33030,65317
Mackay,2017,9,433,434,867,0,0,0,433,434,867,Mackay,34889,35186,70075,0,0,0,34889,35186,70075
Mackay,2017,10,440,440,880,0,0,0,440,440,880,Mackay,35292,34648,69940,0,0,0,35292,34648,69940
Mackay,2017,11,418,416,834,0,0,0,418,416,834,Mackay,31991,32694,64685,0,0,0,31991,32694,64685
Mackay,2017,12,410,409,819,0,0,0,410,409,819,Mackay,31907,33663,65570,0,0,0,31907,33663,65570
Mackay,2018,1,424,426,850,0,0,0,424,426,850,Mackay,31550,29835,61385,0,0,0,31550,29835,61385
Mackay,2018,2,381,381,762,0,0,0,381,381,762,Mackay,28109,28290,56399,0,0,0,28109,28290,56399
Mackay,2018,3,428,427,855,0,0,0,428,427,855,Mackay,33788,34250,68038,0,0,0,33788,34250,68038
Mackay,2018,4,417,415,832,0,0,0,417,415,832,Mackay,31371,30937,62308,0,0,0,31371,30937,62308
Mackay,2018,5,444,441,885,0,0,0,444,441,885,Mackay,34118,34075,68193,0,0,0,34118,34075,68193
Mackay,2018,6,421,419,840,0,0,0,421,419,840,Mackay,32254,32073,64327,0,0,0,32254,32073,64327
Mackay,2018,7,470,463,933,0,0,0,470,463,933,Mackay,38841,38656,77497,0,0,0,38841,38656,77497
Mackay,2018,8,448,448,896,0,0,0,448,448,896,Mackay,37238,38024,75262,0,0,0,37238,38024,75262
Mackay,2018,9,423,419,842,0,0,0,423,419,842,Mackay,34386,34831,69217,0,0,0,34386,34831,69217
Mackay,2018,10,443,443,886,0,0,0,443,443,886,Mackay,35683,35066,70749,0,0,0,35683,35066,70749
Mackay,2018,11,440,438,878,0,0,0,440,438,878,Mackay,33423,34034,67457,0,0,0,33423,34034,67457
Mackay,2018,12,436,437,873,0,0,0,436,437,873,Mackay,32543,34591,67134,0,0,0,32543,34591,67134
Mackay,2019,1,455,455,910,0,0,0,455,455,910,Mackay,31850,30538,62388,0,0,0,31850,30538,62388
Mackay,2019,2,417,417,834,0,0,0,417,417,834,Mackay,29585,29908,59493,0,0,0,29585,29908,59493
Mackay,2019,3,451,450,901,0,0,0,451,450,901,Mackay,33188,33773,66961,0,0,0,33188,33773,66961
Mackay,2019,4,453,455,908,0,0,0,453,455,908,Mackay,33365,32740,66105,0,0,0,33365,32740,66105
Mackay,2019,5,489,488,977,0,0,0,489,488,977,Mackay,35423,36124,71547,0,0,0,35423,36124,71547
Mackay,2019,6,459,456,915,0,0,0,459,456,915,Mackay,34032,33917,67949,0,0,0,34032,33917,67949
Mackay,2019,7,483,481,964,0,0,0,483,481,964,Mackay,37760,37019,74779,0,0,0,37760,37019,74779
Mackay,2019,8,468,469,937,0,0,0,468,469,937,Mackay,37074,37973,75047,0,0,0,37074,37973,75047
Mackay,2019,9,475,476,951,0,0,0,475,476,951,Mackay,37679,37658,75337,0,0,0,37679,37658,75337
Mackay,2019,10,493,492,985,0,0,0,493,492,985,Mackay,38439,38581,77020,0,0,0,38439,38581,77020
Mackay,2019,11,462,462,924,0,0,0,462,462,924,Mackay,35584,36180,71764,0,0,0,35584,36180,71764
Mackay,2019,12,462,460,922,0,0,0,462,460,922,Mackay,35168,37092,72260,0,0,0,35168,37092,72260
Mackay,2020,1,454,453,907,0,0,0,454,453,907,Mackay,34227,32672,66899,0,0,0,34227,32672,66899
Mackay,2020,2,442,443,885,0,0,0,442,443,885,Mackay,31457,32056,63513,0,0,0,31457,32056,63513
Mackay,2020,3,421,419,840,0,0,0,421,419,840,Mackay,26375,24390,50765,0,0,0,26375,24390,50765
Mackay,2020,4,155,157,312,0,0,0,155,157,312,Mackay,3428,3753,7181,0,0,0,3428,3753,7181
Mackay,2020,5,109,107,216,0,0,0,109,107,216,Mackay,3517,3674,7191,0,0,0,3517,3674,7191
Mackay,2020,6,157,158,315,0,0,0,157,158,315,Mackay,8504,8404,16908,0,0,0,8504,8404,16908
Mackay,2020,7,227,226,453,0,0,0,227,226,453,Mackay,15694,16265,31959,0,0,0,15694,16265,31959
Mackay,2020,8,260,258,518,0,0,0,260,258,518,Mackay,15570,15854,31424,0,0,0,15570,15854,31424
Mackay,2020,9,280,275,555,0,0,0,280,275,555,Mackay,17673,17700,35373,0,0,0,17673,17700,35373
Mackay,2020,10,308,304,612,0,0,0,308,304,612,Mackay,20175,21086,41261,0,0,0,20175,21086,41261
Mackay,2020,11,336,332,668,0,0,0,336,332,668,Mackay,22748,22440,45188,0,0,0,22748,22440,45188
Mackay,2020,12,364,355,719,0,0,0,364,355,719,Mackay,26244,27338,53582,0,0,0,26244,27338,53582
Mackay,2021,1,357,352,709,0,0,0,357,352,709,Mackay,20817,20329,41146,0,0,0,20817,20329,41146
Mackay,2021,2,341,337,678,0,0,0,341,337,678,Mackay,22827,22922,45749,0,0,0,22827,22922,45749
Mackay,2021,3,402,399,801,0,0,0,402,399,801,Mackay,28950,28178,57128,0,0,0,28950,28178,57128
Mackay,2021,4,378,359,737,0,0,0,378,359,737,Mackay,29392,29525,58917,0,0,0,29392,29525,58917
Mackay,2021,5,380,379,759,0,0,0,380,379,759,Mackay,33407,32991,66398,0,0,0,33407,32991,66398
Mackay,2021,6,393,391,784,0,0,0,393,391,784,Mackay,31806,31349,63155,0,0,0,31806,31349,63155
Mackay,2021,7,400,402,802,0,0,0,400,402,802,Mackay,26205,26675,52880,0,0,0,26205,26675,52880
Mackay,2021,8,302,303,605,0,0,0,302,303,605,Mackay,18309,18095,36404,0,0,0,18309,18095,36404
Mackay,2021,9,386,384,770,0,0,0,386,384,770,Mackay,27786,27921,55707,0,0,0,27786,27921,55707
Mackay,2021,10,392,385,777,0,0,0,392,385,777,Mackay,26940,27633,54573,0,0,0,26940,27633,54573
Mackay,2021,11,408,407,815,0,0,0,408,407,815,Mackay,28231,27476,55707,0,0,0,28231,27476,55707
Mackay,2021,12,435,434,869,0,0,0,435,434,869,Mackay,29251,30472,59723,0,0,0,29251,30472,59723
Mackay,2022,1,372,370,742,0,0,0,372,370,742,Mackay,21505,20304,41809,0,0,0,21505,20304,41809
Mackay,2022,2,318,316,634,0,0,0,318,316,634,Mackay,21200,21624,42824,0,0,0,21200,21624,42824
Mackay,2022,3,431,430,861,0,0,0,431,430,861,Mackay,29888,30223,60111,0,0,0,29888,30223,60111
Mackay,2022,4,413,412,825,0,0,0,413,412,825,Mackay,35758,36248,72006,0,0,0,35758,36248,72006
Mackay,2022,5,456,451,907,0,0,0,456,451,907,Mackay,36770,36153,72923,0,0,0,36770,36153,72923
Mackay,2022,6,440,439,879,0,0,0,440,439,879,Mackay,38676,38928,77604,0,0,0,38676,38928,77604
Mackay,2022,7,420,417,837,0,0,0,420,417,837,Mackay,38743,39542,78285,0,0,0,38743,39542,78285
Mackay,2022,8,428,428,856,0,0,0,428,428,856,Mackay,38115,38071,76186,0,0,0,38115,38071,76186
Mackay,2022,9,411,414,825,0,0,0,411,414,825,Mackay,38033,39124,77157,0,0,0,38033,39124,77157
Mackay,2022,10,427,436,863,0,0,0,427,436,863,Mackay,38857,38747,77604,0,0,0,38857,38747,77604
Mackay,2022,11,432,443,875,0,0,0,432,443,875,Mackay,38366,38712,77078,0,0,0,38366,38712,77078
Mackay,2022,12,438,441,879,0,0,0,438,441,879,Mackay,34580,36537,71117,0,0,0,34580,36537,71117
Mackay,2023,1,435,434,869,0,0,0,435,434,869,Mackay,33415,31430,64845,0,0,0,33415,31430,64845
Mackay,2023,2,414,411,825,0,0,0,414,411,825,Mackay,32305,32930,65235,0,0,0,32305,32930,65235
Mackay,2023,3,470,456,926,0,0,0,470,456,926,Mackay,38325,39130,77455,0,0,0,38325,39130,77455
Mackay,2023,4,433,429,862,0,0,0,433,429,862,Mackay,35628,35865,71493,0,0,0,35628,35865,71493
Mackay,2023,5,464,461,925,0,0,0,464,461,925,Mackay,38687,37989,76676,0,0,0,38687,37989,76676
Mackay,2023,6,446,444,890,0,0,0,446,444,890,Mackay,37983,39085,77068,0,0,0,37983,39085,77068
Mackay,2023,7,458,450,908,0,0,0,458,450,908,Mackay,39853,39438,79291,0,0,0,39853,39438,79291
Mackay,2023,8,470,462,932,0,0,0,470,462,932,Mackay,39478,40206,79684,0,0,0,39478,40206,79684
Mackay,2023,9,439,438,877,0,0,0,439,438,877,Mackay,40959,41124,82083,0,0,0,40959,41124,82083
Mackay,2023,10,471,463,934,0,0,0,471,463,934,Mackay,40467,40500,80967,0,0,0,40467,40500,80967
Mackay,2023,11,507,504,1011,0,0,0,507,504,1011,Mackay,39453,40720,80173,0,0,0,39453,40720,80173
Mackay,2023,12,494,492,986,0,0,0,494,492,986,Mackay,36112,38302,74414,0,0,0,36112,38302,74414
Mackay,2024,1,452,451,903,0,0,0,452,451,903,Mackay,32951,30481,63432,0,0,0,32951,30481,63432
Mackay,2024,2,447,441,888,0,0,0,447,441,888,Mackay,34796,35422,70218,0,0,0,34796,35422,70218
Mackay,2024,3,502,498,1000,0,0,0,502,498,1000,Mackay,37952,38156,76108,0,0,0,37952,38156,76108
Mackay,2024,4,436,424,860,0,0,0,436,424,860,Mackay,37306,36462,73768,0,0,0,37306,36462,73768
Mackay,2024,5,452,434,886,0,0,0,452,434,886,Mackay,38516,39266,77782,0,0,0,38516,39266,77782
Mackay,2024,6,416,408,824,0,0,0,416,408,824,Mackay,36662,37129,73791,0,0,0,36662,37129,73791
Mackay,2024,7,452,452,904,0,0,0,452,452,904,Mackay,41060,40679,81739,0,0,0,41060,40679,81739
Mackay,2024,8,434,433,867,0,0,0,434,433,867,Mackay,38899,39694,78593,0,0,0,38899,39694,78593
Mackay,2024,9,438,437,875,0,0,0,438,437,875,Mackay,39439,39714,79153,0,0,0,39439,39714,79153
Mackay,2024,10,477,477,954,0,0,0,477,477,954,Mackay,38680,39795,78475,0,0,0,38680,39795,78475
Mackay,2024,11,430,429,859,0,0,0,430,429,859,Mackay,37635,38306,75941,0,0,0,37635,38306,75941
Mackay,2024,12,416,412,828,0,0,0,416,412,828,Mackay,34565,36745,71310,0,0,0,34565,36745,71310
Mackay,2025,1,426,425,851,0,0,0,426,425,851,Mackay,34902,33457,68359,0,0,0,34902,33457,68359
Mackay,2025,2,383,380,763,0,0,0,383,380,763,Mackay,31681,32756,64437,0,0,0,31681,32756,64437
Mackay,2025,3,406,403,809,0,0,0,406,403,809,Mackay,35115,34350,69465,0,0,0,35115,34350,69465
Mackay,2025,4,404,403,807,0,0,0,404,403,807,Mackay,38319,38414,76733,0,0,0,38319,38414,76733
Mackay,2025,5,478,472,950,0,0,0,478,472,950,Mackay,39437,40074,79511,0,0,0,39437,40074,79511
Mackay,2025,6,454,450,904,0,0,0,454,450,904,Mackay,39371,39268,78639,0,0,0,39371,39268,78639
Melbourne,1985,1,2998,2938,5936,478,468,946,3476,3406,6882,Melbourne,226906,206515,433421,60993,46287,107280,287899,252802,540701
Melbourne,1985,2,2653,2649,5302,453,433,886,3106,3082,6188,Melbourne,188861,186715,375576,49421,38273,87694,238282,224988,463270
Melbourne,1985,3,2981,3010,5991,475,476,951,3456,3486,6942,Melbourne,217909,218024,435933,43664,52459,96123,261573,270483,532056
Melbourne,1985,4,2885,2891,5776,467,459,926,3352,3350,6702,Melbourne,210788,208682,419470,37818,49088,86906,248606,257770,506376
Melbourne,1985,5,3168,3188,6356,485,472,957,3653,3660,7313,Melbourne,234660,231421,466081,43843,53808,97651,278503,285229,563732
Melbourne,1985,6,2856,2849,5705,466,456,922,3322,3305,6627,Melbourne,193668,196578,390246,43094,47240,90334,236762,243818,480580
Melbourne,1985,7,2924,2927,5851,480,455,935,3404,3382,6786,Melbourne,185888,191484,377372,47568,50356,97924,233456,241840,475296
Melbourne,1985,8,3228,3192,6420,495,472,967,3723,3664,7387,Melbourne,219731,239999,459730,51807,52527,104334,271538,292526,564064
Melbourne,1985,9,3267,3268,6535,469,465,934,3736,3733,7469,Melbourne,245101,222696,467797,62602,41145,103747,307703,263841,571544
Melbourne,1985,10,3280,3293,6573,475,473,948,3755,3766,7521,Melbourne,223269,226136,449405,58200,35929,94129,281469,262065,543534
Melbourne,1985,11,3093,3135,6228,487,488,975,3580,3623,7203,Melbourne,226237,227000,453237,52209,42466,94675,278446,269466,547912
Melbourne,1985,12,3204,3192,6396,508,505,1013,3712,3697,7409,Melbourne,209291,226957,436248,52122,61521,113643,261413,288478,549891
Melbourne,1986,1,3108,3109,6217,515,510,1025,3623,3619,7242,Melbourne,234422,217107,451529,65598,51261,116859,300020,268368,568388
Melbourne,1986,2,2822,2809,5631,437,434,871,3259,3243,6502,Melbourne,208981,205823,414804,51836,39152,90988,260817,244975,505792
Melbourne,1986,3,3049,3043,6092,478,470,948,3527,3513,7040,Melbourne,224458,228375,452833,43523,48894,92417,267981,277269,545250
Melbourne,1986,4,3108,3115,6223,508,505,1013,3616,3620,7236,Melbourne,226600,218149,444749,43239,51176,94415,269839,269325,539164
Melbourne,1986,5,3252,3248,6500,532,528,1060,3784,3776,7560,Melbourne,235318,231873,467191,47958,56902,104860,283276,288775,572051
Melbourne,1986,6,2969,2987,5956,543,537,1080,3512,3524,7036,Melbourne,198483,201689,400172,44415,48510,92925,242898,250199,493097
Melbourne,1986,7,2936,2948,5884,549,547,1096,3485,3495,6980,Melbourne,200982,206457,407439,49505,52158,101663,250487,258615,509102
Melbourne,1986,8,3185,3189,6374,571,566,1137,3756,3755,7511,Melbourne,230516,245989,476505,60089,62471,122560,290605,308460,599065
Melbourne,1986,9,3180,3174,6354,488,500,988,3668,3674,7342,Melbourne,246380,221897,468277,66987,46325,113312,313367,268222,581589
Melbourne,1986,10,3119,3113,6232,564,565,1129,3683,3678,7361,Melbourne,235580,237383,472963,64352,43722,108074,299932,281105,581037
Melbourne,1986,11,3112,3108,6220,583,576,1159,3695,3684,7379,Melbourne,224157,223211,447368,58774,51074,109848,282931,274285,557216
Melbourne,1986,12,3231,3227,6458,591,591,1182,3822,3818,7640,Melbourne,214621,235198,449819,59367,65791,125158,273988,300989,574977
Melbourne,1987,1,3220,3232,6452,588,590,1178,3808,3822,7630,Melbourne,244108,226315,470423,75017,55952,130969,319125,282267,601392
Melbourne,1987,2,2870,2887,5757,542,540,1082,3412,3427,6839,Melbourne,214705,208901,423606,60597,46479,107076,275302,255380,530682
Melbourne,1987,3,3238,3257,6495,591,589,1180,3829,3846,7675,Melbourne,232618,233355,465973,54002,60158,114160,286620,293513,580133
Melbourne,1987,4,3195,3207,6402,550,542,1092,3745,3749,7494,Melbourne,241721,240627,482348,50932,52682,103614,292653,293309,585962
Melbourne,1987,5,3077,3095,6172,570,564,1134,3647,3659,7306,Melbourne,221898,220297,442195,47989,57865,105854,269887,278162,548049
Melbourne,1987,6,3009,3013,6022,551,541,1092,3560,3554,7114,Melbourne,202899,221203,424102,45982,57200,103182,248881,278403,527284
Melbourne,1987,7,3295,3286,6581,584,572,1156,3879,3858,7737,Melbourne,244234,234063,478297,64716,55056,119772,308950,289119,598069
Melbourne,1987,8,3184,3181,6365,585,582,1167,3769,3763,7532,Melbourne,233211,229680,462891,62874,58505,121379,296085,288185,584270
Melbourne,1987,9,3377,3383,6760,562,554,1116,3939,3937,7876,Melbourne,251766,266093,517859,67981,61591,129572,319747,327684,647431
Melbourne,1987,10,3437,3428,6865,570,542,1112,4007,3970,7977,Melbourne,277852,265903,543755,81777,46722,128499,359629,312625,672254
Melbourne,1987,11,3238,3244,6482,563,559,1122,3801,3803,7604,Melbourne,250822,250070,500892,68808,52302,121110,319630,302372,622002
Melbourne,1987,12,3414,3415,6829,591,597,1188,4005,4012,8017,Melbourne,233773,253842,487615,64926,68578,133504,298699,322420,621119
Melbourne,1988,1,3228,3224,6452,603,609,1212,3831,3833,7664,Melbourne,260194,241143,501337,80311,63356,143667,340505,304499,645004
Melbourne,1988,2,3041,3038,6079,552,549,1101,3593,3587,7180,Melbourne,238798,238378,477176,65184,51314,116498,303982,289692,593674
Melbourne,1988,3,3463,3435,6898,570,572,1142,4033,4007,8040,Melbourne,260526,266489,527015,61095,62449,123544,321621,328938,650559
Melbourne,1988,4,3197,3200,6397,574,558,1132,3771,3758,7529,Melbourne,248339,243860,492199,56795,61228,118023,305134,305088,610222
Melbourne,1988,5,3312,3317,6629,574,564,1138,3886,3881,7767,Melbourne,247686,246485,494171,49634,59349,108983,297320,305834,603154
Melbourne,1988,6,3239,3233,6472,550,542,1092,3789,3775,7564,Melbourne,229672,253611,483283,54308,63028,117336,283980,316639,600619
Melbourne,1988,7,3286,3245,6531,570,556,1126,3856,3801,7657,Melbourne,265612,249551,515163,69920,58282,128202,335532,307833,643365
Melbourne,1988,8,3484,3444,6928,578,572,1150,4062,4016,8078,Melbourne,264733,261762,526495,65090,62654,127744,329823,324416,654239
Melbourne,1988,9,3530,3508,7038,561,547,1108,4091,4055,8146,Melbourne,286771,295090,581861,75760,66770,142530,362531,361860,724391
Melbourne,1988,10,3468,3455,6923,615,610,1225,4083,4065,8148,Melbourne,282066,267551,549617,80770,57069,137839,362836,324620,687456
Melbourne,1988,11,3453,3410,6863,611,591,1202,4064,4001,8065,Melbourne,263604,259580,523184,70825,58249,129074,334429,317829,652258
Melbourne,1988,12,3342,3324,6666,647,632,1279,3989,3956,7945,Melbourne,244369,260314,504683,70046,75784,145830,314415,336098,650513
Melbourne,1989,1,3230,3215,6445,659,641,1300,3889,3856,7745,Melbourne,260300,238882,499182,87469,70355,157824,347769,309237,657006
Melbourne,1989,2,3108,3088,6196,595,576,1171,3703,3664,7367,Melbourne,232690,232273,464963,70831,55002,125833,303521,287275,590796
Melbourne,1989,3,3564,3566,7130,622,612,1234,4186,4178,8364,Melbourne,269007,275462,544469,62541,71289,133830,331548,346751,678299
Melbourne,1989,4,3293,3271,6564,594,587,1181,3887,3858,7745,Melbourne,252609,240788,493397,59039,64928,123967,311648,305716,617364
Melbourne,1989,5,3510,3512,7022,596,599,1195,4106,4111,8217,Melbourne,240275,237059,477334,48827,58595,107422,289102,295654,584756
Melbourne,1989,6,3471,3461,6932,573,573,1146,4044,4034,8078,Melbourne,231632,245412,477044,56786,68862,125648,288418,314274,602692
Melbourne,1989,7,3583,3583,7166,579,575,1154,4162,4158,8320,Melbourne,257579,244528,502107,74194,64672,138866,331773,309200,640973
Melbourne,1989,8,2619,2615,5234,608,597,1205,3227,3212,6439,Melbourne,168417,165846,334263,66257,66067,132324,234674,231913,466587
Melbourne,1989,9,1126,1132,2258,609,595,1204,1735,1727,3462,Melbourne,69404,74203,143607,75949,71811,147760,145353,146014,291367
Melbourne,1989,10,1676,1651,3327,640,622,1262,2316,2273,4589,Melbourne,126098,120697,246795,87884,58433,146317,213982,179130,393112
Melbourne,1989,11,2267,2222,4489,657,639,1296,2924,2861,5785,Melbourne,161861,162221,324082,72398,61775,134173,234259,223996,458255
Melbourne,1989,12,2474,2495,4969,678,671,1349,3152,3166,6318,Melbourne,185780,202052,387832,70414,84904,155318,256194,286956,543150
Melbourne,1990,1,2936,2925,5861,679,662,1341,3615,3587,7202,Melbourne,249668,232623,482291,90472,72160,162632,340140,304783,644923
Melbourne,1990,2,2808,2794,5602,619,608,1227,3427,3402,6829,Melbourne,222621,221959,444580,75666,57293,132959,298287,279252,577539
Melbourne,1990,3,3166,3158,6324,678,668,1346,3844,3826,7670,Melbourne,257905,255296,513201,65664,70273,135937,323569,325569,649138
Melbourne,1990,4,3138,3126,6264,652,647,1299,3790,3773,7563,Melbourne,256770,254691,511461,65140,78832,143972,321910,333523,655433
Melbourne,1990,5,3355,3332,6687,665,663,1328,4020,3995,8015,Melbourne,241566,237944,479510,55647,68433,124080,297213,306377,603590
Melbourne,1990,6,3190,3165,6355,657,650,1307,3847,3815,7662,Melbourne,227157,229455,456612,59966,70358,130324,287123,299813,586936
Melbourne,1990,7,3468,3460,6928,693,681,1374,4161,4141,8302,Melbourne,259001,262747,521748,78753,77210,155963,337754,339957,677711
Melbourne,1990,8,3429,3399,6828,692,685,1377,4121,4084,8205,Melbourne,251984,248588,500572,72685,70668,143353,324669,319256,643925
Melbourne,1990,9,3341,3324,6665,664,663,1327,4005,3987,7992,Melbourne,259156,268133,527289,77182,71180,148362,336338,339313,675651
Melbourne,1990,10,3649,3610,7259,684,684,1368,4333,4294,8627,Melbourne,293686,282309,575995,93671,56184,149855,387357,338493,725850
Melbourne,1990,11,3638,3625,7263,677,666,1343,4315,4291,8606,Melbourne,280146,277312,557458,69989,63915,133904,350135,341227,691362
Melbourne,1990,12,3793,3788,7581,707,698,1405,4500,4486,8986,Melbourne,276769,296171,572940,70887,84963,155850,347656,381134,728790
Melbourne,1991,1,3665,3642,7307,693,692,1385,4358,4334,8692,Melbourne,318820,296463,615283,89025,68545,157570,407845,365008,772853
Melbourne,1991,2,3397,3396,6793,631,631,1262,4028,4027,8055,Melbourne,256485,255507,511992,70101,57118,127219,326586,312625,639211
Melbourne,1991,3,3781,3754,7535,703,703,1406,4484,4457,8941,Melbourne,283400,288123,571523,63964,68351,132315,347364,356474,703838
Melbourne,1991,4,3709,3582,7291,606,608,1214,4315,4190,8505,Melbourne,300786,294709,595495,57912,67020,124932,358698,361729,720427
Melbourne,1991,5,3756,3750,7506,604,610,1214,4360,4360,8720,Melbourne,276844,275546,552390,55471,66984,122455,332315,342530,674845
Melbourne,1991,6,3689,3675,7364,604,605,1209,4293,4280,8573,Melbourne,282274,284071,566345,57792,67725,125517,340066,351796,691862
Melbourne,1991,7,4128,4126,8254,623,625,1248,4751,4751,9502,Melbourne,358126,362485,720611,79325,75800,155125,437451,438285,875736
Melbourne,1991,8,4073,4048,8121,609,613,1222,4682,4661,9343,Melbourne,350358,346423,696781,73368,68621,141989,423726,415044,838770
Melbourne,1991,9,3858,3927,7785,589,597,1186,4447,4524,8971,Melbourne,378906,398777,777683,74725,73459,148184,453631,472236,925867
Melbourne,1991,10,4115,4116,8231,626,626,1252,4741,4742,9483,Melbourne,408976,390607,799583,93847,65872,159719,502823,456479,959302
Melbourne,1991,11,4081,4045,8126,623,621,1244,4704,4666,9370,Melbourne,388756,384278,773034,76872,75004,151876,465628,459282,924910
Melbourne,1991,12,4119,4121,8240,651,648,1299,4770,4769,9539,Melbourne,371445,387341,758786,71806,85159,156965,443251,472500,915751
Melbourne,1992,1,3988,3968,7956,651,651,1302,4639,4619,9258,Melbourne,384429,360210,744639,89736,71659,161395,474165,431869,906034
Melbourne,1992,2,3609,3606,7215,617,616,1233,4226,4222,8448,Melbourne,311231,309868,621099,78510,63849,142359,389741,373717,763458
Melbourne,1992,3,3935,3946,7881,679,678,1357,4614,4624,9238,Melbourne,331194,332643,663837,64662,74641,139303,395856,407284,803140
Melbourne,1992,4,3927,3927,7854,622,621,1243,4549,4548,9097,Melbourne,333598,330888,664486,64692,75470,140162,398290,406358,804648
Melbourne,1992,5,3969,3994,7963,660,657,1317,4629,4651,9280,Melbourne,311558,308670,620228,58989,69821,128810,370547,378491,749038
Melbourne,1992,6,3867,3889,7756,623,622,1245,4490,4511,9001,Melbourne,297965,303661,601626,59390,68350,127740,357355,372011,729366
Melbourne,1992,7,4177,4213,8390,620,611,1231,4797,4824,9621,Melbourne,337244,343763,681007,74547,70113,144660,411791,413876,825667
Melbourne,1992,8,4099,4129,8228,660,662,1322,4759,4791,9550,Melbourne,321900,319180,641080,68404,67192,135596,390304,386372,776676
Melbourne,1992,9,4488,4528,9016,636,640,1276,5124,5168,10292,Melbourne,362891,368448,731339,77392,73389,150781,440283,441837,882120
Melbourne,1992,10,4625,4638,9263,685,683,1368,5310,5321,10631,Melbourne,381442,372447,753889,88507,63144,151651,469949,435591,905540
Melbourne,1992,11,4441,4447,8888,661,660,1321,5102,5107,10209,Melbourne,362592,359035,721627,72672,72656,145328,435264,431691,866955
Melbourne,1992,12,4519,4518,9037,708,714,1422,5227,5232,10459,Melbourne,355494,371662,727156,75747,94424,170171,431241,466086,897327
Melbourne,1993,1,4435,4427,8862,696,704,1400,5131,5131,10262,Melbourne,398547,375089,773636,98504,76605,175109,497051,451694,948745
Melbourne,1993,2,4137,4128,8265,658,656,1314,4795,4784,9579,Melbourne,340121,340209,680330,79557,63380,142937,419678,403589,823267
Melbourne,1993,3,4343,4330,8673,712,710,1422,5055,5040,10095,Melbourne,359785,360336,720121,69987,76538,146525,429772,436874,866646
Melbourne,1993,4,4232,4225,8457,668,667,1335,4900,4892,9792,Melbourne,369312,366088,735400,69740,78228,147968,439052,444316,883368
Melbourne,1993,5,4242,4247,8489,678,684,1362,4920,4931,9851,Melbourne,330072,329765,659837,65965,78681,144646,396037,408446,804483
Melbourne,1993,6,4105,4100,8205,656,660,1316,4761,4760,9521,Melbourne,319357,321924,641281,60292,73036,133328,379649,394960,774609
Melbourne,1993,7,4402,4405,8807,690,681,1371,5092,5086,10178,Melbourne,345892,353226,699118,84257,75700,159957,430149,428926,859075
Melbourne,1993,8,4287,4278,8565,678,669,1347,4965,4947,9912,Melbourne,349060,344788,693848,70787,69189,139976,419847,413977,833824
Melbourne,1993,9,4277,4264,8541,669,660,1329,4946,4924,9870,Melbourne,377854,379206,757060,78905,82131,161036,456759,461337,918096
Melbourne,1993,10,4331,4309,8640,702,687,1389,5033,4996,10029,Melbourne,387627,376690,764317,93580,70868,164448,481207,447558,928765
Melbourne,1993,11,4182,4183,8365,655,646,1301,4837,4829,9666,Melbourne,384701,381309,766010,77864,81592,159456,462565,462901,925466
Melbourne,1993,12,4261,4273,8534,678,668,1346,4939,4941,9880,Melbourne,369318,386122,755440,80723,91768,172491,450041,477890,927931
Melbourne,1994,1,4169,4170,8339,673,664,1337,4842,4834,9676,Melbourne,404951,384566,789517,98571,78535,177106,503522,463101,966623
Melbourne,1994,2,3927,3925,7852,592,583,1175,4519,4508,9027,Melbourne,362983,361735,724718,81738,69912,151650,444721,431647,876368
Melbourne,1994,3,4491,4495,8986,645,639,1284,5136,5134,10270,Melbourne,411115,416493,827608,79814,83879,163693,490929,500372,991301
Melbourne,1994,4,4323,4314,8637,594,586,1180,4917,4900,9817,Melbourne,393690,388156,781846,73495,79473,152968,467185,467629,934814
Melbourne,1994,5,4478,4493,8971,614,601,1215,5092,5094,10186,Melbourne,360119,364693,724812,58306,70387,128693,418425,435080,853505
Melbourne,1994,6,4404,4399,8803,595,598,1193,4999,4997,9996,Melbourne,361675,366515,728190,65435,74695,140130,427110,441210,868320
Melbourne,1994,7,4690,4683,9373,630,621,1251,5320,5304,10624,Melbourne,408300,411275,819575,86147,78555,164702,494447,489830,984277
Melbourne,1994,8,4651,4654,9305,617,608,1225,5268,5262,10530,Melbourne,396788,393361,790149,70482,69829,140311,467270,463190,930460
Melbourne,1994,9,4606,4598,9204,600,589,1189,5206,5187,10393,Melbourne,430148,426165,856313,81325,77858,159183,511473,504023,1015496
Melbourne,1994,10,4671,4678,9349,618,607,1225,5289,5285,10574,Melbourne,446808,442173,888981,92148,69632,161780,538956,511805,1050761
Melbourne,1994,11,4589,4608,9197,619,599,1218,5208,5207,10415,Melbourne,429033,429990,859023,76058,74705,150763,505091,504695,1009786
Melbourne,1994,12,4772,4768,9540,640,631,1271,5412,5399,10811,Melbourne,405538,423545,829083,83669,96860,180529,489207,520405,1009612
Melbourne,1995,1,4590,4600,9190,640,623,1263,5230,5223,10453,Melbourne,458179,434940,893119,100753,84363,185116,558932,519303,1078235
Melbourne,1995,2,4370,4369,8739,586,575,1161,4956,4944,9900,Melbourne,408658,404102,812760,89076,71597,160673,497734,475699,973433
Melbourne,1995,3,4860,4835,9695,649,633,1282,5509,5468,10977,Melbourne,435074,438384,873458,79406,86624,166030,514480,525008,1039488
Melbourne,1995,4,4746,4717,9463,628,615,1243,5374,5332,10706,Melbourne,427337,427434,854771,80703,90710,171413,508040,518144,1026184
Melbourne,1995,5,4887,4878,9765,641,634,1275,5528,5512,11040,Melbourne,397559,394730,792289,64658,78944,143602,462217,473674,935891
Melbourne,1995,6,4748,4745,9493,628,611,1239,5376,5356,10732,Melbourne,391865,399859,791724,68130,79019,147149,459995,478878,938873
Melbourne,1995,7,4895,4893,9788,659,638,1297,5554,5531,11085,Melbourne,433361,433779,867140,94775,86375,181150,528136,520154,1048290
Melbourne,1995,8,4817,4825,9642,663,639,1302,5480,5464,10944,Melbourne,443770,439737,883507,76367,75661,152028,520137,515398,1035535
Melbourne,1995,9,4779,4771,9550,638,625,1263,5417,5396,10813,Melbourne,459958,461115,921073,83638,84493,168131,543596,545608,1089204
Melbourne,1995,10,5006,4991,9997,660,645,1305,5666,5636,11302,Melbourne,485851,468404,954255,97997,74702,172699,583848,543106,1126954
Melbourne,1995,11,4857,4856,9713,648,628,1276,5505,5484,10989,Melbourne,469087,465139,934226,86126,85560,171686,555213,550699,1105912
Melbourne,1995,12,4852,4842,9694,666,654,1320,5518,5496,11014,Melbourne,445480,457893,903373,87368,104109,191477,532848,562002,1094850
Melbourne,1996,1,4917,4913,9830,671,661,1332,5588,5574,11162,Melbourne,487874,466951,954825,108197,90293,198490,596071,557244,1153315
Melbourne,1996,2,4750,4728,9478,645,627,1272,5395,5355,10750,Melbourne,433680,433165,866845,98599,80253,178852,532279,513418,1045697
Melbourne,1996,3,5053,5034,10087,673,657,1330,5726,5691,11417,Melbourne,466398,465559,931957,87813,95860,183673,554211,561419,1115630
Melbourne,1996,4,4765,4759,9524,649,644,1293,5414,5403,10817,Melbourne,459532,461141,920673,84040,92566,176606,543572,553707,1097279
Melbourne,1996,5,4984,4960,9944,677,651,1328,5661,5611,11272,Melbourne,439984,437176,877160,69503,81521,151024,509487,518697,1028184
Melbourne,1996,6,4778,4770,9548,660,638,1298,5438,5408,10846,Melbourne,424732,438331,863063,77280,90626,167906,502012,528957,1030969
Melbourne,1996,7,5092,5067,10159,704,683,1387,5796,5750,11546,Melbourne,462384,455967,918351,96758,89717,186475,559142,545684,1104826
Melbourne,1996,8,5091,5067,10158,711,687,1398,5802,5754,11556,Melbourne,456895,454376,911271,82905,83209,166114,539800,537585,1077385
Melbourne,1996,9,5036,5028,10064,713,690,1403,5749,5718,11467,Melbourne,485791,493904,979695,95541,93994,189535,581332,587898,1169230
Melbourne,1996,10,5172,5150,10322,733,715,1448,5905,5865,11770,Melbourne,509060,486071,995131,109375,82925,192300,618435,568996,1187431
Melbourne,1996,11,4892,4837,9729,730,738,1468,5622,5575,11197,Melbourne,472650,469301,941951,96223,94909,191132,568873,564210,1133083
Melbourne,1996,12,4935,4903,9838,755,767,1522,5690,5670,11360,Melbourne,459920,476422,936342,97452,113750,211202,557372,590172,1147544
Melbourne,1997,1,4971,4927,9898,748,760,1508,5719,5687,11406,Melbourne,490272,462980,953252,116651,101626,218277,606923,564606,1171529
Melbourne,1997,2,4627,4584,9211,672,689,1361,5299,5273,10572,Melbourne,439940,429472,869412,103647,87652,191299,543587,517124,1060711
Melbourne,1997,3,5093,5049,10142,760,774,1534,5853,5823,11676,Melbourne,478645,483235,961880,96275,106030,202305,574920,589265,1164185
Melbourne,1997,4,5013,4976,9989,712,713,1425,5725,5689,11414,Melbourne,467902,468045,935947,86028,99197,185225,553930,567242,1121172
Melbourne,1997,5,4961,4917,9878,718,722,1440,5679,5639,11318,Melbourne,436047,432638,868685,75808,92620,168428,511855,525258,1037113
Melbourne,1997,6,4822,4813,9635,715,707,1422,5537,5520,11057,Melbourne,420463,438864,859327,82678,102864,185542,503141,541728,1044869
Melbourne,1997,7,5280,5242,10522,753,749,1502,6033,5991,12024,Melbourne,479192,467589,946781,119075,101440,220515,598267,569029,1167296
Melbourne,1997,8,5124,5093,10217,731,726,1457,5855,5819,11674,Melbourne,472068,478230,950298,89720,92333,182053,561788,570563,1132351
Melbourne,1997,9,5112,5084,10196,697,691,1388,5809,5775,11584,Melbourne,488548,493405,981953,100665,97582,198247,589213,590987,1180200
Melbourne,1997,10,5308,5257,10565,727,728,1455,6035,5985,12020,Melbourne,522230,503600,1025830,114239,89556,203795,636469,593156,1229625
Melbourne,1997,11,4949,4917,9866,717,732,1449,5666,5649,11315,Melbourne,475130,473813,948943,102028,98410,200438,577158,572223,1149381
Melbourne,1997,12,4952,4913,9865,750,762,1512,5702,5675,11377,Melbourne,454923,470480,925403,101490,115521,217011,556413,586001,1142414
Melbourne,1998,1,4969,4939,9908,744,754,1498,5713,5693,11406,Melbourne,500778,476022,976800,121117,103614,224731,621895,579636,1201531
Melbourne,1998,2,4641,4614,9255,673,683,1356,5314,5297,10611,Melbourne,440967,444971,885938,105516,85925,191441,546483,530896,1077379
Melbourne,1998,3,5220,5176,10396,739,751,1490,5959,5927,11886,Melbourne,493748,494423,988171,95787,102633,198420,589535,597056,1186591
Melbourne,1998,4,4993,4940,9933,707,727,1434,5700,5667,11367,Melbourne,470577,473301,943878,94513,102869,197382,565090,576170,1141260
Melbourne,1998,5,5090,5033,10123,747,762,1509,5837,5795,11632,Melbourne,454984,454741,909725,83776,98646,182422,538760,553387,1092147
Melbourne,1998,6,4983,4933,9916,710,730,1440,5693,5663,11356,Melbourne,438085,461836,899921,89343,102028,191371,527428,563864,1091292
Melbourne,1998,7,5316,5266,10582,738,758,1496,6054,6024,12078,Melbourne,482453,467373,949826,117443,101011,218454,599896,568384,1168280
Melbourne,1998,8,5196,5145,10341,737,753,1490,5933,5898,11831,Melbourne,462586,469214,931800,94701,99351,194052,557287,568565,1125852
Melbourne,1998,9,5240,5186,10426,725,746,1471,5965,5932,11897,Melbourne,489612,491907,981519,106918,103303,210221,596530,595210,1191740
Melbourne,1998,10,5376,5308,10684,769,777,1546,6145,6085,12230,Melbourne,528288,507857,1036145,126780,104283,231063,655068,612140,1267208
Melbourne,1998,11,5083,5048,10131,742,749,1491,5825,5797,11622,Melbourne,481394,485795,967189,110336,108228,218564,591730,594023,1185753
Melbourne,1998,12,5132,5101,10233,749,762,1511,5881,5863,11744,Melbourne,471560,486669,958229,114133,116878,231011,585693,603547,1189240
Melbourne,1999,1,5032,4988,10020,740,762,1502,5772,5750,11522,Melbourne,497237,472254,969491,127491,115103,242594,624728,587357,1212085
Melbourne,1999,2,4759,4707,9466,688,699,1387,5447,5406,10853,Melbourne,450049,449598,899647,110356,92370,202726,560405,541968,1102373
Melbourne,1999,3,5346,5298,10644,768,787,1555,6114,6085,12199,Melbourne,512027,517679,1029706,109040,115120,224160,621067,632799,1253866
Melbourne,1999,4,5180,5123,10303,758,781,1539,5938,5904,11842,Melbourne,480154,478857,959011,98771,107011,205782,578925,585868,1164793
Melbourne,1999,5,5262,5200,10462,776,795,1571,6038,5995,12033,Melbourne,466692,470483,937175,90036,98909,188945,556728,569392,1126120
Melbourne,1999,6,5104,5070,10174,755,780,1535,5859,5850,11709,Melbourne,459379,484799,944178,90952,108773,199725,550331,593572,1143903
Melbourne,1999,7,5457,5389,10846,786,812,1598,6243,6201,12444,Melbourne,507731,488543,996274,122390,101681,224071,630121,590224,1220345
Melbourne,1999,8,5407,5361,10768,789,806,1595,6196,6167,12363,Melbourne,495685,500247,995932,104990,112123,217113,600675,612370,1213045
Melbourne,1999,9,5395,5357,10752,773,780,1553,6168,6137,12305,Melbourne,533917,539107,1073024,116797,111411,228208,650714,650518,1301232
Melbourne,1999,10,5518,5463,10981,804,818,1622,6322,6281,12603,Melbourne,554977,538166,1093143,131764,109882,241646,686741,648048,1334789
Melbourne,1999,11,5241,5208,10449,835,832,1667,6076,6040,12116,Melbourne,506518,507340,1013858,119424,119592,239016,625942,626932,1252874
Melbourne,1999,12,5369,5339,10708,877,878,1755,6246,6217,12463,Melbourne,485192,504325,989517,113547,127274,240821,598739,631599,1230338
Melbourne,2000,1,5261,5230,10491,897,896,1793,6158,6126,12284,Melbourne,513364,486321,999685,138776,126770,265546,652140,613091,1265231
Melbourne,2000,2,5120,5093,10213,861,852,1713,5981,5945,11926,Melbourne,491067,489398,980465,126905,106335,233240,617972,595733,1213705
Melbourne,2000,3,5680,5656,11336,902,904,1806,6582,6560,13142,Melbourne,549175,553164,1102339,117411,127177,244588,666586,680341,1346927
Melbourne,2000,4,5467,5434,10901,869,884,1753,6336,6318,12654,Melbourne,514001,513710,1027711,121332,131042,252374,635333,644752,1280085
Melbourne,2000,5,5685,5652,11337,870,885,1755,6555,6537,13092,Melbourne,501060,504770,1005830,98769,119675,218444,599829,624445,1224274
Melbourne,2000,6,5800,5774,11574,835,856,1691,6635,6630,13265,Melbourne,509828,525527,1035355,102972,124957,227929,612800,650484,1263284
Melbourne,2000,7,6055,6017,12072,894,917,1811,6949,6934,13883,Melbourne,522892,504171,1027063,137987,118308,256295,660879,622479,1283358
Melbourne,2000,8,6195,6151,12346,890,910,1800,7085,7061,14146,Melbourne,543623,545181,1088804,117696,121887,239583,661319,667068,1328387
Melbourne,2000,9,6156,6120,12276,879,898,1777,7035,7018,14053,Melbourne,587775,611198,1198973,126498,126054,252552,714273,737252,1451525
Melbourne,2000,10,6426,6369,12795,903,920,1823,7329,7289,14618,Melbourne,607466,572647,1180113,145846,121279,267125,753312,693926,1447238
Melbourne,2000,11,6207,6209,12416,937,930,1867,7144,7139,14283,Melbourne,574704,573375,1148079,137152,136928,274080,711856,710303,1422159
Melbourne,2000,12,6287,6283,12570,1003,1006,2009,7290,7289,14579,Melbourne,561085,578245,1139330,147547,164326,311873,708632,742571,1451203
Melbourne,2001,1,6388,6369,12757,1023,1027,2050,7411,7396,14807,Melbourne,617640,592833,1210473,169109,152493,321602,786749,745326,1532075
Melbourne,2001,2,6081,6076,12157,933,923,1856,7014,6999,14013,Melbourne,517762,511939,1029701,145578,118058,263636,663340,629997,1293337
Melbourne,2001,3,6899,6896,13795,1028,1018,2046,7927,7914,15841,Melbourne,592581,600184,1192765,135343,146093,281436,727924,746277,1474201
Melbourne,2001,4,6567,6582,13149,986,997,1983,7553,7579,15132,Melbourne,598913,600820,1199733,137170,145603,282773,736083,746423,1482506
Melbourne,2001,5,6568,6565,13133,978,981,1959,7546,7546,15092,Melbourne,560544,558883,1119427,109605,131744,241349,670149,690627,1360776
Melbourne,2001,6,6165,6138,12303,950,963,1913,7115,7101,14216,Melbourne,538821,555298,1094119,120697,139429,260126,659518,694727,1354245
Melbourne,2001,7,6498,6469,12967,974,992,1966,7472,7461,14933,Melbourne,599694,594442,1194136,160488,135724,296212,760182,730166,1490348
Melbourne,2001,8,6528,6488,13016,979,1000,1979,7507,7488,14995,Melbourne,578353,576311,1154664,125942,135805,261747,704295,712116,1416411
Melbourne,2001,9,4789,4749,9538,936,943,1879,5725,5692,11417,Melbourne,494873,496323,991196,137268,134285,271553,632141,630608,1262749
Melbourne,2001,10,4814,4769,9583,962,982,1944,5776,5751,11527,Melbourne,500996,483214,984210,149864,117967,267831,650860,601181,1252041
Melbourne,2001,11,5044,5024,10068,914,927,1841,5958,5951,11909,Melbourne,521118,513200,1034318,128589,127943,256532,649707,641143,1290850
Melbourne,2001,12,5320,5295,10615,993,1012,2005,6313,6307,12620,Melbourne,522691,538416,1061107,148224,162551,310775,670915,700967,1371882
Melbourne,2002,1,5192,5168,10360,985,1002,1987,6177,6170,12347,Melbourne,580831,551074,1131905,168339,154245,322584,749170,705319,1454489
Melbourne,2002,2,4818,4800,9618,875,891,1766,5693,5691,11384,Melbourne,519722,507977,1027699,149598,124476,274074,669320,632453,1301773
Melbourne,2002,3,4821,4806,9627,971,991,1962,5792,5797,11589,Melbourne,543351,562766,1106117,152356,156881,309237,695707,719647,1415354
Melbourne,2002,4,4800,4788,9588,831,843,1674,5631,5631,11262,Melbourne,513909,500317,1014226,123765,129504,253269,637674,629821,1267495
Melbourne,2002,5,5041,5016,10057,835,857,1692,5876,5873,11749,Melbourne,505588,501610,1007198,107018,125821,232839,612606,627431,1240037
Melbourne,2002,6,4901,4889,9790,808,820,1628,5709,5709,11418,Melbourne,470175,486993,957168,113347,133486,246833,583522,620479,1204001
Melbourne,2002,7,5291,5285,10576,906,907,1813,6197,6192,12389,Melbourne,541290,528862,1070152,154111,130785,284896,695401,659647,1355048
Melbourne,2002,8,5225,5227,10452,902,899,1801,6127,6126,12253,Melbourne,535017,533705,1068722,128752,128883,257635,663769,662588,1326357
Melbourne,2002,9,5369,5368,10737,878,875,1753,6247,6243,12490,Melbourne,548333,560591,1108924,136250,134719,270969,684583,695310,1379893
Melbourne,2002,10,5624,5620,11244,895,897,1792,6519,6517,13036,Melbourne,595996,579916,1175912,158574,122869,281443,754570,702785,1457355
Melbourne,2002,11,5220,5223,10443,888,875,1763,6108,6098,12206,Melbourne,547188,550935,1098123,138174,132791,270965,685362,683726,1369088
Melbourne,2002,12,5322,5331,10653,942,925,1867,6264,6256,12520,Melbourne,548669,568334,1117003,147524,161483,309007,696193,729817,1426010
Melbourne,2003,1,5264,5274,10538,931,915,1846,6195,6189,12384,Melbourne,578067,556128,1134195,166711,148063,314774,744778,704191,1448969
Melbourne,2003,2,4800,4812,9612,841,825,1666,5641,5637,11278,Melbourne,520670,520133,1040803,147228,114253,261481,667898,634386,1302284
Melbourne,2003,3,5277,5289,10566,919,917,1836,6196,6206,12402,Melbourne,578354,581268,1159622,133746,129527,263273,712100,710795,1422895
Melbourne,2003,4,5103,5099,10202,853,854,1707,5956,5953,11909,Melbourne,549415,549432,1098847,107381,109427,216808,656796,658859,1315655
Melbourne,2003,5,5317,5298,10615,806,809,1615,6123,6107,12230,Melbourne,551368,548871,1100239,89779,100828,190607,641147,649699,1290846
Melbourne,2003,6,5059,5060,10119,767,768,1535,5826,5828,11654,Melbourne,528728,544608,1073336,98707,115855,214562,627435,660463,1287898
Melbourne,2003,7,5233,5236,10469,836,845,1681,6069,6081,12150,Melbourne,592750,577728,1170478,139891,122158,262049,732641,699886,1432527
Melbourne,2003,8,5164,5167,10331,884,883,1767,6048,6050,12098,Melbourne,588592,587153,1175745,123460,130276,253736,712052,717429,1429481
Melbourne,2003,9,5420,5412,10832,895,901,1796,6315,6313,12628,Melbourne,609163,617490,1226653,138353,137802,276155,747516,755292,1502808
Melbourne,2003,10,5540,5534,11074,952,940,1892,6492,6474,12966,Melbourne,652939,634182,1287121,162441,132267,294708,815380,766449,1581829
Melbourne,2003,11,5415,5411,10826,968,971,1939,6383,6382,12765,Melbourne,635661,638947,1274608,150928,155924,306852,786589,794871,1581460
Melbourne,2003,12,5621,5622,11243,1022,1027,2049,6643,6649,13292,Melbourne,628511,651331,1279842,162028,182501,344529,790539,833832,1624371
Melbourne,2004,1,5713,5714,11427,1046,1050,2096,6759,6764,13523,Melbourne,656860,627798,1284658,189024,168144,357168,845884,795942,1641826
Melbourne,2004,2,5425,5445,10870,969,969,1938,6394,6414,12808,Melbourne,597254,601902,1199156,168702,132445,301147,765956,734347,1500303
Melbourne,2004,3,5895,5919,11814,1052,1050,2102,6947,6969,13916,Melbourne,660843,667740,1328583,154264,159916,314180,815107,827656,1642763
Melbourne,2004,4,5649,5674,11323,1057,1058,2115,6706,6732,13438,Melbourne,635311,632452,1267763,154450,159451,313901,789761,791903,1581664
Melbourne,2004,5,5900,5904,11804,1082,1083,2165,6982,6987,13969,Melbourne,633193,633363,1266556,128728,148120,276848,761921,781483,1543404
Melbourne,2004,6,5925,5941,11866,1051,1054,2105,6976,6995,13971,Melbourne,623448,644929,1268377,136158,163641,299799,759606,808570,1568176
Melbourne,2004,7,6169,6186,12355,1155,1148,2303,7324,7334,14658,Melbourne,685661,669275,1354936,194163,152010,346173,879824,821285,1701109
Melbourne,2004,8,6244,6246,12490,1168,1178,2346,7412,7424,14836,Melbourne,678002,680488,1358490,148644,156785,305429,826646,837273,1663919
Melbourne,2004,9,6202,6209,12411,1163,1166,2329,7365,7375,14740,Melbourne,690578,694845,1385423,166366,162238,328604,856944,857083,1714027
Melbourne,2004,10,6279,6277,12556,1206,1206,2412,7485,7483,14968,Melbourne,709516,704727,1414243,194432,152197,346629,903948,856924,1760872
Melbourne,2004,11,6240,6224,12464,1156,1159,2315,7396,7383,14779,Melbourne,678563,678876,1357439,172338,175154,347492,850901,854030,1704931
Melbourne,2004,12,6332,6349,12681,1230,1225,2455,7562,7574,15136,Melbourne,654922,672404,1327326,185771,213294,399065,840693,885698,1726391
Melbourne,2005,1,6122,6138,12260,1217,1218,2435,7339,7356,14695,Melbourne,667736,649337,1317073,224188,189259,413447,891924,838596,1730520
Melbourne,2005,2,5702,5712,11414,1094,1087,2181,6796,6799,13595,Melbourne,617742,627651,1245393,189638,153315,342953,807380,780966,1588346
Melbourne,2005,3,6315,6335,12650,1165,1164,2329,7480,7499,14979,Melbourne,702608,713175,1415783,179860,180907,360767,882468,894082,1776550
Melbourne,2005,4,6115,6108,12223,1104,1104,2208,7219,7212,14431,Melbourne,681920,681424,1363344,165011,166036,331047,846931,847460,1694391
Melbourne,2005,5,6272,6270,12542,1121,1125,2246,7393,7395,14788,Melbourne,649439,654348,1303787,137456,161326,298782,786895,815674,1602569
Melbourne,2005,6,6140,6128,12268,1081,1084,2165,7221,7212,14433,Melbourne,631380,655685,1287065,147415,176352,323767,778795,832037,1610832
Melbourne,2005,7,6296,6294,12590,1137,1140,2277,7433,7434,14867,Melbourne,711087,698285,1409372,207364,164140,371504,918451,862425,1780876
Melbourne,2005,8,6397,6380,12777,1103,1108,2211,7500,7488,14988,Melbourne,695534,699834,1395368,162467,166456,328923,858001,866290,1724291
Melbourne,2005,9,6351,6335,12686,1075,1083,2158,7426,7418,14844,Melbourne,726488,735874,1462362,177772,169975,347747,904260,905849,1810109
Melbourne,2005,10,6348,6356,12704,1109,1107,2216,7457,7463,14920,Melbourne,734132,731126,1465258,202890,158173,361063,937022,889299,1826321
Melbourne,2005,11,6195,6192,12387,1059,1061,2120,7254,7253,14507,Melbourne,714523,715258,1429781,170855,178943,349798,885378,894201,1779579
Melbourne,2005,12,6349,6370,12719,1105,1105,2210,7454,7475,14929,Melbourne,693104,717437,1410541,185308,209529,394837,878412,926966,1805378
Melbourne,2006,1,6129,6137,12266,1099,1101,2200,7228,7238,14466,Melbourne,718468,695866,1414334,221854,188571,410425,940322,884437,1824759
Melbourne,2006,2,5857,5870,11727,994,994,1988,6851,6864,13715,Melbourne,633682,638290,1271972,190788,153505,344293,824470,791795,1616265
Melbourne,2006,3,6559,6561,13120,1066,1060,2126,7625,7621,15246,Melbourne,715770,712938,1428708,183635,176863,360498,899405,889801,1789206
Melbourne,2006,4,6057,6081,12138,949,953,1902,7006,7034,14040,Melbourne,684662,689231,1373893,161967,174747,336714,846629,863978,1710607
Melbourne,2006,5,6382,6391,12773,963,960,1923,7345,7351,14696,Melbourne,680308,686839,1367147,139726,163023,302749,820034,849862,1669896
Melbourne,2006,6,6165,6170,12335,942,940,1882,7107,7110,14217,Melbourne,671134,687726,1358860,157179,187538,344717,828313,875264,1703577
Melbourne,2006,7,6374,6405,12779,986,982,1968,7360,7387,14747,Melbourne,733713,727486,1461199,196492,157279,353771,930205,884765,1814970
Melbourne,2006,8,6411,6423,12834,984,983,1967,7395,7406,14801,Melbourne,732886,733370,1466256,163060,165438,328498,895946,898808,1794754
Melbourne,2006,9,6361,6383,12744,968,963,1931,7329,7346,14675,Melbourne,760866,745023,1505889,187117,180311,367428,947983,925334,1873317
Melbourne,2006,10,6568,6597,13165,969,969,1938,7537,7566,15103,Melbourne,781955,785887,1567842,198949,160761,359710,980904,946648,1927552
Melbourne,2006,11,6386,6415,12801,1009,1003,2012,7395,7418,14813,Melbourne,772161,769076,1541237,180335,182668,363003,952496,951744,1904240
Melbourne,2006,12,6413,6471,12884,1056,1056,2112,7469,7527,14996,Melbourne,752975,766266,1519241,200204,219280,419484,953179,985546,1938725
Melbourne,2007,1,6217,6241,12458,1055,1056,2111,7272,7297,14569,Melbourne,762461,744091,1506552,227278,202772,430050,989739,946863,1936602
Melbourne,2007,2,5882,5896,11778,972,968,1940,6854,6864,13718,Melbourne,676206,675627,1351833,196447,161820,358267,872653,837447,1710100
Melbourne,2007,3,6546,6575,13121,1053,1048,2101,7599,7623,15222,Melbourne,767156,775140,1542296,196256,193785,390041,963412,968925,1932337
Melbourne,2007,4,6152,6173,12325,974,967,1941,7126,7140,14266,Melbourne,736138,732239,1468377,178238,183063,361301,914376,915302,1829678
Melbourne,2007,5,6451,6484,12935,982,985,1967,7433,7469,14902,Melbourne,707706,709545,1417251,156746,175322,332068,864452,884867,1749319
Melbourne,2007,6,6179,6204,12383,959,958,1917,7138,7162,14300,Melbourne,689210,700137,1389347,168100,187830,355930,857310,887967,1745277
Melbourne,2007,7,6425,6456,12881,997,999,1996,7422,7455,14877,Melbourne,770581,768036,1538617,204486,180555,385041,975067,948591,1923658
Melbourne,2007,8,6538,6566,13104,999,997,1996,7537,7563,15100,Melbourne,773747,769472,1543219,182874,182956,365830,956621,952428,1909049
Melbourne,2007,9,6382,6403,12785,980,977,1957,7362,7380,14742,Melbourne,758147,770366,1528513,187800,191970,379770,945947,962336,1908283
Melbourne,2007,10,6667,6683,13350,1030,1025,2055,7697,7708,15405,Melbourne,828393,814414,1642807,217864,173005,390869,1046257,987419,2033676
Melbourne,2007,11,6577,6592,13169,1051,1049,2100,7628,7641,15269,Melbourne,814988,810240,1625228,194774,195578,390352,1009762,1005818,2015580
Melbourne,2007,12,6766,6807,13573,1077,1075,2152,7843,7882,15725,Melbourne,805261,826024,1631285,197752,227813,425565,1003013,1053837,2056850
Melbourne,2008,1,6845,6862,13707,1078,1074,2152,7923,7936,15859,Melbourne,848447,822829,1671276,233816,199579,433395,1082263,1022408,2104671
Melbourne,2008,2,6666,6677,13343,1007,999,2006,7673,7676,15349,Melbourne,804566,793116,1597682,204958,169355,374313,1009524,962471,1971995
Melbourne,2008,3,7083,7110,14193,1064,1063,2127,8147,8173,16320,Melbourne,865100,883525,1748625,201409,205233,406642,1066509,1088758,2155267
Melbourne,2008,4,6939,6951,13890,1050,1046,2096,7989,7997,15986,Melbourne,822051,806803,1628854,191257,185830,377087,1013308,992633,2005941
Melbourne,2008,5,7073,7096,14169,1084,1081,2165,8157,8177,16334,Melbourne,792439,791126,1583565,166679,188468,355147,959118,979594,1938712
Melbourne,2008,6,6678,6704,13382,1040,1043,2083,7718,7747,15465,Melbourne,756139,785495,1541634,178213,199813,378026,934352,985308,1919660
Melbourne,2008,7,6988,6996,13984,1094,1094,2188,8082,8090,16172,Melbourne,854051,827941,1681992,220372,184151,404523,1074423,1012092,2086515
Melbourne,2008,8,6854,6875,13729,1064,1068,2132,7918,7943,15861,Melbourne,815624,816699,1632323,186810,188092,374902,1002434,1004791,2007225
Melbourne,2008,9,6921,6937,13858,1047,1046,2093,7968,7983,15951,Melbourne,816503,832370,1648873,192424,189709,382133,1008927,1022079,2031006
Melbourne,2008,10,7263,7265,14528,1100,1096,2196,8363,8361,16724,Melbourne,896828,875920,1772748,222911,180151,403062,1119739,1056071,2175810
Melbourne,2008,11,6925,6955,13880,1096,1096,2192,8021,8051,16072,Melbourne,833876,832249,1666125,195450,199696,395146,1029326,1031945,2061271
Melbourne,2008,12,6901,6909,13810,1218,1215,2433,8119,8124,16243,Melbourne,825195,836494,1661689,205898,242270,448168,1031093,1078764,2109857
Melbourne,2009,1,6716,6720,13436,1222,1220,2442,7938,7940,15878,Melbourne,856085,833050,1689135,252477,212009,464486,1108562,1045059,2153621
Melbourne,2009,2,6050,6058,12108,1086,1072,2158,7136,7130,14266,Melbourne,746205,739743,1485948,210713,168227,378940,956918,907970,1864888
Melbourne,2009,3,6820,6831,13651,1206,1196,2402,8026,8027,16053,Melbourne,845636,852062,1697698,202276,196643,398919,1047912,1048705,2096617
Melbourne,2009,4,6662,6660,13322,1159,1160,2319,7821,7820,15641,Melbourne,829998,819781,1649779,204299,208083,412382,1034297,1027864,2062161
Melbourne,2009,5,6452,6456,12908,1151,1147,2298,7603,7603,15206,Melbourne,776173,775039,1551212,173774,197709,371483,949947,972748,1922695
Melbourne,2009,6,6288,6291,12579,1187,1178,2365,7475,7469,14944,Melbourne,721727,758140,1479867,178162,218630,396792,899889,976770,1876659
Melbourne,2009,7,6712,6721,13433,1261,1255,2516,7973,7976,15949,Melbourne,837988,809609,1647597,240001,197523,437524,1077989,1007132,2085121
Melbourne,2009,8,6494,6497,12991,1251,1248,2499,7745,7745,15490,Melbourne,823229,827693,1650922,203480,205689,409169,1026709,1033382,2060091
Melbourne,2009,9,6489,6499,12988,1202,1201,2403,7691,7700,15391,Melbourne,835205,851672,1686877,219950,222581,442531,1055155,1074253,2129408
Melbourne,2009,10,6859,6863,13722,1253,1247,2500,8112,8110,16222,Melbourne,898516,877825,1776341,249880,207089,456969,1148396,1084914,2233310
Melbourne,2009,11,6698,6723,13421,1236,1238,2474,7934,7961,15895,Melbourne,871745,868621,1740366,218576,228831,447407,1090321,1097452,2187773
Melbourne,2009,12,6735,6753,13488,1342,1343,2685,8077,8096,16173,Melbourne,840898,858578,1699476,234725,279025,513750,1075623,1137603,2213226
Melbourne,2010,1,6737,6750,13487,1371,1364,2735,8108,8114,16222,Melbourne,857377,826363,1683740,284826,243684,528510,1142203,1070047,2212250
Melbourne,2010,2,6394,6419,12813,1236,1236,2472,7630,7655,15285,Melbourne,802637,808660,1611297,243752,204449,448201,1046389,1013109,2059498
Melbourne,2010,3,7292,7311,14603,1340,1336,2676,8632,8647,17279,Melbourne,905092,921247,1826339,231673,239252,470925,1136765,1160499,2297264
Melbourne,2010,4,7174,7199,14373,1238,1233,2471,8412,8432,16844,Melbourne,896389,873538,1769927,220800,219940,440740,1117189,1093478,2210667
Melbourne,2010,5,7224,7248,14472,1272,1275,2547,8496,8523,17019,Melbourne,840775,841892,1682667,188710,221202,409912,1029485,1063094,2092579
Melbourne,2010,6,6977,7000,13977,1277,1275,2552,8254,8275,16529,Melbourne,819152,851471,1670623,208773,257409,466182,1027925,1108880,2136805
Melbourne,2010,7,7515,7525,15040,1366,1359,2725,8881,8884,17765,Melbourne,944778,913028,1857806,283636,231976,515612,1228414,1145004,2373418
Melbourne,2010,8,7318,7344,14662,1349,1350,2699,8667,8694,17361,Melbourne,913529,920169,1833698,231395,241959,473354,1144924,1162128,2307052
Melbourne,2010,9,7279,7291,14570,1332,1330,2662,8611,8621,17232,Melbourne,935099,941432,1876531,255664,259528,515192,1190763,1200960,2391723
Melbourne,2010,10,7477,7510,14987,1369,1371,2740,8846,8881,17727,Melbourne,981550,974228,1955778,286793,239495,526288,1268343,1213723,2482066
Melbourne,2010,11,7216,7242,14458,1337,1331,2668,8553,8573,17126,Melbourne,936055,926714,1862769,240786,250417,491203,1176841,1177131,2353972
Melbourne,2010,12,7598,7633,15231,1482,1480,2962,9080,9113,18193,Melbourne,933226,957852,1891078,265242,321150,586392,1198468,1279002,2477470
Melbourne,2011,1,7429,7445,14874,1515,1511,3026,8944,8956,17900,Melbourne,932364,895173,1827537,336970,290873,627843,1269334,1186046,2455380
Melbourne,2011,2,6490,6501,12991,1326,1321,2647,7816,7822,15638,Melbourne,807515,802662,1610177,274243,220878,495121,1081758,1023540,2105298
Melbourne,2011,3,7426,7438,14864,1413,1408,2821,8839,8846,17685,Melbourne,928617,924483,1853100,243754,237994,481748,1172371,1162477,2334848
Melbourne,2011,4,7150,7181,14331,1384,1378,2762,8534,8559,17093,Melbourne,915423,915413,1830836,250130,274680,524810,1165553,1190093,2355646
Melbourne,2011,5,7233,7276,14509,1391,1383,2774,8624,8659,17283,Melbourne,872415,876279,1748694,230962,247707,478669,1103377,1123986,2227363
Melbourne,2011,6,6605,6647,13252,1270,1273,2543,7875,7920,15795,Melbourne,797066,804285,1601351,223865,273382,497247,1020931,1077667,2098598
Melbourne,2011,7,6996,7036,14032,1440,1435,2875,8436,8471,16907,Melbourne,907802,900980,1808782,309728,262089,571817,1217530,1163069,2380599
Melbourne,2011,8,7078,7105,14183,1408,1410,2818,8486,8515,17001,Melbourne,875410,876729,1752139,259446,261977,521423,1134856,1138706,2273562
Melbourne,2011,9,6985,7007,13992,1372,1368,2740,8357,8375,16732,Melbourne,862222,882369,1744591,263756,282047,545803,1125978,1164416,2290394
Melbourne,2011,10,7114,7141,14255,1410,1412,2822,8524,8553,17077,Melbourne,933886,910870,1844756,306328,247114,553442,1240214,1157984,2398198
Melbourne,2011,11,7055,7087,14142,1431,1424,2855,8486,8511,16997,Melbourne,903717,890863,1794580,267990,269556,537546,1171707,1160419,2332126
Melbourne,2011,12,7275,7333,14608,1545,1547,3092,8820,8880,17700,Melbourne,879421,910582,1790003,281266,344223,625489,1160687,1254805,2415492
Melbourne,2012,1,7163,7194,14357,1581,1579,3160,8744,8773,17517,Melbourne,926139,886181,1812320,354018,306119,660137,1280157,1192300,2472457
Melbourne,2012,2,6935,6989,13924,1384,1382,2766,8319,8371,16690,Melbourne,830879,821103,1651982,291804,232419,524223,1122683,1053522,2176205
Melbourne,2012,3,7523,7564,15087,1474,1471,2945,8997,9035,18032,Melbourne,932200,936193,1868393,268269,279024,547293,1200469,1215217,2415686
Melbourne,2012,4,7253,7266,14519,1439,1447,2886,8692,8713,17405,Melbourne,897991,892848,1790839,266969,271006,537975,1164960,1163854,2328814
Melbourne,2012,5,7228,7246,14474,1409,1408,2817,8637,8654,17291,Melbourne,874047,871643,1745690,230069,259264,489333,1104116,1130907,2235023
Melbourne,2012,6,6871,6896,13767,1400,1400,2800,8271,8296,16567,Melbourne,836515,858023,1694538,248038,295361,543399,1084553,1153384,2237937
Melbourne,2012,7,7710,7736,15446,1506,1501,3007,9216,9237,18453,Melbourne,953894,944955,1898849,316164,261920,578084,1270058,1206875,2476933
Melbourne,2012,8,7628,7636,15264,1507,1498,3005,9135,9134,18269,Melbourne,935216,929624,1864840,271345,275906,547251,1206561,1205530,2412091
Melbourne,2012,9,7497,7535,15032,1463,1456,2919,8960,8991,17951,Melbourne,931489,954733,1886222,284472,291959,576431,1215961,1246692,2462653
Melbourne,2012,10,7753,7776,15529,1512,1511,3023,9265,9287,18552,Melbourne,1002582,981939,1984521,323971,261191,585162,1326553,1243130,2569683
Melbourne,2012,11,7655,7660,15315,1466,1458,2924,9121,9118,18239,Melbourne,1003285,988212,1991497,281637,289422,571059,1284922,1277634,2562556
Melbourne,2012,12,7545,7549,15094,1583,1580,3163,9128,9129,18257,Melbourne,939234,969425,1908659,302814,356081,658895,1242048,1325506,2567554
Melbourne,2013,1,7465,7458,14923,1599,1593,3192,9064,9051,18115,Melbourne,980802,928327,1909129,363773,309819,673592,1344575,1238146,2582721
Melbourne,2013,2,6774,6770,13544,1354,1347,2701,8128,8117,16245,Melbourne,857315,842347,1699662,290165,245270,535435,1147480,1087617,2235097
Melbourne,2013,3,7623,7669,15292,1537,1528,3065,9160,9197,18357,Melbourne,958278,995662,1953940,284291,298294,582585,1242569,1293956,2536525
Melbourne,2013,4,7485,7502,14987,1501,1495,2996,8986,8997,17983,Melbourne,957148,924505,1881653,284224,278932,563156,1241372,1203437,2444809
Melbourne,2013,5,7408,7422,14830,1499,1493,2992,8907,8915,17822,Melbourne,889504,893160,1782664,247987,284390,532377,1137491,1177550,2315041
Melbourne,2013,6,7109,7129,14238,1466,1467,2933,8575,8596,17171,Melbourne,861377,881739,1743116,266815,316664,583479,1128192,1198403,2326595
Melbourne,2013,7,7902,7892,15794,1620,1616,3236,9522,9508,19030,Melbourne,1027044,1007540,2034584,350003,299718,649721,1377047,1307258,2684305
Melbourne,2013,8,7701,7688,15389,1604,1604,3208,9305,9292,18597,Melbourne,978746,973072,1951818,309206,314962,624168,1287952,1288034,2575986
Melbourne,2013,9,7667,7685,15352,1577,1575,3152,9244,9260,18504,Melbourne,944229,957575,1901804,308437,314280,622717,1252666,1271855,2524521
Melbourne,2013,10,7965,7972,15937,1661,1655,3316,9626,9627,19253,Melbourne,1042381,1027168,2069549,347223,277637,624860,1389604,1304805,2694409
Melbourne,2013,11,7616,7629,15245,1586,1580,3166,9202,9209,18411,Melbourne,993447,978633,1972080,297331,296101,593432,1290778,1274734,2565512
Melbourne,2013,12,7765,7793,15558,1769,1769,3538,9534,9562,19096,Melbourne,990722,1017563,2008285,334315,392306,726621,1325037,1409869,2734906
Melbourne,2014,1,7618,7623,15241,1797,1787,3584,9415,9410,18825,Melbourne,1015397,972715,1988112,405925,345753,751678,1421322,1318468,2739790
Melbourne,2014,2,6941,6934,13875,1503,1503,3006,8444,8437,16881,Melbourne,879950,874523,1754473,317446,271754,589200,1197396,1146277,2343673
Melbourne,2014,3,7756,7768,15524,1657,1659,3316,9413,9427,18840,Melbourne,982380,989492,1971872,298547,301050,599597,1280927,1290542,2571469
Melbourne,2014,4,7609,7627,15236,1641,1649,3290,9250,9276,18526,Melbourne,970657,965801,1936458,314516,330983,645499,1285173,1296784,2581957
Melbourne,2014,5,7687,7697,15384,1633,1629,3262,9320,9326,18646,Melbourne,919075,914120,1833195,288008,311686,599694,1207083,1225806,2432889
Melbourne,2014,6,7461,7488,14949,1636,1634,3270,9097,9122,18219,Melbourne,883595,924070,1807665,283842,355095,638937,1167437,1279165,2446602
Melbourne,2014,7,7961,7978,15939,1780,1775,3555,9741,9753,19494,Melbourne,1022903,993072,2015975,396854,328613,725467,1419757,1321685,2741442
Melbourne,2014,8,7778,7773,15551,1717,1719,3436,9495,9492,18987,Melbourne,979763,975378,1955141,323724,340678,664402,1303487,1316056,2619543
Melbourne,2014,9,7818,7812,15630,1675,1673,3348,9493,9485,18978,Melbourne,966478,975178,1941656,337512,339350,676862,1303990,1314528,2618518
Melbourne,2014,10,8179,8173,16352,1706,1705,3411,9885,9878,19763,Melbourne,1084809,1063726,2148535,381908,312662,694570,1466717,1376388,2843105
Melbourne,2014,11,7636,7642,15278,1641,1640,3281,9277,9282,18559,Melbourne,1001601,994496,1996097,328293,335780,664073,1329894,1330276,2660170
Melbourne,2014,12,7915,7934,15849,1854,1859,3713,9769,9793,19562,Melbourne,994717,1020431,2015148,355406,417081,772487,1350123,1437512,2787635
Melbourne,2015,1,7761,7753,15514,1901,1894,3795,9662,9647,19309,Melbourne,1004854,948075,1952929,438126,370081,808207,1442980,1318156,2761136
Melbourne,2015,2,7099,7103,14202,1604,1603,3207,8703,8706,17409,Melbourne,900984,891650,1792634,365109,313219,678328,1266093,1204869,2470962
Melbourne,2015,3,8034,8045,16079,1746,1749,3495,9780,9794,19574,Melbourne,1005878,1039069,2044947,345323,371197,716520,1351201,1410266,2761467
Melbourne,2015,4,7830,7842,15672,1714,1724,3438,9544,9566,19110,Melbourne,996733,964471,1961204,340239,344512,684751,1336972,1308983,2645955
Melbourne,2015,5,7789,7833,15622,1648,1648,3296,9437,9481,18918,Melbourne,936622,936219,1872841,302738,334198,636936,1239360,1270417,2509777
Melbourne,2015,6,7721,7731,15452,1660,1659,3319,9381,9390,18771,Melbourne,892847,934705,1827552,308765,379573,688338,1201612,1314278,2515890
Melbourne,2015,7,8306,8303,16609,1815,1810,3625,10121,10113,20234,Melbourne,1088788,1042230,2131018,420433,358670,779103,1509221,1400900,2910121
Melbourne,2015,8,8054,8071,16125,1763,1762,3525,9817,9833,19650,Melbourne,987007,994987,1981994,363372,369533,732905,1350379,1364520,2714899
Melbourne,2015,9,8052,8053,16105,1724,1729,3453,9776,9782,19558,Melbourne,1003849,1002529,2006378,373604,370822,744426,1377453,1373351,2750804
Melbourne,2015,10,8304,8300,16604,1822,1813,3635,10126,10113,20239,Melbourne,1087942,1081715,2169657,422440,352894,775334,1510382,1434609,2944991
Melbourne,2015,11,7931,7946,15877,1760,1749,3509,9691,9695,19386,Melbourne,1040806,1038007,2078813,369057,367768,736825,1409863,1405775,2815638
Melbourne,2015,12,8127,8135,16262,2006,2010,4016,10133,10145,20278,Melbourne,1042951,1067979,2110930,408817,468826,877643,1451768,1536805,2988573
Melbourne,2016,1,7858,7868,15726,2056,2049,4105,9914,9917,19831,Melbourne,1054336,987466,2041802,479446,415848,895294,1533782,1403314,2937096
Melbourne,2016,2,7552,7557,15109,1791,1784,3575,9343,9341,18684,Melbourne,962294,958670,1920964,409332,354902,764234,1371626,1313572,2685198
Melbourne,2016,3,8130,8137,16267,1866,1876,3742,9996,10013,20009,Melbourne,1040159,1071754,2111913,375712,400070,775782,1415871,1471824,2887695
Melbourne,2016,4,7868,7889,15757,1796,1792,3588,9664,9681,19345,Melbourne,1034619,975844,2010463,377543,363931,741474,1412162,1339775,2751937
Melbourne,2016,5,7712,7730,15442,1767,1768,3535,9479,9498,18977,Melbourne,965286,979592,1944878,329015,361483,690498,1294301,1341075,2635376
Melbourne,2016,6,7531,7541,15072,1757,1754,3511,9288,9295,18583,Melbourne,934008,983208,1917216,344024,421392,765416,1278032,1404600,2682632
Melbourne,2016,7,8284,8332,16616,1914,1908,3822,10198,10240,20438,Melbourne,1099867,1051762,2151629,473996,402026,876022,1573863,1453788,3027651
Melbourne,2016,8,8159,8182,16341,1821,1825,3646,9980,10007,19987,Melbourne,1007425,1007861,2015286,387190,393644,780834,1394615,1401505,2796120
Melbourne,2016,9,8198,8231,16429,1784,1779,3563,9982,10010,19992,Melbourne,1059435,1055705,2115140,407615,395718,803333,1467050,1451423,2918473
Melbourne,2016,10,8254,8264,16518,1873,1864,3737,10127,10128,20255,Melbourne,1093450,1100268,2193718,439964,373475,813439,1533414,1473743,3007157
Melbourne,2016,11,7973,7991,15964,1818,1820,3638,9791,9811,19602,Melbourne,1081488,1066390,2147878,386213,394006,780219,1467701,1460396,2928097
Melbourne,2016,12,8139,8194,16333,2105,2105,4210,10244,10299,20543,Melbourne,1063853,1097863,2161716,444950,511091,956041,1508803,1608954,3117757
Melbourne,2017,1,7996,7998,15994,2137,2130,4267,10133,10128,20261,Melbourne,1090953,1037134,2128087,523394,456706,980100,1614347,1493840,3108187
Melbourne,2017,2,7281,7284,14565,1788,1790,3578,9069,9074,18143,Melbourne,936529,925300,1861829,424162,354176,778338,1360691,1279476,2640167
Melbourne,2017,3,8172,8175,16347,1882,1884,3766,10054,10059,20113,Melbourne,1067607,1069795,2137402,388096,397069,785165,1455703,1466864,2922567
Melbourne,2017,4,7793,7815,15608,1882,1883,3765,9675,9698,19373,Melbourne,1046704,1038005,2084709,421407,426800,848207,1468111,1464805,2932916
Melbourne,2017,5,7833,7831,15664,1775,1784,3559,9608,9615,19223,Melbourne,982991,993236,1976227,355754,384545,740299,1338745,1377781,2716526
Melbourne,2017,6,7634,7649,15283,1825,1826,3651,9459,9475,18934,Melbourne,966297,988130,1954427,368104,439357,807461,1334401,1427487,2761888
Melbourne,2017,7,8281,8303,16584,2042,2042,4084,10323,10345,20668,Melbourne,1109391,1101270,2210661,498958,427923,926881,1608349,1529193,3137542
Melbourne,2017,8,8092,8122,16214,1914,1914,3828,10006,10036,20042,Melbourne,1032519,1026705,2059224,417818,422697,840515,1450337,1449402,2899739
Melbourne,2017,9,8055,8070,16125,1930,1932,3862,9985,10002,19987,Melbourne,1047892,1061680,2109572,428355,438578,866933,1476247,1500258,2976505
Melbourne,2017,10,8327,8363,16690,2018,2017,4035,10345,10380,20725,Melbourne,1156852,1133498,2290350,486720,396510,883230,1643572,1530008,3173580
Melbourne,2017,11,8115,8136,16251,1982,1977,3959,10097,10113,20210,Melbourne,1115131,1106079,2221210,419680,431707,851387,1534811,1537786,3072597
Melbourne,2017,12,8196,8216,16412,2268,2260,4528,10464,10476,20940,Melbourne,1083418,1118622,2202040,478099,537167,1015266,1561517,1655789,3217306
Melbourne,2018,1,8094,8104,16198,2303,2306,4609,10397,10410,20807,Melbourne,1109308,1061660,2170968,547626,473098,1020724,1656934,1534758,3191692
Melbourne,2018,2,7337,7349,14686,1976,1975,3951,9313,9324,18637,Melbourne,968029,959519,1927548,469329,401858,871187,1437358,1361377,2798735
Melbourne,2018,3,8260,8277,16537,2124,2125,4249,10384,10402,20786,Melbourne,1098311,1128272,2226583,445563,464345,909908,1543874,1592617,3136491
Melbourne,2018,4,7961,7980,15941,2077,2082,4159,10038,10062,20100,Melbourne,1084246,1051772,2136018,453020,441242,894262,1537266,1493014,3030280
Melbourne,2018,5,7814,7827,15641,2006,2007,4013,9820,9834,19654,Melbourne,1000156,1007655,2007811,387395,413425,800820,1387551,1421080,2808631
Melbourne,2018,6,7480,7499,14979,2074,2076,4150,9554,9575,19129,Melbourne,962605,1010009,1972614,410590,492367,902957,1373195,1502376,2875571
Melbourne,2018,7,8197,8235,16432,2272,2276,4548,10469,10511,20980,Melbourne,1149198,1116250,2265448,538582,455634,994216,1687780,1571884,3259664
Melbourne,2018,8,7928,7980,15908,2184,2183,4367,10112,10163,20275,Melbourne,1074421,1068580,2143001,464566,473550,938116,1538987,1542130,3081117
Melbourne,2018,9,7891,7935,15826,2147,2149,4296,10038,10084,20122,Melbourne,1057707,1073931,2131638,471762,479739,951501,1529469,1553670,3083139
Melbourne,2018,10,8426,8451,16877,2224,2216,4440,10650,10667,21317,Melbourne,1166132,1142931,2309063,523788,436520,960308,1689920,1579451,3269371
Melbourne,2018,11,7967,7977,15944,2192,2191,4383,10159,10168,20327,Melbourne,1117298,1107531,2224829,461965,473126,935091,1579263,1580657,3159920
Melbourne,2018,12,7974,8004,15978,2350,2351,4701,10324,10355,20679,Melbourne,1066835,1110389,2177224,481836,562958,1044794,1548671,1673347,3222018
Melbourne,2019,1,8105,8120,16225,2384,2374,4758,10489,10494,20983,Melbourne,1121723,1066341,2188064,568799,501288,1070087,1690522,1567629,3258151
Melbourne,2019,2,7303,7317,14620,2068,2062,4130,9371,9379,18750,Melbourne,981359,971364,1952723,483548,405796,889344,1464907,1377160,2842067
Melbourne,2019,3,8118,8141,16259,2180,2175,4355,10298,10316,20614,Melbourne,1086603,1092582,2179185,441993,443824,885817,1528596,1536406,3065002
Melbourne,2019,4,8007,8013,16020,2130,2132,4262,10137,10145,20282,Melbourne,1087004,1087168,2174172,454777,480480,935257,1541781,1567648,3109429
Melbourne,2019,5,7866,7893,15759,2031,2030,4061,9897,9923,19820,Melbourne,1010459,1006610,2017069,414406,429113,843519,1424865,1435723,2860588
Melbourne,2019,6,7511,7555,15066,2078,2076,4154,9589,9631,19220,Melbourne,944965,1000243,1945208,413493,488023,901516,1358458,1488266,2846724
Melbourne,2019,7,8327,8354,16681,2249,2242,4491,10576,10596,21172,Melbourne,1142322,1109884,2252206,532482,460719,993201,1674804,1570603,3245407
Melbourne,2019,8,7901,7930,15831,2133,2137,4270,10034,10067,20101,Melbourne,1080083,1074712,2154795,469163,473554,942717,1549246,1548266,3097512
Melbourne,2019,9,7929,7957,15886,2074,2071,4145,10003,10028,20031,Melbourne,1069451,1092161,2161612,459116,468307,927423,1528567,1560468,3089035
Melbourne,2019,10,8396,8428,16824,2143,2135,4278,10539,10563,21102,Melbourne,1187346,1159072,2346418,504030,427549,931579,1691376,1586621,3277997
Melbourne,2019,11,7842,7887,15729,2164,2158,4322,10006,10045,20051,Melbourne,1122505,1098922,2221427,460493,466560,927053,1582998,1565482,3148480
Melbourne,2019,12,8050,8093,16143,2403,2398,4801,10453,10491,20944,Melbourne,1084222,1138546,2222768,495779,575352,1071131,1580001,1713898,3293899
Melbourne,2020,1,7760,7773,15533,2454,2454,4908,10214,10227,20441,Melbourne,1116371,1053603,2169974,581276,514803,1096079,1697647,1568406,3266053
Melbourne,2020,2,7249,7275,14524,1899,1904,3803,9148,9179,18327,Melbourne,921157,934726,1855883,408642,334254,742896,1329799,1268980,2598779
Melbourne,2020,3,6188,6209,12397,1466,1464,2930,7654,7673,15327,Melbourne,624922,619391,1244313,244268,227490,471758,869190,846881,1716071
Melbourne,2020,4,790,827,1617,295,290,585,1085,1117,2202,Melbourne,20061,21697,41758,5448,12355,17803,25509,34052,59561
Melbourne,2020,5,713,736,1449,389,378,767,1102,1114,2216,Melbourne,29128,28400,57528,5643,9003,14646,34771,37403,72174
Melbourne,2020,6,985,993,1978,326,332,658,1311,1325,2636,Melbourne,60190,62328,122518,6431,9456,15887,66621,71784,138405
Melbourne,2020,7,898,913,1811,367,359,726,1265,1272,2537,Melbourne,29537,31636,61173,49,12705,12754,29586,44341,73927
Melbourne,2020,8,554,559,1113,372,369,741,926,928,1854,Melbourne,6854,13444,20298,0,14761,14761,6854,28205,35059
Melbourne,2020,9,648,652,1300,383,381,764,1031,1033,2064,Melbourne,8430,14941,23371,0,12320,12320,8430,27261,35691
Melbourne,2020,10,648,658,1306,400,404,804,1048,1062,2110,Melbourne,12720,14654,27374,0,10603,10603,12720,25257,37977
Melbourne,2020,11,979,984,1963,429,429,858,1408,1413,2821,Melbourne,48680,50242,98922,511,8346,8857,49191,58588,107779
Melbourne,2020,12,3571,3592,7163,469,464,933,4040,4056,8096,Melbourne,340896,398933,739829,5098,10989,16087,345994,409922,755916
Melbourne,2021,1,3195,3207,6402,437,435,872,3632,3642,7274,Melbourne,338480,286543,625023,6753,10340,17093,345233,296883,642116
Melbourne,2021,2,2587,2609,5196,368,363,731,2955,2972,5927,Melbourne,207398,195779,403177,3119,8122,11241,210517,203901,414418
Melbourne,2021,3,4547,4562,9109,426,425,851,4973,4987,9960,Melbourne,479091,494543,973634,1798,8153,9951,480889,502696,983585
Melbourne,2021,4,6238,6282,12520,516,505,1021,6754,6787,13541,Melbourne,702091,692032,1394123,10375,16770,27145,712466,708802,1421268
Melbourne,2021,5,6127,6138,12265,622,617,1239,6749,6755,13504,Melbourne,599667,601938,1201605,25732,24656,50388,625399,626594,1251993
Melbourne,2021,6,2879,2895,5774,521,513,1034,3400,3408,6808,Melbourne,152189,168931,321120,10613,14502,25115,162802,183433,346235
Melbourne,2021,7,2964,2958,5922,630,602,1232,3594,3560,7154,Melbourne,225224,184414,409638,22227,26795,49022,247451,211209,458660
Melbourne,2021,8,1184,1195,2379,508,499,1007,1692,1694,3386,Melbourne,33142,25526,58668,3681,8033,11714,36823,33559,70382
Melbourne,2021,9,981,999,1980,507,507,1014,1488,1506,2994,Melbourne,15886,15063,30949,2201,7918,10119,18087,22981,41068
Melbourne,2021,10,980,994,1974,540,538,1078,1520,1532,3052,Melbourne,21168,15719,36887,2111,9855,11966,23279,25574,48853
Melbourne,2021,11,2142,2167,4309,576,580,1156,2718,2747,5465,Melbourne,165347,169714,335061,19788,25339,45127,185135,195053,380188
Melbourne,2021,12,5360,5415,10775,727,712,1439,6087,6127,12214,Melbourne,451517,522284,973801,64060,63649,127709,515577,585933,1101510
Melbourne,2022,1,5429,5453,10882,729,718,1447,6158,6171,12329,Melbourne,571917,515075,1086992,84811,58865,143676,656728,573940,1230668
Melbourne,2022,2,4490,4532,9022,722,694,1416,5212,5226,10438,Melbourne,496393,503676,1000069,89738,54225,143963,586131,557901,1144032
Melbourne,2022,3,6453,6483,12936,867,836,1703,7320,7319,14639,Melbourne,753316,751571,1504887,107926,95493,203419,861242,847064,1708306
Melbourne,2022,4,7693,7727,15420,976,964,1940,8669,8691,17360,Melbourne,958109,966159,1924268,157741,163915,321656,1115850,1130074,2245924
Melbourne,2022,5,7552,7595,15147,1066,1061,2127,8618,8656,17274,Melbourne,861600,868868,1730468,182478,180486,362964,1044078,1049354,2093432
Melbourne,2022,6,7305,7354,14659,1178,1172,2350,8483,8526,17009,Melbourne,886863,942296,1829159,211256,253957,465213,1098119,1196253,2294372
Melbourne,2022,7,7122,7134,14256,1401,1393,2794,8523,8527,17050,Melbourne,980671,937906,1918577,318139,273435,591574,1298810,1211341,2510151
Melbourne,2022,8,6964,6986,13950,1373,1376,2749,8337,8362,16699,Melbourne,871004,884415,1755419,289587,260606,550193,1160591,1145021,2305612
Melbourne,2022,9,7026,7067,14093,1382,1378,2760,8408,8445,16853,Melbourne,942733,938395,1881128,300395,284303,584698,1243128,1222698,2465826
Melbourne,2022,10,7190,7205,14395,1464,1456,2920,8654,8661,17315,Melbourne,962271,980846,1943117,335167,273556,608723,1297438,1254402,2551840
Melbourne,2022,11,7149,7179,14328,1620,1616,3236,8769,8795,17564,Melbourne,949257,930494,1879751,333340,322667,656007,1282597,1253161,2535758
Melbourne,2022,12,7430,7460,14890,1917,1935,3852,9347,9395,18742,Melbourne,918537,937459,1855996,353353,422088,775441,1271890,1359547,2631437
Melbourne,2023,1,7499,7537,15036,2022,2016,4038,9521,9553,19074,Melbourne,951384,924241,1875625,445135,385246,830381,1396519,1309487,2706006
Melbourne,2023,2,6671,6699,13370,1760,1746,3506,8431,8445,16876,Melbourne,821901,821353,1643254,381441,282806,664247,1203342,1104159,2307501
Melbourne,2023,3,7673,7714,15387,1930,1931,3861,9603,9645,19248,Melbourne,997609,978577,1976186,370815,352659,723474,1368424,1331236,2699660
Melbourne,2023,4,7555,7597,15152,2035,2035,4070,9590,9632,19222,Melbourne,948194,972933,1921127,380077,397622,777699,1328271,1370555,2698826
Melbourne,2023,5,7790,7805,15595,1962,1963,3925,9752,9768,19520,Melbourne,919970,928001,1847971,356854,382672,739526,1276824,1310673,2587497
Melbourne,2023,6,7389,7438,14827,2023,2028,4051,9412,9466,18878,Melbourne,891770,939062,1830832,376556,443993,820549,1268326,1383055,2651381
Melbourne,2023,7,7699,7724,15423,2234,2228,4462,9933,9952,19885,Melbourne,1009111,981811,1990922,499513,416165,915678,1508624,1397976,2906600
Melbourne,2023,8,7838,7861,15699,2171,2152,4323,10009,10013,20022,Melbourne,972529,981256,1953785,430491,418894,849385,1403020,1400150,2803170
Melbourne,2023,9,7665,7692,15357,2170,2164,4334,9835,9856,19691,Melbourne,1003307,988183,1991490,453183,438763,891946,1456490,1426946,2883436
Melbourne,2023,10,7912,7957,15869,2198,2194,4392,10110,10151,20261,Melbourne,1040251,1061215,2101466,481237,403512,884749,1521488,1464727,2986215
Melbourne,2023,11,7628,7647,15275,2187,2178,4365,9815,9825,19640,Melbourne,1040114,1028416,2068530,434191,441269,875460,1474305,1469685,2943990
Melbourne,2023,12,7722,7768,15490,2537,2534,5071,10259,10302,20561,Melbourne,997117,1032298,2029415,471322,557543,1028865,1468439,1589841,3058280
Melbourne,2024,1,8014,8040,16054,2603,2606,5209,10617,10646,21263,Melbourne,1031539,999175,2030714,596727,486240,1082967,1628266,1485415,3113681
Melbourne,2024,2,7468,7481,14949,2267,2260,4527,9735,9741,19476,Melbourne,959745,964951,1924696,505353,406356,911709,1465098,1371307,2836405
Melbourne,2024,3,7993,8009,16002,2344,2343,4687,10337,10352,20689,Melbourne,1018694,1056796,2075490,443524,468982,912506,1462218,1525778,2987996
Melbourne,2024,4,7956,7980,15936,2208,2211,4419,10164,10191,20355,Melbourne,1012617,979522,1992139,447712,432555,880267,1460329,1412077,2872406
Melbourne,2024,5,7686,7693,15379,2136,2138,4274,9822,9831,19653,Melbourne,941908,950149,1892057,393502,425979,819481,1335410,1376128,2711538
Melbourne,2024,6,7341,7350,14691,2172,2166,4338,9513,9516,19029,Melbourne,898479,930401,1828880,422064,497667,919731,1320543,1428068,2748611
Melbourne,2024,7,7892,7901,15793,2365,2358,4723,10257,10259,20516,Melbourne,1025230,1004008,2029238,541813,454904,996717,1567043,1458912,3025955
Melbourne,2024,8,7264,7259,14523,2308,2306,4614,9572,9565,19137,Melbourne,974574,976881,1951455,457352,464979,922331,1431926,1441860,2873786
Melbourne,2024,9,7480,7494,14974,2246,2245,4491,9726,9739,19465,Melbourne,990948,1014630,2005578,478422,498163,976585,1469370,1512793,2982163
Melbourne,2024,10,7685,7693,15378,2295,2289,4584,9980,9982,19962,Melbourne,1089673,1061218,2150891,529782,440179,969961,1619455,1501397,3120852
Melbourne,2024,11,7178,7180,14358,2315,2305,4620,9493,9485,18978,Melbourne,1037770,1029025,2066795,465419,484580,949999,1503189,1513605,3016794
Melbourne,2024,12,7423,7430,14853,2743,2746,5489,10166,10176,20342,Melbourne,1025797,1050246,2076043,517804,635978,1153782,1543601,1686224,3229825
Melbourne,2025,1,7468,7478,14946,2878,2877,5755,10346,10355,20701,Melbourne,1083639,1047675,2131314,677817,575267,1253084,1761456,1622942,3384398
Melbourne,2025,2,6595,6608,13203,2374,2390,4764,8969,8998,17967,Melbourne,886247,898423,1784670,528877,409925,938802,1415124,1308348,2723472
Melbourne,2025,3,7335,7347,14682,2371,2385,4756,9706,9732,19438,Melbourne,988838,1001238,1990076,468957,462316,931273,1457795,1463554,2921349
Melbourne,2025,4,7633,7635,15268,2360,2372,4732,9993,10007,20000,Melbourne,1032849,1029293,2062142,493707,528917,1022624,1526556,1558210,3084766
Melbourne,2025,5,7370,7368,14738,2248,2254,4502,9618,9622,19240,Melbourne,953304,956905,1910209,449863,460578,910441,1403167,1417483,2820650
Melbourne,2025,6,7138,7153,14291,2220,2227,4447,9358,9380,18738,Melbourne,911611,928846,1840457,438513,499735,938248,1350124,1428581,2778705
Newcastle,1985,1,412,413,825,0,0,0,412,413,825,Newcastle,6739,6742,13481,0,0,0,6739,6742,13481
Newcastle,1985,2,417,417,834,0,0,0,417,417,834,Newcastle,4634,4662,9296,0,0,0,4634,4662,9296
Newcastle,1985,3,447,451,898,0,0,0,447,451,898,Newcastle,5237,5279,10516,0,0,0,5237,5279,10516
Newcastle,1985,4,419,419,838,0,0,0,419,419,838,Newcastle,5624,5655,11279,0,0,0,5624,5655,11279
Newcastle,1985,5,458,458,916,0,0,0,458,458,916,Newcastle,5694,5792,11486,0,0,0,5694,5792,11486
Newcastle,1985,6,418,418,836,0,0,0,418,418,836,Newcastle,5194,5228,10422,0,0,0,5194,5228,10422
Newcastle,1985,7,415,415,830,0,0,0,415,415,830,Newcastle,5617,5934,11551,0,0,0,5617,5934,11551
Newcastle,1985,8,436,436,872,0,0,0,436,436,872,Newcastle,5387,5506,10893,0,0,0,5387,5506,10893
Newcastle,1985,9,444,444,888,0,0,0,444,444,888,Newcastle,6213,6067,12280,0,0,0,6213,6067,12280
Newcastle,1985,10,475,475,950,0,0,0,475,475,950,Newcastle,6425,6356,12781,0,0,0,6425,6356,12781
Newcastle,1985,11,450,450,900,0,0,0,450,450,900,Newcastle,5815,5817,11632,0,0,0,5815,5817,11632
Newcastle,1985,12,432,432,864,0,0,0,432,432,864,Newcastle,6299,6324,12623,0,0,0,6299,6324,12623
Newcastle,1986,1,380,380,760,0,0,0,380,380,760,Newcastle,6387,6361,12748,0,0,0,6387,6361,12748
Newcastle,1986,2,428,428,856,0,0,0,428,428,856,Newcastle,5351,5324,10675,0,0,0,5351,5324,10675
Newcastle,1986,3,458,457,915,0,0,0,458,457,915,Newcastle,6130,6151,12281,0,0,0,6130,6151,12281
Newcastle,1986,4,391,391,782,0,0,0,391,391,782,Newcastle,3233,3242,6475,0,0,0,3233,3242,6475
Newcastle,1986,5,432,431,863,0,0,0,432,431,863,Newcastle,4777,4766,9543,0,0,0,4777,4766,9543
Newcastle,1986,6,384,385,769,0,0,0,384,385,769,Newcastle,2967,2929,5896,0,0,0,2967,2929,5896
Newcastle,1986,7,399,399,798,0,0,0,399,399,798,Newcastle,2775,2826,5601,0,0,0,2775,2826,5601
Newcastle,1986,8,389,388,777,0,0,0,389,388,777,Newcastle,3248,3429,6677,0,0,0,3248,3429,6677
Newcastle,1986,9,396,396,792,0,0,0,396,396,792,Newcastle,3454,3225,6679,0,0,0,3454,3225,6679
Newcastle,1986,10,390,390,780,0,0,0,390,390,780,Newcastle,3600,3626,7226,0,0,0,3600,3626,7226
Newcastle,1986,11,385,386,771,0,0,0,385,386,771,Newcastle,3254,3336,6590,0,0,0,3254,3336,6590
Newcastle,1986,12,372,373,745,0,0,0,372,373,745,Newcastle,3534,3441,6975,0,0,0,3534,3441,6975
Newcastle,1987,1,327,327,654,0,0,0,327,327,654,Newcastle,3252,3318,6570,0,0,0,3252,3318,6570
Newcastle,1987,2,346,345,691,0,0,0,346,345,691,Newcastle,2600,2568,5168,0,0,0,2600,2568,5168
Newcastle,1987,3,357,357,714,0,0,0,357,357,714,Newcastle,2835,2891,5726,0,0,0,2835,2891,5726
Newcastle,1987,4,334,335,669,0,0,0,334,335,669,Newcastle,2947,3039,5986,0,0,0,2947,3039,5986
Newcastle,1987,5,349,348,697,0,0,0,349,348,697,Newcastle,2540,2520,5060,0,0,0,2540,2520,5060
Newcastle,1987,6,354,354,708,0,0,0,354,354,708,Newcastle,2824,2847,5671,0,0,0,2824,2847,5671
Newcastle,1987,7,366,366,732,0,0,0,366,366,732,Newcastle,2918,2929,5847,0,0,0,2918,2929,5847
Newcastle,1987,8,362,360,722,0,0,0,362,360,722,Newcastle,2568,2432,5000,0,0,0,2568,2432,5000
Newcastle,1987,9,347,345,692,0,0,0,347,345,692,Newcastle,2890,2951,5841,0,0,0,2890,2951,5841
Newcastle,1987,10,344,344,688,0,0,0,344,344,688,Newcastle,2699,2652,5351,0,0,0,2699,2652,5351
Newcastle,1987,11,364,360,724,0,0,0,364,360,724,Newcastle,2655,2553,5208,0,0,0,2655,2553,5208
Newcastle,1987,12,350,350,700,0,0,0,350,350,700,Newcastle,2795,2831,5626,0,0,0,2795,2831,5626
Newcastle,1988,1,295,295,590,0,0,0,295,295,590,Newcastle,2890,2801,5691,0,0,0,2890,2801,5691
Newcastle,1988,2,287,287,574,0,0,0,287,287,574,Newcastle,2504,2467,4971,0,0,0,2504,2467,4971
Newcastle,1988,3,315,315,630,0,0,0,315,315,630,Newcastle,2641,2767,5408,0,0,0,2641,2767,5408
Newcastle,1988,4,285,287,572,0,0,0,285,287,572,Newcastle,2578,2611,5189,0,0,0,2578,2611,5189
Newcastle,1988,5,309,309,618,0,0,0,309,309,618,Newcastle,3115,3184,6299,0,0,0,3115,3184,6299
Newcastle,1988,6,295,295,590,0,0,0,295,295,590,Newcastle,2844,2780,5624,0,0,0,2844,2780,5624
Newcastle,1988,7,313,314,627,0,0,0,313,314,627,Newcastle,3104,3204,6308,0,0,0,3104,3204,6308
Newcastle,1988,8,399,399,798,0,0,0,399,399,798,Newcastle,3321,3466,6787,0,0,0,3321,3466,6787
Newcastle,1988,9,389,389,778,0,0,0,389,389,778,Newcastle,3629,3745,7374,0,0,0,3629,3745,7374
Newcastle,1988,10,393,393,786,0,0,0,393,393,786,Newcastle,3781,3741,7522,0,0,0,3781,3741,7522
Newcastle,1988,11,389,389,778,0,0,0,389,389,778,Newcastle,2772,2920,5692,0,0,0,2772,2920,5692
Newcastle,1988,12,312,312,624,0,0,0,312,312,624,Newcastle,2650,2786,5436,0,0,0,2650,2786,5436
Newcastle,1989,1,258,258,516,0,0,0,258,258,516,Newcastle,2454,2464,4918,0,0,0,2454,2464,4918
Newcastle,1989,2,238,238,476,0,0,0,238,238,476,Newcastle,2141,2183,4324,0,0,0,2141,2183,4324
Newcastle,1989,3,255,254,509,0,0,0,255,254,509,Newcastle,2825,2896,5721,0,0,0,2825,2896,5721
Newcastle,1989,4,197,198,395,0,0,0,197,198,395,Newcastle,2368,2262,4630,0,0,0,2368,2262,4630
Newcastle,1989,5,210,209,419,0,0,0,210,209,419,Newcastle,2304,2328,4632,0,0,0,2304,2328,4632
Newcastle,1989,6,213,213,426,0,0,0,213,213,426,Newcastle,2372,2485,4857,0,0,0,2372,2485,4857
Newcastle,1989,7,74,74,148,0,0,0,74,74,148,Newcastle,974,933,1907,0,0,0,974,933,1907
Newcastle,1989,8,45,45,90,0,0,0,45,45,90,Newcastle,461,413,874,0,0,0,461,413,874
Newcastle,1989,9,215,215,430,0,0,0,215,215,430,Newcastle,546,486,1032,0,0,0,546,486,1032
Newcastle,1989,10,274,270,544,0,0,0,274,270,544,Newcastle,1037,1027,2064,0,0,0,1037,1027,2064
Newcastle,1989,11,281,285,566,0,0,0,281,285,566,Newcastle,1247,1238,2485,0,0,0,1247,1238,2485
Newcastle,1989,12,258,258,516,0,0,0,258,258,516,Newcastle,1338,1384,2722,0,0,0,1338,1384,2722
Newcastle,1990,1,255,256,511,0,0,0,255,256,511,Newcastle,1698,1601,3299,0,0,0,1698,1601,3299
Newcastle,1990,2,208,212,420,0,0,0,208,212,420,Newcastle,1168,1109,2277,0,0,0,1168,1109,2277
Newcastle,1990,3,274,277,551,0,0,0,274,277,551,Newcastle,1777,1722,3499,0,0,0,1777,1722,3499
Newcastle,1990,4,291,285,576,0,0,0,291,285,576,Newcastle,1842,1851,3693,0,0,0,1842,1851,3693
Newcastle,1990,5,418,420,838,0,0,0,418,420,838,Newcastle,2088,2017,4105,0,0,0,2088,2017,4105
Newcastle,1990,6,402,404,806,0,0,0,402,404,806,Newcastle,1975,2089,4064,0,0,0,1975,2089,4064
Newcastle,1990,7,415,314,729,0,0,0,415,314,729,Newcastle,2240,1819,4059,0,0,0,2240,1819,4059
Newcastle,1990,8,383,280,663,0,0,0,383,280,663,Newcastle,1839,1622,3461,0,0,0,1839,1622,3461
Newcastle,1990,9,453,326,779,0,0,0,453,326,779,Newcastle,2284,2291,4575,0,0,0,2284,2291,4575
Newcastle,1990,10,514,328,842,0,0,0,514,328,842,Newcastle,2882,2071,4953,0,0,0,2882,2071,4953
Newcastle,1990,11,422,293,715,0,0,0,422,293,715,Newcastle,2477,2329,4806,0,0,0,2477,2329,4806
Newcastle,1990,12,397,270,667,0,0,0,397,270,667,Newcastle,2374,2207,4581,0,0,0,2374,2207,4581
Newcastle,1991,1,442,443,885,0,0,0,442,443,885,Newcastle,2386,2180,4566,0,0,0,2386,2180,4566
Newcastle,1991,2,413,413,826,0,0,0,413,413,826,Newcastle,2178,2156,4334,0,0,0,2178,2156,4334
Newcastle,1991,3,463,462,925,0,0,0,463,462,925,Newcastle,2662,2675,5337,0,0,0,2662,2675,5337
Newcastle,1991,4,488,479,967,0,0,0,488,479,967,Newcastle,2668,2607,5275,0,0,0,2668,2607,5275
Newcastle,1991,5,462,459,921,0,0,0,462,459,921,Newcastle,2289,2133,4422,0,0,0,2289,2133,4422
Newcastle,1991,6,421,444,865,0,0,0,421,444,865,Newcastle,1937,1946,3883,0,0,0,1937,1946,3883
Newcastle,1991,7,456,462,918,0,0,0,456,462,918,Newcastle,2222,2121,4343,0,0,0,2222,2121,4343
Newcastle,1991,8,446,440,886,0,0,0,446,440,886,Newcastle,1897,1850,3747,0,0,0,1897,1850,3747
Newcastle,1991,9,438,443,881,0,0,0,438,443,881,Newcastle,2162,2156,4318,0,0,0,2162,2156,4318
Newcastle,1991,10,415,531,946,0,0,0,415,531,946,Newcastle,2320,2185,4505,0,0,0,2320,2185,4505
Newcastle,1991,11,411,435,846,0,0,0,411,435,846,Newcastle,2257,2131,4388,0,0,0,2257,2131,4388
Newcastle,1991,12,361,352,713,0,0,0,361,352,713,Newcastle,2253,2255,4508,0,0,0,2253,2255,4508
Newcastle,1992,1,372,309,681,0,0,0,372,309,681,Newcastle,2102,1948,4050,0,0,0,2102,1948,4050
Newcastle,1992,2,278,277,555,0,0,0,278,277,555,Newcastle,1882,1854,3736,0,0,0,1882,1854,3736
Newcastle,1992,3,332,331,663,0,0,0,332,331,663,Newcastle,2050,2143,4193,0,0,0,2050,2143,4193
Newcastle,1992,4,319,333,652,0,0,0,319,333,652,Newcastle,2469,2558,5027,0,0,0,2469,2558,5027
Newcastle,1992,5,432,435,867,0,0,0,432,435,867,Newcastle,2533,2532,5065,0,0,0,2533,2532,5065
Newcastle,1992,6,421,420,841,0,0,0,421,420,841,Newcastle,2395,2395,4790,0,0,0,2395,2395,4790
Newcastle,1992,7,442,442,884,0,0,0,442,442,884,Newcastle,2798,2850,5648,0,0,0,2798,2850,5648
Newcastle,1992,8,409,412,821,0,0,0,409,412,821,Newcastle,2368,2379,4747,0,0,0,2368,2379,4747
Newcastle,1992,9,413,412,825,0,0,0,413,412,825,Newcastle,2924,2865,5789,0,0,0,2924,2865,5789
Newcastle,1992,10,424,423,847,0,0,0,424,423,847,Newcastle,3077,3027,6104,0,0,0,3077,3027,6104
Newcastle,1992,11,422,423,845,0,0,0,422,423,845,Newcastle,3763,3685,7448,0,0,0,3763,3685,7448
Newcastle,1992,12,407,410,817,0,0,0,407,410,817,Newcastle,2963,2969,5932,0,0,0,2963,2969,5932
Newcastle,1993,1,371,373,744,0,0,0,371,373,744,Newcastle,3600,3657,7257,0,0,0,3600,3657,7257
Newcastle,1993,2,356,363,719,0,0,0,356,363,719,Newcastle,3105,3006,6111,0,0,0,3105,3006,6111
Newcastle,1993,3,390,371,761,0,0,0,390,371,761,Newcastle,3369,3329,6698,0,0,0,3369,3329,6698
Newcastle,1993,4,372,361,733,0,0,0,372,361,733,Newcastle,3467,3411,6878,0,0,0,3467,3411,6878
Newcastle,1993,5,377,352,729,0,0,0,377,352,729,Newcastle,3538,3513,7051,0,0,0,3538,3513,7051
Newcastle,1993,6,359,346,705,0,0,0,359,346,705,Newcastle,3442,3487,6929,0,0,0,3442,3487,6929
Newcastle,1993,7,365,364,729,0,0,0,365,364,729,Newcastle,3807,3774,7581,0,0,0,3807,3774,7581
Newcastle,1993,8,382,381,763,0,0,0,382,381,763,Newcastle,3989,3809,7798,0,0,0,3989,3809,7798
Newcastle,1993,9,391,387,778,0,0,0,391,387,778,Newcastle,4279,4133,8412,0,0,0,4279,4133,8412
Newcastle,1993,10,385,388,773,0,0,0,385,388,773,Newcastle,4116,4048,8164,0,0,0,4116,4048,8164
Newcastle,1993,11,421,424,845,0,0,0,421,424,845,Newcastle,4253,4211,8464,0,0,0,4253,4211,8464
Newcastle,1993,12,465,463,928,0,0,0,465,463,928,Newcastle,4670,4524,9194,0,0,0,4670,4524,9194
Newcastle,1994,1,470,471,941,0,0,0,470,471,941,Newcastle,4638,4716,9354,0,0,0,4638,4716,9354
Newcastle,1994,2,443,445,888,0,0,0,443,445,888,Newcastle,4158,4057,8215,0,0,0,4158,4057,8215
Newcastle,1994,3,492,494,986,0,0,0,492,494,986,Newcastle,4863,4878,9741,0,0,0,4863,4878,9741
Newcastle,1994,4,455,448,903,0,0,0,455,448,903,Newcastle,4574,4412,8986,0,0,0,4574,4412,8986
Newcastle,1994,5,468,463,931,0,0,0,468,463,931,Newcastle,4279,4309,8588,0,0,0,4279,4309,8588
Newcastle,1994,6,460,458,918,0,0,0,460,458,918,Newcastle,4181,4210,8391,0,0,0,4181,4210,8391
Newcastle,1994,7,468,466,934,0,0,0,468,466,934,Newcastle,3545,3327,6872,0,0,0,3545,3327,6872
Newcastle,1994,8,447,445,892,0,0,0,447,445,892,Newcastle,3586,3391,6977,0,0,0,3586,3391,6977
Newcastle,1994,9,437,434,871,0,0,0,437,434,871,Newcastle,4254,4376,8630,0,0,0,4254,4376,8630
Newcastle,1994,10,468,463,931,0,0,0,468,463,931,Newcastle,4796,4520,9316,0,0,0,4796,4520,9316
Newcastle,1994,11,439,443,882,0,0,0,439,443,882,Newcastle,4540,4508,9048,0,0,0,4540,4508,9048
Newcastle,1994,12,472,472,944,0,0,0,472,472,944,Newcastle,4977,4961,9938,0,0,0,4977,4961,9938
Newcastle,1995,1,487,481,968,0,0,0,487,481,968,Newcastle,4751,4815,9566,0,0,0,4751,4815,9566
Newcastle,1995,2,491,481,972,0,0,0,491,481,972,Newcastle,5242,5192,10434,0,0,0,5242,5192,10434
Newcastle,1995,3,539,538,1077,0,0,0,539,538,1077,Newcastle,5987,6146,12133,0,0,0,5987,6146,12133
Newcastle,1995,4,519,513,1032,0,0,0,519,513,1032,Newcastle,5927,5729,11656,0,0,0,5927,5729,11656
Newcastle,1995,5,530,526,1056,0,0,0,530,526,1056,Newcastle,5832,6117,11949,0,0,0,5832,6117,11949
Newcastle,1995,6,497,498,995,0,0,0,497,498,995,Newcastle,5456,5476,10932,0,0,0,5456,5476,10932
Newcastle,1995,7,457,448,905,0,0,0,457,448,905,Newcastle,4464,4441,8905,0,0,0,4464,4441,8905
Newcastle,1995,8,419,420,839,0,0,0,419,420,839,Newcastle,4109,3988,8097,0,0,0,4109,3988,8097
Newcastle,1995,9,400,399,799,0,0,0,400,399,799,Newcastle,4179,4369,8548,0,0,0,4179,4369,8548
Newcastle,1995,10,479,477,956,0,0,0,479,477,956,Newcastle,4812,4636,9448,0,0,0,4812,4636,9448
Newcastle,1995,11,520,515,1035,0,0,0,520,515,1035,Newcastle,4782,4872,9654,0,0,0,4782,4872,9654
Newcastle,1995,12,533,531,1064,0,0,0,533,531,1064,Newcastle,4349,4450,8799,0,0,0,4349,4450,8799
Newcastle,1996,1,520,520,1040,0,0,0,520,520,1040,Newcastle,3953,3896,7849,0,0,0,3953,3896,7849
Newcastle,1996,2,502,505,1007,0,0,0,502,505,1007,Newcastle,4219,4245,8464,0,0,0,4219,4245,8464
Newcastle,1996,3,518,515,1033,0,0,0,518,515,1033,Newcastle,4497,4624,9121,0,0,0,4497,4624,9121
Newcastle,1996,4,545,547,1092,0,0,0,545,547,1092,Newcastle,4585,4508,9093,0,0,0,4585,4508,9093
Newcastle,1996,5,573,560,1133,0,0,0,573,560,1133,Newcastle,4654,4832,9486,0,0,0,4654,4832,9486
Newcastle,1996,6,552,550,1102,0,0,0,552,550,1102,Newcastle,4300,4335,8635,0,0,0,4300,4335,8635
Newcastle,1996,7,519,522,1041,0,0,0,519,522,1041,Newcastle,4481,4529,9010,0,0,0,4481,4529,9010
Newcastle,1996,8,467,468,935,0,0,0,467,468,935,Newcastle,4354,4605,8959,0,0,0,4354,4605,8959
Newcastle,1996,9,464,463,927,0,0,0,464,463,927,Newcastle,4452,4506,8958,0,0,0,4452,4506,8958
Newcastle,1996,10,481,479,960,0,0,0,481,479,960,Newcastle,4618,4555,9173,0,0,0,4618,4555,9173
Newcastle,1996,11,491,485,976,0,0,0,491,485,976,Newcastle,4238,4310,8548,0,0,0,4238,4310,8548
Newcastle,1996,12,476,476,952,0,0,0,476,476,952,Newcastle,4196,3924,8120,0,0,0,4196,3924,8120
Newcastle,1997,1,352,350,702,0,0,0,352,350,702,Newcastle,3303,3371,6674,0,0,0,3303,3371,6674
Newcastle,1997,2,458,468,926,0,0,0,458,468,926,Newcastle,4198,4270,8468,0,0,0,4198,4270,8468
Newcastle,1997,3,524,531,1055,0,0,0,524,531,1055,Newcastle,4772,4828,9600,0,0,0,4772,4828,9600
Newcastle,1997,4,526,533,1059,0,0,0,526,533,1059,Newcastle,4807,4864,9671,0,0,0,4807,4864,9671
Newcastle,1997,5,595,598,1193,0,0,0,595,598,1193,Newcastle,5387,5278,10665,0,0,0,5387,5278,10665
Newcastle,1997,6,629,622,1251,0,0,0,629,622,1251,Newcastle,5297,5353,10650,0,0,0,5297,5353,10650
Newcastle,1997,7,823,830,1653,0,0,0,823,830,1653,Newcastle,5565,5423,10988,0,0,0,5565,5423,10988
Newcastle,1997,8,739,734,1473,0,0,0,739,734,1473,Newcastle,5347,5313,10660,0,0,0,5347,5313,10660
Newcastle,1997,9,731,732,1463,0,0,0,731,732,1463,Newcastle,5464,5449,10913,0,0,0,5464,5449,10913
Newcastle,1997,10,740,736,1476,0,0,0,740,736,1476,Newcastle,5812,5748,11560,0,0,0,5812,5748,11560
Newcastle,1997,11,680,677,1357,0,0,0,680,677,1357,Newcastle,5184,5238,10422,0,0,0,5184,5238,10422
Newcastle,1997,12,715,719,1434,0,0,0,715,719,1434,Newcastle,5431,5354,10785,0,0,0,5431,5354,10785
Newcastle,1998,1,682,673,1355,0,0,0,682,673,1355,Newcastle,5085,5069,10154,0,0,0,5085,5069,10154
Newcastle,1998,2,628,628,1256,0,0,0,628,628,1256,Newcastle,4750,4648,9398,0,0,0,4750,4648,9398
Newcastle,1998,3,700,697,1397,0,0,0,700,697,1397,Newcastle,5573,5594,11167,0,0,0,5573,5594,11167
Newcastle,1998,4,683,683,1366,0,0,0,683,683,1366,Newcastle,5674,5624,11298,0,0,0,5674,5624,11298
Newcastle,1998,5,685,684,1369,0,0,0,685,684,1369,Newcastle,5439,5639,11078,0,0,0,5439,5639,11078
Newcastle,1998,6,690,690,1380,0,0,0,690,690,1380,Newcastle,5478,5479,10957,0,0,0,5478,5479,10957
Newcastle,1998,7,757,756,1513,0,0,0,757,756,1513,Newcastle,6190,6238,12428,0,0,0,6190,6238,12428
Newcastle,1998,8,751,748,1499,0,0,0,751,748,1499,Newcastle,6063,6069,12132,0,0,0,6063,6069,12132
Newcastle,1998,9,750,749,1499,0,0,0,750,749,1499,Newcastle,6212,6274,12486,0,0,0,6212,6274,12486
Newcastle,1998,10,757,760,1517,0,0,0,757,760,1517,Newcastle,6613,6629,13242,0,0,0,6613,6629,13242
Newcastle,1998,11,687,686,1373,0,0,0,687,686,1373,Newcastle,5941,5906,11847,0,0,0,5941,5906,11847
Newcastle,1998,12,758,764,1522,0,0,0,758,764,1522,Newcastle,6446,6389,12835,0,0,0,6446,6389,12835
Newcastle,1999,1,721,721,1442,0,0,0,721,721,1442,Newcastle,5859,5955,11814,0,0,0,5859,5955,11814
Newcastle,1999,2,681,678,1359,0,0,0,681,678,1359,Newcastle,5721,5720,11441,0,0,0,5721,5720,11441
Newcastle,1999,3,762,763,1525,0,0,0,762,763,1525,Newcastle,6647,6734,13381,0,0,0,6647,6734,13381
Newcastle,1999,4,723,722,1445,0,0,0,723,722,1445,Newcastle,6461,6570,13031,0,0,0,6461,6570,13031
Newcastle,1999,5,727,724,1451,0,0,0,727,724,1451,Newcastle,6303,6389,12692,0,0,0,6303,6389,12692
Newcastle,1999,6,719,716,1435,0,0,0,719,716,1435,Newcastle,6205,6233,12438,0,0,0,6205,6233,12438
Newcastle,1999,7,740,742,1482,0,0,0,740,742,1482,Newcastle,6474,6683,13157,0,0,0,6474,6683,13157
Newcastle,1999,8,742,738,1480,0,0,0,742,738,1480,Newcastle,6328,6428,12756,0,0,0,6328,6428,12756
Newcastle,1999,9,732,731,1463,0,0,0,732,731,1463,Newcastle,6438,6668,13106,0,0,0,6438,6668,13106
Newcastle,1999,10,731,732,1463,0,0,0,731,732,1463,Newcastle,6902,6900,13802,0,0,0,6902,6900,13802
Newcastle,1999,11,669,667,1336,0,0,0,669,667,1336,Newcastle,7496,7586,15082,0,0,0,7496,7586,15082
Newcastle,1999,12,714,709,1423,0,0,0,714,709,1423,Newcastle,7649,7832,15481,0,0,0,7649,7832,15481
Newcastle,2000,1,649,655,1304,0,0,0,649,655,1304,Newcastle,7434,7383,14817,0,0,0,7434,7383,14817
Newcastle,2000,2,628,628,1256,0,0,0,628,628,1256,Newcastle,7489,7535,15024,0,0,0,7489,7535,15024
Newcastle,2000,3,711,709,1420,0,0,0,711,709,1420,Newcastle,8566,8844,17410,0,0,0,8566,8844,17410
Newcastle,2000,4,689,689,1378,0,0,0,689,689,1378,Newcastle,8326,8510,16836,0,0,0,8326,8510,16836
Newcastle,2000,5,688,692,1380,0,0,0,688,692,1380,Newcastle,8751,9041,17792,0,0,0,8751,9041,17792
Newcastle,2000,6,686,690,1376,0,0,0,686,690,1376,Newcastle,10087,10120,20207,0,0,0,10087,10120,20207
Newcastle,2000,7,701,701,1402,0,0,0,701,701,1402,Newcastle,9762,9898,19660,0,0,0,9762,9898,19660
Newcastle,2000,8,757,757,1514,0,0,0,757,757,1514,Newcastle,10340,10590,20930,0,0,0,10340,10590,20930
Newcastle,2000,9,688,690,1378,0,0,0,688,690,1378,Newcastle,10958,11329,22287,0,0,0,10958,11329,22287
Newcastle,2000,10,741,739,1480,0,0,0,741,739,1480,Newcastle,11544,11661,23205,0,0,0,11544,11661,23205
Newcastle,2000,11,721,722,1443,0,0,0,721,722,1443,Newcastle,11233,11198,22431,0,0,0,11233,11198,22431
Newcastle,2000,12,695,695,1390,0,0,0,695,695,1390,Newcastle,10262,10251,20513,0,0,0,10262,10251,20513
Newcastle,2001,1,694,691,1385,0,0,0,694,691,1385,Newcastle,9970,10054,20024,0,0,0,9970,10054,20024
Newcastle,2001,2,618,624,1242,0,0,0,618,624,1242,Newcastle,8313,8402,16715,0,0,0,8313,8402,16715
Newcastle,2001,3,734,743,1477,0,0,0,734,743,1477,Newcastle,9963,10301,20264,0,0,0,9963,10301,20264
Newcastle,2001,4,684,704,1388,0,0,0,684,704,1388,Newcastle,9187,10509,19696,0,0,0,9187,10509,19696
Newcastle,2001,5,649,662,1311,0,0,0,649,662,1311,Newcastle,9312,9336,18648,0,0,0,9312,9336,18648
Newcastle,2001,6,494,495,989,0,0,0,494,495,989,Newcastle,8088,7967,16055,0,0,0,8088,7967,16055
Newcastle,2001,7,512,515,1027,0,0,0,512,515,1027,Newcastle,8614,8359,16973,0,0,0,8614,8359,16973
Newcastle,2001,8,548,548,1096,0,0,0,548,548,1096,Newcastle,8607,8536,17143,0,0,0,8607,8536,17143
Newcastle,2001,9,531,532,1063,0,0,0,531,532,1063,Newcastle,9244,9189,18433,0,0,0,9244,9189,18433
Newcastle,2001,10,619,620,1239,0,0,0,619,620,1239,Newcastle,9158,9473,18631,0,0,0,9158,9473,18631
Newcastle,2001,11,554,552,1106,0,0,0,554,552,1106,Newcastle,8920,8813,17733,0,0,0,8920,8813,17733
Newcastle,2001,12,505,505,1010,5,5,10,510,510,1020,Newcastle,7642,7453,15095,493,561,1054,8135,8014,16149
Newcastle,2002,1,519,518,1037,9,9,18,528,527,1055,Newcastle,6966,6995,13961,805,876,1681,7771,7871,15642
Newcastle,2002,2,518,518,1036,9,9,18,527,527,1054,Newcastle,7566,7704,15270,616,636,1252,8182,8340,16522
Newcastle,2002,3,559,557,1116,8,8,16,567,565,1132,Newcastle,8784,8608,17392,697,690,1387,9481,9298,18779
Newcastle,2002,4,541,536,1077,9,9,18,550,545,1095,Newcastle,8634,8796,17430,865,754,1619,9499,9550,19049
Newcastle,2002,5,560,559,1119,7,7,14,567,566,1133,Newcastle,9230,9312,18542,412,307,719,9642,9619,19261
Newcastle,2002,6,466,464,930,8,8,16,474,472,946,Newcastle,8210,7916,16126,415,358,773,8625,8274,16899
Newcastle,2002,7,459,456,915,9,9,18,468,465,933,Newcastle,8711,8605,17316,547,570,1117,9258,9175,18433
Newcastle,2002,8,372,374,746,8,8,16,380,382,762,Newcastle,7671,7684,15355,456,383,839,8127,8067,16194
Newcastle,2002,9,385,387,772,1,1,2,386,388,774,Newcastle,8097,8135,16232,63,57,120,8160,8192,16352
Newcastle,2002,10,359,371,730,0,0,0,359,371,730,Newcastle,8427,8517,16944,0,0,0,8427,8517,16944
Newcastle,2002,11,341,355,696,0,0,0,341,355,696,Newcastle,7953,7974,15927,0,0,0,7953,7974,15927
Newcastle,2002,12,410,411,821,0,0,0,410,411,821,Newcastle,8172,8269,16441,0,0,0,8172,8269,16441
Newcastle,2003,1,427,425,852,0,0,0,427,425,852,Newcastle,7630,7737,15367,0,0,0,7630,7737,15367
Newcastle,2003,2,390,390,780,0,0,0,390,390,780,Newcastle,8010,7872,15882,0,0,0,8010,7872,15882
Newcastle,2003,3,427,426,853,0,0,0,427,426,853,Newcastle,8645,8420,17065,0,0,0,8645,8420,17065
Newcastle,2003,4,423,423,846,0,0,0,423,423,846,Newcastle,8457,8297,16754,0,0,0,8457,8297,16754
Newcastle,2003,5,477,476,953,0,0,0,477,476,953,Newcastle,8515,8375,16890,0,0,0,8515,8375,16890
Newcastle,2003,6,453,451,904,0,0,0,453,451,904,Newcastle,8138,7834,15972,0,0,0,8138,7834,15972
Newcastle,2003,7,491,490,981,0,0,0,491,490,981,Newcastle,8837,8813,17650,0,0,0,8837,8813,17650
Newcastle,2003,8,496,497,993,0,0,0,496,497,993,Newcastle,8808,8845,17653,0,0,0,8808,8845,17653
Newcastle,2003,9,482,479,961,0,0,0,482,479,961,Newcastle,9158,9138,18296,0,0,0,9158,9138,18296
Newcastle,2003,10,508,504,1012,0,0,0,508,504,1012,Newcastle,10222,10056,20278,0,0,0,10222,10056,20278
Newcastle,2003,11,500,500,1000,0,0,0,500,500,1000,Newcastle,13086,12933,26019,0,0,0,13086,12933,26019
Newcastle,2003,12,393,394,787,0,0,0,393,394,787,Newcastle,11784,11565,23349,0,0,0,11784,11565,23349
Newcastle,2004,1,398,395,793,0,0,0,398,395,793,Newcastle,11581,11652,23233,0,0,0,11581,11652,23233
Newcastle,2004,2,401,398,799,0,0,0,401,398,799,Newcastle,12227,11889,24116,0,0,0,12227,11889,24116
Newcastle,2004,3,427,424,851,0,0,0,427,424,851,Newcastle,13669,13696,27365,0,0,0,13669,13696,27365
Newcastle,2004,4,400,398,798,0,0,0,400,398,798,Newcastle,13036,12861,25897,0,0,0,13036,12861,25897
Newcastle,2004,5,439,438,877,0,0,0,439,438,877,Newcastle,17736,17631,35367,0,0,0,17736,17631,35367
Newcastle,2004,6,490,469,959,0,0,0,490,469,959,Newcastle,21901,21280,43181,0,0,0,21901,21280,43181
Newcastle,2004,7,478,471,949,0,0,0,478,471,949,Newcastle,21960,21188,43148,0,0,0,21960,21188,43148
Newcastle,2004,8,488,481,969,0,0,0,488,481,969,Newcastle,21960,20807,42767,0,0,0,21960,20807,42767
Newcastle,2004,9,533,527,1060,0,0,0,533,527,1060,Newcastle,22435,21940,44375,0,0,0,22435,21940,44375
Newcastle,2004,10,508,509,1017,0,0,0,508,509,1017,Newcastle,24541,23801,48342,0,0,0,24541,23801,48342
Newcastle,2004,11,543,545,1088,0,0,0,543,545,1088,Newcastle,25226,24768,49994,0,0,0,25226,24768,49994
Newcastle,2004,12,568,571,1139,0,0,0,568,571,1139,Newcastle,28013,27065,55078,0,0,0,28013,27065,55078
Newcastle,2005,1,502,501,1003,0,0,0,502,501,1003,Newcastle,28590,29074,57664,0,0,0,28590,29074,57664
Newcastle,2005,2,561,560,1121,0,0,0,561,560,1121,Newcastle,26499,26348,52847,0,0,0,26499,26348,52847
Newcastle,2005,3,623,620,1243,0,0,0,623,620,1243,Newcastle,31073,30483,61556,0,0,0,31073,30483,61556
Newcastle,2005,4,627,628,1255,0,0,0,627,628,1255,Newcastle,30845,31369,62214,0,0,0,30845,31369,62214
Newcastle,2005,5,697,697,1394,0,0,0,697,697,1394,Newcastle,30351,30071,60422,0,0,0,30351,30071,60422
Newcastle,2005,6,609,612,1221,0,0,0,609,612,1221,Newcastle,31073,30437,61510,0,0,0,31073,30437,61510
Newcastle,2005,7,625,625,1250,0,0,0,625,625,1250,Newcastle,33323,33382,66705,0,0,0,33323,33382,66705
Newcastle,2005,8,643,644,1287,0,0,0,643,644,1287,Newcastle,31688,31509,63197,0,0,0,31688,31509,63197
Newcastle,2005,9,676,680,1356,0,0,0,676,680,1356,Newcastle,34154,34653,68807,0,0,0,34154,34653,68807
Newcastle,2005,10,642,642,1284,0,0,0,642,642,1284,Newcastle,35758,35365,71123,0,0,0,35758,35365,71123
Newcastle,2005,11,636,636,1272,0,0,0,636,636,1272,Newcastle,33920,33396,67316,0,0,0,33920,33396,67316
Newcastle,2005,12,627,626,1253,0,0,0,627,626,1253,Newcastle,34584,32717,67301,0,0,0,34584,32717,67301
Newcastle,2006,1,530,530,1060,0,0,0,530,530,1060,Newcastle,34111,34568,68679,0,0,0,34111,34568,68679
Newcastle,2006,2,562,558,1120,0,0,0,562,558,1120,Newcastle,30939,30297,61236,0,0,0,30939,30297,61236
Newcastle,2006,3,639,634,1273,0,0,0,639,634,1273,Newcastle,35320,34345,69665,0,0,0,35320,34345,69665
Newcastle,2006,4,628,623,1251,0,0,0,628,623,1251,Newcastle,35959,35275,71234,0,0,0,35959,35275,71234
Newcastle,2006,5,703,699,1402,0,0,0,703,699,1402,Newcastle,36838,35794,72632,0,0,0,36838,35794,72632
Newcastle,2006,6,631,630,1261,0,0,0,631,630,1261,Newcastle,34664,34092,68756,0,0,0,34664,34092,68756
Newcastle,2006,7,558,724,1282,0,0,0,558,724,1282,Newcastle,38591,40345,78936,0,0,0,38591,40345,78936
Newcastle,2006,8,646,679,1325,0,0,0,646,679,1325,Newcastle,39118,38273,77391,0,0,0,39118,38273,77391
Newcastle,2006,9,687,687,1374,0,0,0,687,687,1374,Newcastle,39732,39530,79262,0,0,0,39732,39530,79262
Newcastle,2006,10,706,702,1408,0,0,0,706,702,1408,Newcastle,42204,41607,83811,0,0,0,42204,41607,83811
Newcastle,2006,11,729,727,1456,0,0,0,729,727,1456,Newcastle,41627,41781,83408,0,0,0,41627,41781,83408
Newcastle,2006,12,636,632,1268,0,0,0,636,632,1268,Newcastle,39839,37872,77711,0,0,0,39839,37872,77711
Newcastle,2007,1,663,663,1326,0,0,0,663,663,1326,Newcastle,39976,41117,81093,0,0,0,39976,41117,81093
Newcastle,2007,2,646,647,1293,0,0,0,646,647,1293,Newcastle,35885,36002,71887,0,0,0,35885,36002,71887
Newcastle,2007,3,674,674,1348,0,0,0,674,674,1348,Newcastle,41605,41215,82820,0,0,0,41605,41215,82820
Newcastle,2007,4,622,618,1240,0,0,0,622,618,1240,Newcastle,39692,39821,79513,0,0,0,39692,39821,79513
Newcastle,2007,5,704,700,1404,0,0,0,704,700,1404,Newcastle,42566,41834,84400,0,0,0,42566,41834,84400
Newcastle,2007,6,649,649,1298,0,0,0,649,649,1298,Newcastle,39121,38734,77855,0,0,0,39121,38734,77855
Newcastle,2007,7,669,663,1332,0,0,0,669,663,1332,Newcastle,42365,42245,84610,0,0,0,42365,42245,84610
Newcastle,2007,8,748,749,1497,0,0,0,748,749,1497,Newcastle,42800,42838,85638,0,0,0,42800,42838,85638
Newcastle,2007,9,660,666,1326,0,0,0,660,666,1326,Newcastle,43484,43409,86893,0,0,0,43484,43409,86893
Newcastle,2007,10,709,711,1420,0,0,0,709,711,1420,Newcastle,47252,46777,94029,0,0,0,47252,46777,94029
Newcastle,2007,11,654,661,1315,0,0,0,654,661,1315,Newcastle,45396,45134,90530,0,0,0,45396,45134,90530
Newcastle,2007,12,652,653,1305,0,0,0,652,653,1305,Newcastle,43554,42513,86067,0,0,0,43554,42513,86067
Newcastle,2008,1,610,609,1219,0,0,0,610,609,1219,Newcastle,45403,46196,91599,0,0,0,45403,46196,91599
Newcastle,2008,2,627,627,1254,0,0,0,627,627,1254,Newcastle,43386,43637,87023,0,0,0,43386,43637,87023
Newcastle,2008,3,599,595,1194,0,0,0,599,595,1194,Newcastle,45764,45383,91147,0,0,0,45764,45383,91147
Newcastle,2008,4,619,602,1221,0,0,0,619,602,1221,Newcastle,44035,43976,88011,0,0,0,44035,43976,88011
Newcastle,2008,5,591,590,1181,0,0,0,591,590,1181,Newcastle,44419,43955,88374,0,0,0,44419,43955,88374
Newcastle,2008,6,640,592,1232,0,0,0,640,592,1232,Newcastle,46656,45395,92051,0,0,0,46656,45395,92051
Newcastle,2008,7,679,632,1311,0,0,0,679,632,1311,Newcastle,51005,51073,102078,0,0,0,51005,51073,102078
Newcastle,2008,8,718,703,1421,0,0,0,718,703,1421,Newcastle,49214,48617,97831,0,0,0,49214,48617,97831
Newcastle,2008,9,670,655,1325,0,0,0,670,655,1325,Newcastle,49385,49292,98677,0,0,0,49385,49292,98677
Newcastle,2008,10,720,690,1410,0,0,0,720,690,1410,Newcastle,54758,53735,108493,0,0,0,54758,53735,108493
Newcastle,2008,11,636,612,1248,0,0,0,636,612,1248,Newcastle,51374,50054,101428,0,0,0,51374,50054,101428
Newcastle,2008,12,619,597,1216,0,0,0,619,597,1216,Newcastle,51600,48971,100571,0,0,0,51600,48971,100571
Newcastle,2009,1,604,559,1163,0,0,0,604,559,1163,Newcastle,51819,51575,103394,0,0,0,51819,51575,103394
Newcastle,2009,2,592,579,1171,0,0,0,592,579,1171,Newcastle,43177,42024,85201,0,0,0,43177,42024,85201
Newcastle,2009,3,642,638,1280,0,0,0,642,638,1280,Newcastle,49738,48281,98019,0,0,0,49738,48281,98019
Newcastle,2009,4,594,598,1192,0,0,0,594,598,1192,Newcastle,49517,48395,97912,0,0,0,49517,48395,97912
Newcastle,2009,5,603,601,1204,0,0,0,603,601,1204,Newcastle,47721,47047,94768,0,0,0,47721,47047,94768
Newcastle,2009,6,588,583,1171,0,0,0,588,583,1171,Newcastle,43145,41421,84566,0,0,0,43145,41421,84566
Newcastle,2009,7,632,631,1263,0,0,0,632,631,1263,Newcastle,48327,48162,96489,0,0,0,48327,48162,96489
Newcastle,2009,8,594,597,1191,0,0,0,594,597,1191,Newcastle,47565,46462,94027,0,0,0,47565,46462,94027
Newcastle,2009,9,623,592,1215,0,0,0,623,592,1215,Newcastle,47397,45893,93290,0,0,0,47397,45893,93290
Newcastle,2009,10,546,542,1088,0,0,0,546,542,1088,Newcastle,51128,49831,100959,0,0,0,51128,49831,100959
Newcastle,2009,11,560,559,1119,0,0,0,560,559,1119,Newcastle,48469,47832,96301,0,0,0,48469,47832,96301
Newcastle,2009,12,550,550,1100,0,0,0,550,550,1100,Newcastle,47540,45271,92811,0,0,0,47540,45271,92811
Newcastle,2010,1,465,475,940,0,0,0,465,475,940,Newcastle,45797,45624,91421,0,0,0,45797,45624,91421
Newcastle,2010,2,520,519,1039,0,0,0,520,519,1039,Newcastle,42718,41936,84654,0,0,0,42718,41936,84654
Newcastle,2010,3,612,610,1222,0,0,0,612,610,1222,Newcastle,50078,48621,98699,0,0,0,50078,48621,98699
Newcastle,2010,4,607,607,1214,0,0,0,607,607,1214,Newcastle,48456,48416,96872,0,0,0,48456,48416,96872
Newcastle,2010,5,603,603,1206,0,0,0,603,603,1206,Newcastle,46530,45764,92294,0,0,0,46530,45764,92294
Newcastle,2010,6,583,581,1164,0,0,0,583,581,1164,Newcastle,45458,44159,89617,0,0,0,45458,44159,89617
Newcastle,2010,7,634,634,1268,0,0,0,634,634,1268,Newcastle,50443,51540,101983,0,0,0,50443,51540,101983
Newcastle,2010,8,613,613,1226,0,0,0,613,613,1226,Newcastle,49383,48098,97481,0,0,0,49383,48098,97481
Newcastle,2010,9,614,613,1227,0,0,0,614,613,1227,Newcastle,50720,51415,102135,0,0,0,50720,51415,102135
Newcastle,2010,10,645,645,1290,0,0,0,645,645,1290,Newcastle,56398,55577,111975,0,0,0,56398,55577,111975
Newcastle,2010,11,631,632,1263,0,0,0,631,632,1263,Newcastle,53477,54025,107502,0,0,0,53477,54025,107502
Newcastle,2010,12,629,632,1261,0,0,0,629,632,1261,Newcastle,57032,54344,111376,0,0,0,57032,54344,111376
Newcastle,2011,1,549,550,1099,0,0,0,549,550,1099,Newcastle,52920,52748,105668,0,0,0,52920,52748,105668
Newcastle,2011,2,549,549,1098,0,0,0,549,549,1098,Newcastle,43956,44185,88141,0,0,0,43956,44185,88141
Newcastle,2011,3,640,639,1279,0,0,0,640,639,1279,Newcastle,50812,51146,101958,0,0,0,50812,51146,101958
Newcastle,2011,4,612,612,1224,0,0,0,612,612,1224,Newcastle,50766,50560,101326,0,0,0,50766,50560,101326
Newcastle,2011,5,613,608,1221,0,0,0,613,608,1221,Newcastle,47891,48428,96319,0,0,0,47891,48428,96319
Newcastle,2011,6,590,588,1178,0,0,0,590,588,1178,Newcastle,42562,42876,85438,0,0,0,42562,42876,85438
Newcastle,2011,7,663,662,1325,0,0,0,663,662,1325,Newcastle,50065,50800,100865,0,0,0,50065,50800,100865
Newcastle,2011,8,656,655,1311,0,0,0,656,655,1311,Newcastle,49591,49141,98732,0,0,0,49591,49141,98732
Newcastle,2011,9,641,641,1282,0,0,0,641,641,1282,Newcastle,50244,51041,101285,0,0,0,50244,51041,101285
Newcastle,2011,10,631,635,1266,0,0,0,631,635,1266,Newcastle,54573,54387,108960,0,0,0,54573,54387,108960
Newcastle,2011,11,716,717,1433,0,0,0,716,717,1433,Newcastle,50645,51015,101660,0,0,0,50645,51015,101660
Newcastle,2011,12,678,685,1363,0,0,0,678,685,1363,Newcastle,51083,49724,100807,0,0,0,51083,49724,100807
Newcastle,2012,1,643,644,1287,0,0,0,643,644,1287,Newcastle,49790,51020,100810,0,0,0,49790,51020,100810
Newcastle,2012,2,663,665,1328,0,0,0,663,665,1328,Newcastle,45246,45691,90937,0,0,0,45246,45691,90937
Newcastle,2012,3,727,735,1462,0,0,0,727,735,1462,Newcastle,52116,51954,104070,0,0,0,52116,51954,104070
Newcastle,2012,4,711,713,1424,0,0,0,711,713,1424,Newcastle,48292,48472,96764,0,0,0,48292,48472,96764
Newcastle,2012,5,741,746,1487,0,0,0,741,746,1487,Newcastle,49194,49299,98493,0,0,0,49194,49299,98493
Newcastle,2012,6,695,701,1396,0,0,0,695,701,1396,Newcastle,45024,45769,90793,0,0,0,45024,45769,90793
Newcastle,2012,7,738,745,1483,0,0,0,738,745,1483,Newcastle,49547,49194,98741,0,0,0,49547,49194,98741
Newcastle,2012,8,753,761,1514,0,0,0,753,761,1514,Newcastle,47917,48401,96318,0,0,0,47917,48401,96318
Newcastle,2012,9,713,720,1433,0,0,0,713,720,1433,Newcastle,49514,50569,100083,0,0,0,49514,50569,100083
Newcastle,2012,10,754,759,1513,0,0,0,754,759,1513,Newcastle,52465,52025,104490,0,0,0,52465,52025,104490
Newcastle,2012,11,752,760,1512,0,0,0,752,760,1512,Newcastle,51326,51672,102998,0,0,0,51326,51672,102998
Newcastle,2012,12,710,721,1431,0,0,0,710,721,1431,Newcastle,50780,49146,99926,0,0,0,50780,49146,99926
Newcastle,2013,1,654,659,1313,0,0,0,654,659,1313,Newcastle,48720,49719,98439,0,0,0,48720,49719,98439
Newcastle,2013,2,653,660,1313,0,0,0,653,660,1313,Newcastle,43551,44133,87684,0,0,0,43551,44133,87684
Newcastle,2013,3,733,741,1474,0,0,0,733,741,1474,Newcastle,51331,50302,101633,0,0,0,51331,50302,101633
Newcastle,2013,4,703,708,1411,0,0,0,703,708,1411,Newcastle,50378,51919,102297,0,0,0,50378,51919,102297
Newcastle,2013,5,701,708,1409,0,0,0,701,708,1409,Newcastle,47199,47472,94671,0,0,0,47199,47472,94671
Newcastle,2013,6,669,676,1345,0,0,0,669,676,1345,Newcastle,45361,45416,90777,0,0,0,45361,45416,90777
Newcastle,2013,7,730,729,1459,0,0,0,730,729,1459,Newcastle,51960,52133,104093,0,0,0,51960,52133,104093
Newcastle,2013,8,729,741,1470,0,0,0,729,741,1470,Newcastle,50219,50413,100632,0,0,0,50219,50413,100632
Newcastle,2013,9,728,731,1459,0,0,0,728,731,1459,Newcastle,51392,52515,103907,0,0,0,51392,52515,103907
Newcastle,2013,10,724,733,1457,0,0,0,724,733,1457,Newcastle,54572,54561,109133,0,0,0,54572,54561,109133
Newcastle,2013,11,691,693,1384,0,0,0,691,693,1384,Newcastle,54211,53566,107777,0,0,0,54211,53566,107777
Newcastle,2013,12,633,637,1270,0,0,0,633,637,1270,Newcastle,53282,52192,105474,0,0,0,53282,52192,105474
Newcastle,2014,1,555,553,1108,0,0,0,555,553,1108,Newcastle,50137,51529,101666,0,0,0,50137,51529,101666
Newcastle,2014,2,498,498,996,0,0,0,498,498,996,Newcastle,42668,43461,86129,0,0,0,42668,43461,86129
Newcastle,2014,3,562,561,1123,0,0,0,562,561,1123,Newcastle,50262,50391,100653,0,0,0,50262,50391,100653
Newcastle,2014,4,543,543,1086,0,0,0,543,543,1086,Newcastle,47587,47954,95541,0,0,0,47587,47954,95541
Newcastle,2014,5,531,532,1063,0,0,0,531,532,1063,Newcastle,46954,47987,94941,0,0,0,46954,47987,94941
Newcastle,2014,6,509,507,1016,0,0,0,509,507,1016,Newcastle,45169,45097,90266,0,0,0,45169,45097,90266
Newcastle,2014,7,564,564,1128,0,0,0,564,564,1128,Newcastle,50510,51019,101529,0,0,0,50510,51019,101529
Newcastle,2014,8,548,548,1096,0,0,0,548,548,1096,Newcastle,48803,48481,97284,0,0,0,48803,48481,97284
Newcastle,2014,9,535,534,1069,0,0,0,535,534,1069,Newcastle,49730,50530,100260,0,0,0,49730,50530,100260
Newcastle,2014,10,560,553,1113,0,0,0,560,553,1113,Newcastle,53687,53479,107166,0,0,0,53687,53479,107166
Newcastle,2014,11,550,532,1082,0,0,0,550,532,1082,Newcastle,48507,48757,97264,0,0,0,48507,48757,97264
Newcastle,2014,12,534,507,1041,0,0,0,534,507,1041,Newcastle,48887,46957,95844,0,0,0,48887,46957,95844
Newcastle,2015,1,485,475,960,0,0,0,485,475,960,Newcastle,45820,47358,93178,0,0,0,45820,47358,93178
Newcastle,2015,2,476,474,950,0,0,0,476,474,950,Newcastle,39828,40397,80225,0,0,0,39828,40397,80225
Newcastle,2015,3,542,539,1081,0,0,0,542,539,1081,Newcastle,46998,46902,93900,0,0,0,46998,46902,93900
Newcastle,2015,4,532,526,1058,0,0,0,532,526,1058,Newcastle,46382,46468,92850,0,0,0,46382,46468,92850
Newcastle,2015,5,546,544,1090,0,0,0,546,544,1090,Newcastle,46585,46832,93417,0,0,0,46585,46832,93417
Newcastle,2015,6,592,589,1181,0,0,0,592,589,1181,Newcastle,45252,45669,90921,0,0,0,45252,45669,90921
Newcastle,2015,7,677,678,1355,0,0,0,677,678,1355,Newcastle,51791,52088,103879,0,0,0,51791,52088,103879
Newcastle,2015,8,670,670,1340,0,0,0,670,670,1340,Newcastle,48158,47567,95725,0,0,0,48158,47567,95725
Newcastle,2015,9,662,662,1324,0,0,0,662,662,1324,Newcastle,49787,50528,100315,0,0,0,49787,50528,100315
Newcastle,2015,10,687,688,1375,0,0,0,687,688,1375,Newcastle,53226,53114,106340,0,0,0,53226,53114,106340
Newcastle,2015,11,643,644,1287,0,0,0,643,644,1287,Newcastle,49346,50066,99412,0,0,0,49346,50066,99412
Newcastle,2015,12,637,640,1277,0,0,0,637,640,1277,Newcastle,50922,49590,100512,0,0,0,50922,49590,100512
Newcastle,2016,1,565,554,1119,0,0,0,565,554,1119,Newcastle,46952,48275,95227,0,0,0,46952,48275,95227
Newcastle,2016,2,658,658,1316,0,0,0,658,658,1316,Newcastle,44280,45153,89433,0,0,0,44280,45153,89433
Newcastle,2016,3,725,724,1449,0,0,0,725,724,1449,Newcastle,50766,50326,101092,0,0,0,50766,50326,101092
Newcastle,2016,4,655,654,1309,0,0,0,655,654,1309,Newcastle,46121,48685,94806,0,0,0,46121,48685,94806
Newcastle,2016,5,719,718,1437,0,0,0,719,718,1437,Newcastle,47968,47961,95929,0,0,0,47968,47961,95929
Newcastle,2016,6,708,709,1417,0,0,0,708,709,1417,Newcastle,46132,46062,92194,0,0,0,46132,46062,92194
Newcastle,2016,7,765,764,1529,0,0,0,765,764,1529,Newcastle,52867,53175,106042,0,0,0,52867,53175,106042
Newcastle,2016,8,792,794,1586,0,0,0,792,794,1586,Newcastle,50653,50216,100869,0,0,0,50653,50216,100869
Newcastle,2016,9,777,777,1554,0,0,0,777,777,1554,Newcastle,53555,54507,108062,0,0,0,53555,54507,108062
Newcastle,2016,10,774,776,1550,0,0,0,774,776,1550,Newcastle,57411,56414,113825,0,0,0,57411,56414,113825
Newcastle,2016,11,760,760,1520,0,0,0,760,760,1520,Newcastle,52703,53000,105703,0,0,0,52703,53000,105703
Newcastle,2016,12,744,745,1489,0,0,0,744,745,1489,Newcastle,54559,53371,107930,0,0,0,54559,53371,107930
Newcastle,2017,1,689,685,1374,0,0,0,689,685,1374,Newcastle,54287,54089,108376,0,0,0,54287,54089,108376
Newcastle,2017,2,686,685,1371,0,0,0,686,685,1371,Newcastle,44928,44996,89924,0,0,0,44928,44996,89924
Newcastle,2017,3,795,793,1588,0,0,0,795,793,1588,Newcastle,51795,52664,104459,0,0,0,51795,52664,104459
Newcastle,2017,4,729,724,1453,0,0,0,729,724,1453,Newcastle,54660,53913,108573,0,0,0,54660,53913,108573
Newcastle,2017,5,772,775,1547,0,0,0,772,775,1547,Newcastle,49583,50483,100066,0,0,0,49583,50483,100066
Newcastle,2017,6,739,737,1476,0,0,0,739,737,1476,Newcastle,47872,47860,95732,0,0,0,47872,47860,95732
Newcastle,2017,7,762,764,1526,0,0,0,762,764,1526,Newcastle,54242,54374,108616,0,0,0,54242,54374,108616
Newcastle,2017,8,773,773,1546,0,0,0,773,773,1546,Newcastle,49586,49587,99173,0,0,0,49586,49587,99173
Newcastle,2017,9,704,706,1410,0,0,0,704,706,1410,Newcastle,54789,55360,110149,0,0,0,54789,55360,110149
Newcastle,2017,10,743,745,1488,0,0,0,743,745,1488,Newcastle,58070,58060,116130,0,0,0,58070,58060,116130
Newcastle,2017,11,733,732,1465,0,0,0,733,732,1465,Newcastle,55762,55651,111413,0,0,0,55762,55651,111413
Newcastle,2017,12,678,678,1356,0,0,0,678,678,1356,Newcastle,56807,55893,112700,0,0,0,56807,55893,112700
Newcastle,2018,1,559,558,1117,0,0,0,559,558,1117,Newcastle,52052,52721,104773,0,0,0,52052,52721,104773
Newcastle,2018,2,591,589,1180,0,0,0,591,589,1180,Newcastle,46282,46490,92772,0,0,0,46282,46490,92772
Newcastle,2018,3,599,599,1198,0,0,0,599,599,1198,Newcastle,53843,53255,107098,0,0,0,53843,53255,107098
Newcastle,2018,4,562,561,1123,0,0,0,562,561,1123,Newcastle,51911,53359,105270,0,0,0,51911,53359,105270
Newcastle,2018,5,605,601,1206,0,0,0,605,601,1206,Newcastle,51059,50825,101884,0,0,0,51059,50825,101884
Newcastle,2018,6,563,563,1126,0,0,0,563,563,1126,Newcastle,47515,47511,95026,0,0,0,47515,47511,95026
Newcastle,2018,7,595,591,1186,0,0,0,595,591,1186,Newcastle,54305,54782,109087,0,0,0,54305,54782,109087
Newcastle,2018,8,616,614,1230,0,0,0,616,614,1230,Newcastle,51834,51579,103413,0,0,0,51834,51579,103413
Newcastle,2018,9,575,578,1153,0,0,0,575,578,1153,Newcastle,50936,50634,101570,0,0,0,50936,50634,101570
Newcastle,2018,10,591,589,1180,0,0,0,591,589,1180,Newcastle,55775,56109,111884,0,0,0,55775,56109,111884
Newcastle,2018,11,616,614,1230,4,4,8,620,618,1238,Newcastle,55787,56252,112039,295,279,574,56082,56531,112613
Newcastle,2018,12,573,574,1147,13,12,25,586,586,1172,Newcastle,53528,52785,106313,1004,1162,2166,54532,53947,108479
Newcastle,2019,1,532,530,1062,13,13,26,545,543,1088,Newcastle,53197,53766,106963,1575,1278,2853,54772,55044,109816
Newcastle,2019,2,560,558,1118,6,6,12,566,564,1130,Newcastle,45697,46100,91797,619,475,1094,46316,46575,92891
Newcastle,2019,3,608,606,1214,0,0,0,608,606,1214,Newcastle,53342,53523,106865,0,0,0,53342,53523,106865
Newcastle,2019,4,590,588,1178,0,0,0,590,588,1178,Newcastle,53436,53930,107366,0,0,0,53436,53930,107366
Newcastle,2019,5,621,621,1242,0,0,0,621,621,1242,Newcastle,51067,51398,102465,0,0,0,51067,51398,102465
Newcastle,2019,6,580,579,1159,0,0,0,580,579,1159,Newcastle,49209,48677,97886,0,0,0,49209,48677,97886
Newcastle,2019,7,636,635,1271,0,0,0,636,635,1271,Newcastle,54497,55290,109787,0,0,0,54497,55290,109787
Newcastle,2019,8,593,593,1186,0,0,0,593,593,1186,Newcastle,52640,51999,104639,0,0,0,52640,51999,104639
Newcastle,2019,9,606,605,1211,0,0,0,606,605,1211,Newcastle,53249,53411,106660,0,0,0,53249,53411,106660
Newcastle,2019,10,632,632,1264,0,0,0,632,632,1264,Newcastle,59321,59179,118500,0,0,0,59321,59179,118500
Newcastle,2019,11,602,609,1211,4,4,8,606,613,1219,Newcastle,55892,55878,111770,265,364,629,56157,56242,112399
Newcastle,2019,12,554,555,1109,14,14,28,568,569,1137,Newcastle,53867,52369,106236,1225,1323,2548,55092,53692,108784
Newcastle,2020,1,527,521,1048,13,13,26,540,534,1074,Newcastle,52332,52937,105269,1665,1425,3090,53997,54362,108359
Newcastle,2020,2,552,555,1107,5,5,10,557,560,1117,Newcastle,46233,46207,92440,625,479,1104,46858,46686,93544
Newcastle,2020,3,450,453,903,0,0,0,450,453,903,Newcastle,31344,30200,61544,0,0,0,31344,30200,61544
Newcastle,2020,4,42,42,84,0,0,0,42,42,84,Newcastle,247,189,436,0,0,0,247,189,436
Newcastle,2020,5,44,43,87,0,0,0,44,43,87,Newcastle,202,203,405,0,0,0,202,203,405
Newcastle,2020,6,58,59,117,0,0,0,58,59,117,Newcastle,1087,1016,2103,0,0,0,1087,1016,2103
Newcastle,2020,7,131,130,261,0,0,0,131,130,261,Newcastle,7474,8291,15765,0,0,0,7474,8291,15765
Newcastle,2020,8,85,87,172,0,0,0,85,87,172,Newcastle,3077,2296,5373,0,0,0,3077,2296,5373
Newcastle,2020,9,71,68,139,0,0,0,71,68,139,Newcastle,812,823,1635,0,0,0,812,823,1635
Newcastle,2020,10,85,87,172,0,0,0,85,87,172,Newcastle,1179,914,2093,0,0,0,1179,914,2093
Newcastle,2020,11,220,218,438,0,0,0,220,218,438,Newcastle,15158,15305,30463,0,0,0,15158,15305,30463
Newcastle,2020,12,416,415,831,0,0,0,416,415,831,Newcastle,31394,32309,63703,0,0,0,31394,32309,63703
Newcastle,2021,1,313,313,626,0,0,0,313,313,626,Newcastle,18498,18060,36558,0,0,0,18498,18060,36558
Newcastle,2021,2,393,393,786,0,0,0,393,393,786,Newcastle,23499,24066,47565,0,0,0,23499,24066,47565
Newcastle,2021,3,477,478,955,0,0,0,477,478,955,Newcastle,31863,31887,63750,0,0,0,31863,31887,63750
Newcastle,2021,4,545,538,1083,0,0,0,545,538,1083,Newcastle,39497,39748,79245,0,0,0,39497,39748,79245
Newcastle,2021,5,554,552,1106,0,0,0,554,552,1106,Newcastle,38360,38721,77081,0,0,0,38360,38721,77081
Newcastle,2021,6,492,488,980,0,0,0,492,488,980,Newcastle,27885,29026,56911,0,0,0,27885,29026,56911
Newcastle,2021,7,332,335,667,0,0,0,332,335,667,Newcastle,13291,11879,25170,0,0,0,13291,11879,25170
Newcastle,2021,8,140,138,278,0,0,0,140,138,278,Newcastle,1301,984,2285,0,0,0,1301,984,2285
Newcastle,2021,9,100,102,202,0,0,0,100,102,202,Newcastle,831,603,1434,0,0,0,831,603,1434
Newcastle,2021,10,116,116,232,0,0,0,116,116,232,Newcastle,1504,1372,2876,0,0,0,1504,1372,2876
Newcastle,2021,11,209,210,419,0,0,0,209,210,419,Newcastle,9886,9765,19651,0,0,0,9886,9765,19651
Newcastle,2021,12,424,422,846,0,0,0,424,422,846,Newcastle,23849,23949,47798,0,0,0,23849,23949,47798
Newcastle,2022,1,407,406,813,0,0,0,407,406,813,Newcastle,26741,27333,54074,0,0,0,26741,27333,54074
Newcastle,2022,2,360,359,719,0,0,0,360,359,719,Newcastle,26946,27306,54252,0,0,0,26946,27306,54252
Newcastle,2022,3,501,500,1001,0,0,0,501,500,1001,Newcastle,39436,39485,78921,0,0,0,39436,39485,78921
Newcastle,2022,4,628,624,1252,0,0,0,628,624,1252,Newcastle,53597,53244,106841,0,0,0,53597,53244,106841
Newcastle,2022,5,603,602,1205,0,0,0,603,602,1205,Newcastle,46049,46899,92948,0,0,0,46049,46899,92948
Newcastle,2022,6,573,572,1145,0,0,0,573,572,1145,Newcastle,43845,43965,87810,0,0,0,43845,43965,87810
Newcastle,2022,7,555,557,1112,0,0,0,555,557,1112,Newcastle,45478,46645,92123,0,0,0,45478,46645,92123
Newcastle,2022,8,558,557,1115,0,0,0,558,557,1115,Newcastle,42540,42309,84849,0,0,0,42540,42309,84849
Newcastle,2022,9,580,583,1163,0,0,0,580,583,1163,Newcastle,45920,47185,93105,0,0,0,45920,47185,93105
Newcastle,2022,10,581,580,1161,0,0,0,581,580,1161,Newcastle,49971,48395,98366,0,0,0,49971,48395,98366
Newcastle,2022,11,606,606,1212,0,0,0,606,606,1212,Newcastle,47167,47413,94580,0,0,0,47167,47413,94580
Newcastle,2022,12,554,553,1107,0,0,0,554,553,1107,Newcastle,43492,41951,85443,0,0,0,43492,41951,85443
Newcastle,2023,1,533,532,1065,0,0,0,533,532,1065,Newcastle,42531,42760,85291,0,0,0,42531,42760,85291
Newcastle,2023,2,534,538,1072,0,0,0,534,538,1072,Newcastle,38929,39363,78292,0,0,0,38929,39363,78292
Newcastle,2023,3,602,603,1205,0,0,0,602,603,1205,Newcastle,47410,47959,95369,0,0,0,47410,47959,95369
Newcastle,2023,4,579,577,1156,0,0,0,579,577,1156,Newcastle,48406,48215,96621,0,0,0,48406,48215,96621
Newcastle,2023,5,622,620,1242,0,0,0,622,620,1242,Newcastle,47200,47583,94783,0,0,0,47200,47583,94783
Newcastle,2023,6,588,584,1172,0,0,0,588,584,1172,Newcastle,45514,45830,91344,0,0,0,45514,45830,91344
Newcastle,2023,7,592,593,1185,0,0,0,592,593,1185,Newcastle,51559,52371,103930,0,0,0,51559,52371,103930
Newcastle,2023,8,607,609,1216,0,0,0,607,609,1216,Newcastle,49184,48597,97781,0,0,0,49184,48597,97781
Newcastle,2023,9,597,599,1196,0,0,0,597,599,1196,Newcastle,51857,52814,104671,0,0,0,51857,52814,104671
Newcastle,2023,10,616,617,1233,0,0,0,616,617,1233,Newcastle,55192,53632,108824,0,0,0,55192,53632,108824
Newcastle,2023,11,577,573,1150,0,0,0,577,573,1150,Newcastle,52195,52542,104737,0,0,0,52195,52542,104737
Newcastle,2023,12,557,554,1111,0,0,0,557,554,1111,Newcastle,50426,49127,99553,0,0,0,50426,49127,99553
Newcastle,2024,1,524,519,1043,0,0,0,524,519,1043,Newcastle,45851,46678,92529,0,0,0,45851,46678,92529
Newcastle,2024,2,556,554,1110,0,0,0,556,554,1110,Newcastle,46964,47233,94197,0,0,0,46964,47233,94197
Newcastle,2024,3,574,575,1149,0,0,0,574,575,1149,Newcastle,51856,51103,102959,0,0,0,51856,51103,102959
Newcastle,2024,4,550,557,1107,0,0,0,550,557,1107,Newcastle,51219,52873,104092,0,0,0,51219,52873,104092
Newcastle,2024,5,544,552,1096,0,0,0,544,552,1096,Newcastle,48387,48714,97101,0,0,0,48387,48714,97101
Newcastle,2024,6,503,513,1016,0,0,0,503,513,1016,Newcastle,45854,44939,90793,0,0,0,45854,44939,90793
Newcastle,2024,7,567,569,1136,0,0,0,567,569,1136,Newcastle,50407,51700,102107,0,0,0,50407,51700,102107
Newcastle,2024,8,541,547,1088,0,0,0,541,547,1088,Newcastle,51082,50807,101889,0,0,0,51082,50807,101889
Newcastle,2024,9,532,536,1068,0,0,0,532,536,1068,Newcastle,51884,51647,103531,0,0,0,51884,51647,103531
Newcastle,2024,10,542,547,1089,0,0,0,542,547,1089,Newcastle,55515,54621,110136,0,0,0,55515,54621,110136
Newcastle,2024,11,504,513,1017,0,0,0,504,513,1017,Newcastle,51253,51098,102351,0,0,0,51253,51098,102351
Newcastle,2024,12,501,507,1008,0,0,0,501,507,1008,Newcastle,50095,48339,98434,0,0,0,50095,48339,98434
Newcastle,2025,1,457,460,917,0,0,0,457,460,917,Newcastle,46382,47121,93503,0,0,0,46382,47121,93503
Newcastle,2025,2,479,483,962,0,0,0,479,483,962,Newcastle,43921,44118,88039,0,0,0,43921,44118,88039
Newcastle,2025,3,506,504,1010,0,0,0,506,504,1010,Newcastle,46760,47148,93908,0,0,0,46760,47148,93908
Newcastle,2025,4,533,533,1066,0,0,0,533,533,1066,Newcastle,49922,50448,100370,0,0,0,49922,50448,100370
Newcastle,2025,5,528,532,1060,0,0,0,528,532,1060,Newcastle,47037,47520,94557,0,0,0,47037,47520,94557
Newcastle,2025,6,521,526,1047,0,0,0,521,526,1047,Newcastle,47586,47297,94883,0,0,0,47586,47297,94883
Perth,1985,1,1176,1162,2338,124,124,248,1300,1286,2586,Perth,55405,65471,120876,22914,21799,44713,78319,87270,165589
Perth,1985,2,1028,1008,2036,113,113,226,1141,1121,2262,Perth,46358,45719,92077,22745,17663,40408,69103,63382,132485
Perth,1985,3,1587,1571,3158,124,124,248,1711,1695,3406,Perth,53091,52790,105881,19693,21932,41625,72784,74722,147506
Perth,1985,4,1514,1508,3022,118,118,236,1632,1626,3258,Perth,50548,51208,101756,16688,20041,36729,67236,71249,138485
Perth,1985,5,2002,1981,3983,125,124,249,2127,2105,4232,Perth,58949,60948,119897,17868,22092,39960,76817,83040,159857
Perth,1985,6,1897,1887,3784,118,119,237,2015,2006,4021,Perth,51062,49806,100868,19507,20815,40322,70569,70621,141190
Perth,1985,7,1853,1855,3708,118,119,237,1971,1974,3945,Perth,49919,50242,100161,18260,18739,36999,68179,68981,137160
Perth,1985,8,2025,2042,4067,125,124,249,2150,2166,4316,Perth,58175,58002,116177,20118,20182,40300,78293,78184,156477
Perth,1985,9,1705,1694,3399,124,123,247,1829,1817,3646,Perth,65556,62651,128207,25371,20212,45583,90927,82863,173790
Perth,1985,10,1715,1712,3427,126,124,250,1841,1836,3677,Perth,58061,58706,116767,24289,16178,40467,82350,74884,157234
Perth,1985,11,1742,1728,3470,132,133,265,1874,1861,3735,Perth,59586,57470,117056,23092,19499,42591,82678,76969,159647
Perth,1985,12,2045,1999,4044,129,128,257,2174,2127,4301,Perth,74240,63658,137898,24710,26475,51185,98950,90133,189083
Perth,1986,1,2099,2103,4202,141,141,282,2240,2244,4484,Perth,69281,76877,146158,28384,24512,52896,97665,101389,199054
Perth,1986,2,1629,1619,3248,118,118,236,1747,1737,3484,Perth,55041,53598,108639,22103,18410,40513,77144,72008,149152
Perth,1986,3,1705,1713,3418,131,131,262,1836,1844,3680,Perth,57686,58448,116134,21815,22514,44329,79501,80962,160463
Perth,1986,4,1635,1636,3271,129,128,257,1764,1764,3528,Perth,58727,58277,117004,18767,22238,41005,77494,80515,158009
Perth,1986,5,1502,1497,2999,134,132,266,1636,1629,3265,Perth,55361,55216,110577,16965,20301,37266,72326,75517,147843
Perth,1986,6,1404,1414,2818,122,123,245,1526,1537,3063,Perth,50590,54295,104885,20645,25231,45876,71235,79526,150761
Perth,1986,7,1458,1450,2908,133,133,266,1591,1583,3174,Perth,57790,53761,111551,25304,21016,46320,83094,74777,157871
Perth,1986,8,1418,1405,2823,135,134,269,1553,1539,3092,Perth,57925,54067,111992,24098,21551,45649,82023,75618,157641
Perth,1986,9,1574,1576,3150,129,129,258,1703,1705,3408,Perth,59418,63512,122930,26677,24114,50791,86095,87626,173721
Perth,1986,10,1674,1671,3345,156,155,311,1830,1826,3656,Perth,67543,64755,132298,29826,20966,50792,97369,85721,183090
Perth,1986,11,1680,1680,3360,149,150,299,1829,1830,3659,Perth,58613,57762,116375,27844,22763,50607,86457,80525,166982
Perth,1986,12,1862,1834,3696,165,164,329,2027,1998,4025,Perth,76016,63953,139969,30322,30000,60322,106338,93953,200291
Perth,1987,1,1129,1126,2255,175,174,349,1304,1300,2604,Perth,77217,76315,153532,35226,29316,64542,112443,105631,218074
Perth,1987,2,1036,1031,2067,146,147,293,1182,1178,2360,Perth,56900,70478,127378,25925,25080,51005,82825,95558,178383
Perth,1987,3,1091,1088,2179,132,134,266,1223,1222,2445,Perth,57679,58808,116487,25261,27855,53116,82940,86663,169603
Perth,1987,4,1232,1207,2439,132,129,261,1364,1336,2700,Perth,62801,64438,127239,24749,27062,51811,87550,91500,179050
Perth,1987,5,1183,1173,2356,134,134,268,1317,1307,2624,Perth,57349,57937,115286,20390,25210,45600,77739,83147,160886
Perth,1987,6,1113,1109,2222,126,127,253,1239,1236,2475,Perth,52567,51635,104202,22793,25479,48272,75360,77114,152474
Perth,1987,7,1267,1268,2535,134,133,267,1401,1401,2802,Perth,65876,67080,132956,29103,26376,55479,94979,93456,188435
Perth,1987,8,1231,1236,2467,134,133,267,1365,1369,2734,Perth,61065,59747,120812,27336,26269,53605,88401,86016,174417
Perth,1987,9,1261,1268,2529,124,125,249,1385,1393,2778,Perth,67279,66740,134019,27352,25294,52646,94631,92034,186665
Perth,1987,10,1274,1267,2541,143,142,285,1417,1409,2826,Perth,71717,71631,143348,33317,23558,56875,105034,95189,200223
Perth,1987,11,1205,1200,2405,124,125,249,1329,1325,2654,Perth,61199,62042,123241,28402,23324,51726,89601,85366,174967
Perth,1987,12,1295,1255,2550,151,149,300,1446,1404,2850,Perth,73133,64531,137664,31799,32723,64522,104932,97254,202186
Perth,1988,1,1224,1236,2460,151,151,302,1375,1387,2762,Perth,69291,77412,146703,35832,31669,67501,105123,109081,214204
Perth,1988,2,1113,1117,2230,131,132,263,1244,1249,2493,Perth,58389,58919,117308,31128,24153,55281,89517,83072,172589
Perth,1988,3,1218,1211,2429,129,129,258,1347,1340,2687,Perth,65883,65880,131763,29025,28863,57888,94908,94743,189651
Perth,1988,4,1115,1115,2230,120,120,240,1235,1235,2470,Perth,61956,63137,125093,26830,28318,55148,88786,91455,180241
Perth,1988,5,1165,1163,2328,128,130,258,1293,1293,2586,Perth,60458,61586,122044,22053,26595,48648,82511,88181,170692
Perth,1988,6,1132,1148,2280,131,131,262,1263,1279,2542,Perth,57568,60662,118230,24480,29396,53876,82048,90058,172106
Perth,1988,7,1266,1249,2515,134,136,270,1400,1385,2785,Perth,70721,67793,138514,33827,27505,61332,104548,95298,199846
Perth,1988,8,1239,1228,2467,132,126,258,1371,1354,2725,Perth,65484,65720,131204,29077,27122,56199,94561,92842,187403
Perth,1988,9,1244,1234,2478,131,133,264,1375,1367,2742,Perth,69658,70089,139747,31478,29259,60737,101136,99348,200484
Perth,1988,10,1239,1223,2462,134,136,270,1373,1359,2732,Perth,71342,70151,141493,36134,24652,60786,107476,94803,202279
Perth,1988,11,1185,1174,2359,162,160,322,1347,1334,2681,Perth,63479,64047,127526,33665,27848,61513,97144,91895,189039
Perth,1988,12,1201,1170,2371,184,184,368,1385,1354,2739,Perth,74030,66369,140399,36543,38659,75202,110573,105028,215601
Perth,1989,1,1134,1149,2283,185,188,373,1319,1337,2656,Perth,68686,77048,145734,38174,34352,72526,106860,111400,218260
Perth,1989,2,1023,1016,2039,162,162,324,1185,1178,2363,Perth,54044,55229,109273,33452,26297,59749,87496,81526,169022
Perth,1989,3,1217,1209,2426,170,167,337,1387,1376,2763,Perth,69044,66152,135196,32277,33538,65815,101321,99690,201011
Perth,1989,4,1108,1100,2208,165,169,334,1273,1269,2542,Perth,64907,68444,133351,32430,34241,66671,97337,102685,200022
Perth,1989,5,1179,1173,2352,170,168,338,1349,1341,2690,Perth,62026,62194,124220,25898,30010,55908,87924,92204,180128
Perth,1989,6,1027,1020,2047,166,168,334,1193,1188,2381,Perth,58095,56880,114975,29653,30710,60363,87748,87590,175338
Perth,1989,7,1260,1266,2526,174,174,348,1434,1440,2874,Perth,68308,70741,139049,36394,34417,70811,104702,105158,209860
Perth,1989,8,975,969,1944,171,170,341,1146,1139,2285,Perth,42778,42101,84879,33369,32338,65707,76147,74439,150586
Perth,1989,9,516,512,1028,168,168,336,684,680,1364,Perth,12925,12948,25873,36754,34230,70984,49679,47178,96857
Perth,1989,10,641,648,1289,180,182,362,821,830,1651,Perth,24992,25506,50498,40160,30411,70571,65152,55917,121069
Perth,1989,11,774,759,1533,191,188,379,965,947,1912,Perth,37794,37778,75572,37292,32333,69625,75086,70111,145197
Perth,1989,12,988,969,1957,211,211,422,1199,1180,2379,Perth,55020,49353,104373,38572,44452,83024,93592,93805,187397
Perth,1990,1,992,996,1988,217,217,434,1209,1213,2422,Perth,56122,61664,117786,41545,38177,79722,97667,99841,197508
Perth,1990,2,1020,1021,2041,182,182,364,1202,1203,2405,Perth,49302,49846,99148,36608,27494,64102,85910,77340,163250
Perth,1990,3,1171,1173,2344,198,197,395,1369,1370,2739,Perth,58211,58834,117045,33315,35236,68551,91526,94070,185596
Perth,1990,4,1134,1124,2258,192,194,386,1326,1318,2644,Perth,61567,62673,124240,36039,37639,73678,97606,100312,197918
Perth,1990,5,1207,1203,2410,197,197,394,1404,1400,2804,Perth,55370,56342,111712,28069,33292,61361,83439,89634,173073
Perth,1990,6,1159,1164,2323,196,195,391,1355,1359,2714,Perth,52835,52818,105653,29971,35038,65009,82806,87856,170662
Perth,1990,7,1215,1219,2434,197,201,398,1412,1420,2832,Perth,67358,67913,135271,39916,36946,76862,107274,104859,212133
Perth,1990,8,1156,1245,2401,203,198,401,1359,1443,2802,Perth,59432,60408,119840,36507,33963,70470,95939,94371,190310
Perth,1990,9,1148,1158,2306,192,193,385,1340,1351,2691,Perth,65806,62882,128688,36038,35474,71512,101844,98356,200200
Perth,1990,10,1328,1316,2644,206,209,415,1534,1525,3059,Perth,72804,73486,146290,43147,30951,74098,115951,104437,220388
Perth,1990,11,1299,1298,2597,212,212,424,1511,1510,3021,Perth,65219,66264,131483,38343,33148,71491,103562,99412,202974
Perth,1990,12,1344,1321,2665,232,230,462,1576,1551,3127,Perth,83978,77154,161132,39828,44132,83960,123806,121286,245092
Perth,1991,1,1299,1295,2594,231,231,462,1530,1526,3056,Perth,77284,85701,162985,42055,36059,78114,119339,121760,241099
Perth,1991,2,1180,1192,2372,205,205,410,1385,1397,2782,Perth,57484,59312,116796,33211,27533,60744,90695,86845,177540
Perth,1991,3,1308,1346,2654,212,212,424,1520,1558,3078,Perth,71628,70769,142397,30812,31796,62608,102440,102565,205005
Perth,1991,4,1274,1291,2565,219,219,438,1493,1510,3003,Perth,73059,76308,149367,32339,35004,67343,105398,111312,216710
Perth,1991,5,1321,1338,2659,230,228,458,1551,1566,3117,Perth,67597,67510,135107,28437,30475,58912,96034,97985,194019
Perth,1991,6,1249,1258,2507,224,223,447,1473,1481,2954,Perth,66745,69031,135776,31795,34782,66577,98540,103813,202353
Perth,1991,7,1456,1469,2925,227,225,452,1683,1694,3377,Perth,91807,92957,184764,35465,33082,68547,127272,126039,253311
Perth,1991,8,1416,1436,2852,225,226,451,1641,1662,3303,Perth,89068,88094,177162,31836,30692,62528,120904,118786,239690
Perth,1991,9,1463,1482,2945,223,221,444,1686,1703,3389,Perth,106341,103782,210123,35493,32439,67932,141834,136221,278055
Perth,1991,10,1534,1543,3077,229,229,458,1763,1772,3535,Perth,108564,110921,219485,42364,30995,73359,150928,141916,292844
Perth,1991,11,1442,1459,2901,220,225,445,1662,1684,3346,Perth,93236,95377,188613,38439,35873,74312,131675,131250,262925
Perth,1991,12,1503,1498,3001,232,230,462,1735,1728,3463,Perth,114034,106117,220151,39857,43339,83196,153891,149456,303347
Perth,1992,1,1439,1462,2901,237,235,472,1676,1697,3373,Perth,103459,112534,215993,41898,35561,77459,145357,148095,293452
Perth,1992,2,1302,1318,2620,222,226,448,1524,1544,3068,Perth,73579,76257,149836,38161,31105,69266,111740,107362,219102
Perth,1992,3,1373,1389,2762,239,240,479,1612,1629,3241,Perth,80815,81588,162403,33724,36025,69749,114539,117613,232152
Perth,1992,4,1344,1364,2708,235,231,466,1579,1595,3174,Perth,84691,84798,169489,36156,37305,73461,120847,122103,242950
Perth,1992,5,1318,1343,2661,227,230,457,1545,1573,3118,Perth,73570,74958,148528,25823,31782,57605,99393,106740,206133
Perth,1992,6,1307,1311,2618,233,234,467,1540,1545,3085,Perth,69499,69826,139325,29346,33795,63141,98845,103621,202466
Perth,1992,7,1450,1451,2901,251,247,498,1701,1698,3399,Perth,82976,82283,165259,41597,37969,79566,124573,120252,244825
Perth,1992,8,1346,1352,2698,249,253,502,1595,1605,3200,Perth,75836,75376,151212,36919,35265,72184,112755,110641,223396
Perth,1992,9,1377,1373,2750,242,242,484,1619,1615,3234,Perth,88970,89783,178753,41507,40050,81557,130477,129833,260310
Perth,1992,10,1422,1423,2845,261,261,522,1683,1684,3367,Perth,89608,88994,178602,47647,34960,82607,137255,123954,261209
Perth,1992,11,1359,1366,2725,272,269,541,1631,1635,3266,Perth,82887,84640,167527,40652,36943,77595,123539,121583,245122
Perth,1992,12,1399,1383,2782,286,285,571,1685,1668,3353,Perth,96195,89357,185552,43503,49597,93100,139698,138954,278652
Perth,1993,1,1327,1330,2657,290,293,583,1617,1623,3240,Perth,91519,98687,190206,50360,43010,93370,141879,141697,283576
Perth,1993,2,1202,1197,2399,258,261,519,1460,1458,2918,Perth,74927,75266,150193,37773,29067,66840,112700,104333,217033
Perth,1993,3,1367,1364,2731,281,279,560,1648,1643,3291,Perth,84366,85151,169517,40685,38324,79009,125051,123475,248526
Perth,1993,4,1370,1357,2727,291,289,580,1661,1646,3307,Perth,91579,91472,183051,37545,42525,80070,129124,133997,263121
Perth,1993,5,1467,1469,2936,303,304,607,1770,1773,3543,Perth,81446,82892,164338,32055,35821,67876,113501,118713,232214
Perth,1993,6,1448,1438,2886,292,294,586,1740,1732,3472,Perth,81557,81268,162825,35159,40645,75804,116716,121913,238629
Perth,1993,7,1558,1551,3109,310,309,619,1868,1860,3728,Perth,95992,98315,194307,46560,42983,89543,142552,141298,283850
Perth,1993,8,1516,1520,3036,302,304,606,1818,1824,3642,Perth,88482,86181,174663,40687,38854,79541,129169,125035,254204
Perth,1993,9,1561,1553,3114,309,303,612,1870,1856,3726,Perth,105233,102494,207727,43765,38775,82540,148998,141269,290267
Perth,1993,10,1588,1586,3174,323,325,648,1911,1911,3822,Perth,103101,107154,210255,53671,41937,95608,156772,149091,305863
Perth,1993,11,1562,1558,3120,285,288,573,1847,1846,3693,Perth,92948,95179,188127,45021,42514,87535,137969,137693,275662
Perth,1993,12,1603,1592,3195,316,312,628,1919,1904,3823,Perth,106473,99472,205945,49694,53439,103133,156167,152911,309078
Perth,1994,1,1574,1577,3151,316,317,633,1890,1894,3784,Perth,105665,112848,218513,51394,44949,96343,157059,157797,314856
Perth,1994,2,1425,1426,2851,283,283,566,1708,1709,3417,Perth,88877,89801,178678,46854,39232,86086,135731,129033,264764
Perth,1994,3,1648,1642,3290,317,315,632,1965,1957,3922,Perth,105109,103210,208319,50284,47779,98063,155393,150989,306382
Perth,1994,4,1548,1556,3104,296,296,592,1844,1852,3696,Perth,95305,101166,196471,42409,47238,89647,137714,148404,286118
Perth,1994,5,1631,1625,3256,301,306,607,1932,1931,3863,Perth,94933,94724,189657,36190,41107,77297,131123,135831,266954
Perth,1994,6,1597,1594,3191,299,294,593,1896,1888,3784,Perth,94985,93412,188397,39572,43465,83037,134557,136877,271434
Perth,1994,7,1684,1689,3373,312,314,626,1996,2003,3999,Perth,108260,112767,221027,53962,49119,103081,162222,161886,324108
Perth,1994,8,1681,1680,3361,299,299,598,1980,1979,3959,Perth,102656,102070,204726,45538,42381,87919,148194,144451,292645
Perth,1994,9,1669,1668,3337,298,298,596,1967,1966,3933,Perth,112354,113911,226265,47137,43693,90830,159491,157604,317095
Perth,1994,10,1726,1721,3447,313,315,628,2039,2036,4075,Perth,121013,121598,242611,56081,42709,98790,177094,164307,341401
Perth,1994,11,1710,1715,3425,309,311,620,2019,2026,4045,Perth,110813,111922,222735,49611,45697,95308,160424,157619,318043
Perth,1994,12,1798,1806,3604,338,333,671,2136,2139,4275,Perth,122209,112648,234857,55513,59132,114645,177722,171780,349502
Perth,1995,1,1781,1782,3563,327,332,659,2108,2114,4222,Perth,122847,133939,256786,56244,50272,106516,179091,184211,363302
Perth,1995,2,1620,1619,3239,300,299,599,1920,1918,3838,Perth,100977,102195,203172,49223,40143,89366,150200,142338,292538
Perth,1995,3,1882,1882,3764,340,337,677,2222,2219,4441,Perth,109180,109118,218298,48580,51582,100162,157760,160700,318460
Perth,1995,4,1840,1830,3670,324,330,654,2164,2160,4324,Perth,112573,114823,227396,45465,48049,93514,158038,162872,320910
Perth,1995,5,1911,1913,3824,329,329,658,2240,2242,4482,Perth,106272,106395,212667,39776,43116,82892,146048,149511,295559
Perth,1995,6,1852,1851,3703,353,353,706,2205,2204,4409,Perth,103046,103368,206414,43904,49123,93027,146950,152491,299441
Perth,1995,7,1947,1932,3879,343,348,691,2290,2280,4570,Perth,116730,117748,234478,53114,48441,101555,169844,166189,336033
Perth,1995,8,1896,1882,3778,343,345,688,2239,2227,4466,Perth,116946,115421,232367,48664,45324,93988,165610,160745,326355
Perth,1995,9,1857,1839,3696,341,347,688,2198,2186,4384,Perth,120899,122117,243016,50028,47882,97910,170927,169999,340926
Perth,1995,10,1927,1921,3848,347,352,699,2274,2273,4547,Perth,130937,132096,263033,60377,46042,106419,191314,178138,369452
Perth,1995,11,1920,1915,3835,349,343,692,2269,2258,4527,Perth,116450,120142,236592,53531,47754,101285,169981,167896,337877
Perth,1995,12,1860,1853,3713,376,380,756,2236,2233,4469,Perth,127770,121699,249469,60414,63789,124203,188184,185488,373672
Perth,1996,1,1898,1887,3785,381,379,760,2279,2266,4545,Perth,128907,135913,264820,57567,51274,108841,186474,187187,373661
Perth,1996,2,1774,1769,3543,365,362,727,2139,2131,4270,Perth,108427,110179,218606,57417,46466,103883,165844,156645,322489
Perth,1996,3,1907,1904,3811,369,374,743,2276,2278,4554,Perth,122631,123264,245895,48592,53734,102326,171223,176998,348221
Perth,1996,4,1896,1891,3787,364,365,729,2260,2256,4516,Perth,125635,126366,252001,51685,51397,103082,177320,177763,355083
Perth,1996,5,1964,1966,3930,370,369,739,2334,2335,4669,Perth,119061,118806,237867,40675,47602,88277,159736,166408,326144
Perth,1996,6,1918,1926,3844,364,363,727,2282,2289,4571,Perth,115842,114795,230637,48176,56146,104322,164018,170941,334959
Perth,1996,7,2116,2119,4235,375,374,749,2491,2493,4984,Perth,130701,134478,265179,58363,52150,110513,189064,186628,375692
Perth,1996,8,2083,2092,4175,377,379,756,2460,2471,4931,Perth,130116,128089,258205,53259,51605,104864,183375,179694,363069
Perth,1996,9,2020,2016,4036,371,370,741,2391,2386,4777,Perth,137265,139793,277058,55184,53068,108252,192449,192861,385310
Perth,1996,10,2112,2110,4222,371,371,742,2483,2481,4964,Perth,140407,141991,282398,66160,49709,115869,206567,191700,398267
Perth,1996,11,2014,2028,4042,365,365,730,2379,2393,4772,Perth,126040,129242,255282,58520,50944,109464,184560,180186,364746
Perth,1996,12,2014,2004,4018,387,387,774,2401,2391,4792,Perth,141493,136891,278384,64288,68146,132434,205781,205037,410818
Perth,1997,1,2018,2014,4032,391,391,782,2409,2405,4814,Perth,136130,143902,280032,64790,57369,122159,200920,201271,402191
Perth,1997,2,1856,1870,3726,337,336,673,2193,2206,4399,Perth,112790,119145,231935,59244,49266,108510,172034,168411,340445
Perth,1997,3,2018,2016,4034,369,369,738,2387,2385,4772,Perth,133314,129736,263050,56087,55135,111222,189401,184871,374272
Perth,1997,4,1963,1966,3929,353,352,705,2316,2318,4634,Perth,132816,134398,267214,53115,56935,110050,185931,191333,377264
Perth,1997,5,2029,2046,4075,366,365,731,2395,2411,4806,Perth,121872,124384,246256,46133,55704,101837,168005,180088,348093
Perth,1997,6,1967,1970,3937,353,351,704,2320,2321,4641,Perth,117512,117053,234565,51540,58023,109563,169052,175076,344128
Perth,1997,7,2068,2077,4145,373,375,748,2441,2452,4893,Perth,134812,138041,272853,65967,59957,125924,200779,197998,398777
Perth,1997,8,2073,2082,4155,377,376,753,2450,2458,4908,Perth,129733,129733,259466,56706,54534,111240,186439,184267,370706
Perth,1997,9,2022,2030,4052,362,362,724,2384,2392,4776,Perth,136529,138861,275390,60945,57902,118847,197474,196763,394237
Perth,1997,10,2064,2073,4137,366,363,729,2430,2436,4866,Perth,144473,146741,291214,73624,54988,128612,218097,201729,419826
Perth,1997,11,1942,1936,3878,349,349,698,2291,2285,4576,Perth,125814,128641,254455,61527,58073,119600,187341,186714,374055
Perth,1997,12,1956,1952,3908,370,370,740,2326,2322,4648,Perth,140097,136468,276565,64357,67593,131950,204454,204061,408515
Perth,1998,1,1922,1933,3855,382,381,763,2304,2314,4618,Perth,141481,148950,290431,67064,59051,126115,208545,208001,416546
Perth,1998,2,1774,1773,3547,336,336,672,2110,2109,4219,Perth,115803,116812,232615,57027,48614,105641,172830,165426,338256
Perth,1998,3,1958,1968,3926,362,362,724,2320,2330,4650,Perth,136798,136160,272958,54942,57670,112612,191740,193830,385570
Perth,1998,4,1910,1911,3821,378,378,756,2288,2289,4577,Perth,137112,137159,274271,57655,60635,118290,194767,197794,392561
Perth,1998,5,1935,1933,3868,393,396,789,2328,2329,4657,Perth,128940,129414,258354,51800,59566,111366,180740,188980,369720
Perth,1998,6,1870,1877,3747,380,378,758,2250,2255,4505,Perth,121726,121980,243706,54037,57758,111795,175763,179738,355501
Perth,1998,7,1981,1979,3960,401,402,803,2382,2381,4763,Perth,140351,141494,281845,64652,56857,121509,205003,198351,403354
Perth,1998,8,1903,1903,3806,403,404,807,2306,2307,4613,Perth,132724,132369,265093,58803,58496,117299,191527,190865,382392
Perth,1998,9,1860,1867,3727,389,390,779,2249,2257,4506,Perth,139120,140113,279233,63312,58014,121326,202432,198127,400559
Perth,1998,10,1901,1900,3801,398,397,795,2299,2297,4596,Perth,144757,147642,292399,73330,59697,133027,218087,207339,425426
Perth,1998,11,1810,1817,3627,373,374,747,2183,2191,4374,Perth,129799,132211,262010,65005,56690,121695,194804,188901,383705
Perth,1998,12,1832,1837,3669,385,386,771,2217,2223,4440,Perth,142586,140023,282609,65957,67445,133402,208543,207468,416011
Perth,1999,1,1788,1793,3581,401,402,803,2189,2195,4384,Perth,141717,146758,288475,69618,65200,134818,211335,211958,423293
Perth,1999,2,1661,1664,3325,358,358,716,2019,2022,4041,Perth,112050,117309,229359,62094,49586,111680,174144,166895,341039
Perth,1999,3,1863,1869,3732,389,388,777,2252,2257,4509,Perth,135111,135254,270365,61531,60851,122382,196642,196105,392747
Perth,1999,4,1805,1804,3609,397,397,794,2202,2201,4403,Perth,135749,135345,271094,56074,60447,116521,191823,195792,387615
Perth,1999,5,1870,1878,3748,407,405,812,2277,2283,4560,Perth,126054,127758,253812,51762,53992,105754,177816,181750,359566
Perth,1999,6,1833,1834,3667,375,378,753,2208,2212,4420,Perth,122340,124323,246663,52459,62042,114501,174799,186365,361164
Perth,1999,7,1954,1955,3909,417,416,833,2371,2371,4742,Perth,137528,140068,277596,68054,58327,126381,205582,198395,403977
Perth,1999,8,1956,1960,3916,418,419,837,2374,2379,4753,Perth,132112,131257,263369,61379,62213,123592,193491,193470,386961
Perth,1999,9,1938,1937,3875,404,405,809,2342,2342,4684,Perth,146794,148211,295005,67598,61027,128625,214392,209238,423630
Perth,1999,10,1955,1952,3907,421,421,842,2376,2373,4749,Perth,149796,153901,303697,77195,57410,134605,226991,211311,438302
Perth,1999,11,1920,1931,3851,400,399,799,2320,2330,4650,Perth,133295,137686,270981,66618,60317,126935,199913,198003,397916
Perth,1999,12,1924,1926,3850,413,416,829,2337,2342,4679,Perth,141806,144865,286671,60732,68372,129104,202538,213237,415775
Perth,2000,1,1878,1877,3755,432,431,863,2310,2308,4618,Perth,148560,147709,296269,72336,64484,136820,220896,212193,433089
Perth,2000,2,1765,1766,3531,392,394,786,2157,2160,4317,Perth,121176,123532,244708,66068,52829,118897,187244,176361,363605
Perth,2000,3,1894,1899,3793,409,410,819,2303,2309,4612,Perth,144410,141810,286220,62341,66451,128792,206751,208261,415012
Perth,2000,4,1857,1859,3716,413,414,827,2270,2273,4543,Perth,148269,147877,296146,66159,66943,133102,214428,214820,429248
Perth,2000,5,2002,2003,4005,403,402,805,2405,2405,4810,Perth,136087,139535,275622,50973,59270,110243,187060,198805,385865
Perth,2000,6,1921,1922,3843,403,403,806,2324,2325,4649,Perth,137896,139956,277852,55167,64579,119746,193063,204535,397598
Perth,2000,7,1968,1966,3934,434,433,867,2402,2399,4801,Perth,137821,139379,277200,72134,59338,131472,209955,198717,408672
Perth,2000,8,2001,1999,4000,425,426,851,2426,2425,4851,Perth,135134,136587,271721,63905,62378,126283,199039,198965,398004
Perth,2000,9,1960,1968,3928,420,417,837,2380,2385,4765,Perth,161041,164073,325114,65804,62096,127900,226845,226169,453014
Perth,2000,10,2009,2004,4013,427,427,854,2436,2431,4867,Perth,159676,157928,317604,80981,62148,143129,240657,220076,460733
Perth,2000,11,1934,1936,3870,430,432,862,2364,2368,4732,Perth,143017,144481,287498,74412,69788,144200,217429,214269,431698
Perth,2000,12,1906,1905,3811,463,463,926,2369,2368,4737,Perth,155845,151323,307168,80718,79320,160038,236563,230643,467206
Perth,2001,1,1926,1926,3852,428,427,855,2354,2353,4707,Perth,158224,168586,326810,78222,75406,153628,236446,243992,480438
Perth,2001,2,1742,1740,3482,348,350,698,2090,2090,4180,Perth,129141,131577,260718,66945,51049,117994,196086,182626,378712
Perth,2001,3,1959,1969,3928,403,402,805,2362,2371,4733,Perth,151402,150394,301796,66823,67993,134816,218225,218387,436612
Perth,2001,4,1902,1899,3801,390,389,779,2292,2288,4580,Perth,152644,153570,306214,62964,67451,130415,215608,221021,436629
Perth,2001,5,1954,1956,3910,389,392,781,2343,2348,4691,Perth,143772,144280,288052,51849,59795,111644,195621,204075,399696
Perth,2001,6,1877,1880,3757,387,388,775,2264,2268,4532,Perth,142092,142943,285035,58802,67064,125866,200894,210007,410901
Perth,2001,7,1962,1960,3922,381,383,764,2343,2343,4686,Perth,145502,146823,292325,72886,62759,135645,218388,209582,427970
Perth,2001,8,1972,1973,3945,381,382,763,2353,2355,4708,Perth,146486,146179,292665,66192,65246,131438,212678,211425,424103
Perth,2001,9,1326,1331,2657,369,364,733,1695,1695,3390,Perth,118382,118527,236909,71776,66339,138115,190158,184866,375024
Perth,2001,10,1291,1288,2579,363,360,723,1654,1648,3302,Perth,114387,116998,231385,77573,58859,136432,191960,175857,367817
Perth,2001,11,1423,1424,2847,360,354,714,1783,1778,3561,Perth,119436,123339,242775,64610,57426,122036,184046,180765,364811
Perth,2001,12,1535,1535,3070,378,373,751,1913,1908,3821,Perth,140544,136575,277119,75393,73957,149350,215937,210532,426469
Perth,2002,1,1598,1598,3196,358,355,713,1956,1953,3909,Perth,141743,153902,295645,74537,71902,146439,216280,225804,442084
Perth,2002,2,1479,1478,2957,320,316,636,1799,1794,3593,Perth,129722,136090,265812,69733,55801,125534,199455,191891,391346
Perth,2002,3,1379,1379,2758,350,346,696,1729,1725,3454,Perth,136523,135185,271708,72426,67876,140302,208949,203061,412010
Perth,2002,4,1416,1419,2835,332,333,665,1748,1752,3500,Perth,127898,136539,264437,56825,68791,125616,184723,205330,390053
Perth,2002,5,1459,1465,2924,347,347,694,1806,1812,3618,Perth,130450,129651,260101,57756,62436,120192,188206,192087,380293
Perth,2002,6,1414,1418,2832,339,338,677,1753,1756,3509,Perth,118474,119392,237866,59217,67405,126622,177691,186797,364488
Perth,2002,7,1567,1571,3138,348,347,695,1915,1918,3833,Perth,141346,145697,287043,74196,63105,137301,215542,208802,424344
Perth,2002,8,1570,1575,3145,365,365,730,1935,1940,3875,Perth,136980,137579,274559,67477,67349,134826,204457,204928,409385
Perth,2002,9,1556,1558,3114,354,353,707,1910,1911,3821,Perth,142716,143178,285894,72429,68170,140599,215145,211348,426493
Perth,2002,10,1633,1638,3271,365,365,730,1998,2003,4001,Perth,156056,161700,317756,83677,60706,144383,239733,222406,462139
Perth,2002,11,1633,1634,3267,336,341,677,1969,1975,3944,Perth,143646,144100,287746,71636,64282,135918,215282,208382,423664
Perth,2002,12,1684,1684,3368,356,359,715,2040,2043,4083,Perth,162738,160010,322748,77846,80844,158690,240584,240854,481438
Perth,2003,1,1717,1718,3435,349,356,705,2066,2074,4140,Perth,158915,168237,327152,78546,72174,150720,237461,240411,477872
Perth,2003,2,1575,1572,3147,324,328,652,1899,1900,3799,Perth,136400,140060,276460,71789,56256,128045,208189,196316,404505
Perth,2003,3,1725,1727,3452,362,366,728,2087,2093,4180,Perth,156746,158020,314766,64852,65621,130473,221598,223641,445239
Perth,2003,4,1674,1677,3351,353,356,709,2027,2033,4060,Perth,152996,158277,311273,52889,56287,109176,205885,214564,420449
Perth,2003,5,1728,1732,3460,348,350,698,2076,2082,4158,Perth,157762,158397,316159,45320,50501,95821,203082,208898,411980
Perth,2003,6,1645,1638,3283,336,341,677,1981,1979,3960,Perth,146819,147447,294266,51203,56388,107591,198022,203835,401857
Perth,2003,7,1726,1726,3452,370,374,744,2096,2100,4196,Perth,166972,170268,337240,72230,60336,132566,239202,230604,469806
Perth,2003,8,1638,1634,3272,374,379,753,2012,2013,4025,Perth,155791,156477,312268,62888,63434,126322,218679,219911,438590
Perth,2003,9,1695,1694,3389,371,374,745,2066,2068,4134,Perth,167336,166888,334224,74790,68555,143345,242126,235443,477569
Perth,2003,10,1807,1808,3615,389,395,784,2196,2203,4399,Perth,180979,186216,367195,85503,63909,149412,266482,250125,516607
Perth,2003,11,1707,1705,3412,389,394,783,2096,2099,4195,Perth,167167,168497,335664,72981,69922,142903,240148,238419,478567
Perth,2003,12,1750,1745,3495,409,411,820,2159,2156,4315,Perth,186464,179492,365956,84625,85623,170248,271089,265115,536204
Perth,2004,1,1744,1748,3492,406,409,815,2150,2157,4307,Perth,181788,187989,369777,89842,86044,175886,271630,274033,545663
Perth,2004,2,1599,1594,3193,360,367,727,1959,1961,3920,Perth,159092,161941,321033,78288,60862,139150,237380,222803,460183
Perth,2004,3,1825,1822,3647,381,384,765,2206,2206,4412,Perth,182824,182467,365291,71796,74164,145960,254620,256631,511251
Perth,2004,4,1811,1813,3624,372,378,750,2183,2191,4374,Perth,185725,184449,370174,71155,77719,148874,256880,262168,519048
Perth,2004,5,1896,1894,3790,381,385,766,2277,2279,4556,Perth,170806,171814,342620,57656,66660,124316,228462,238474,466936
Perth,2004,6,1850,1844,3694,376,380,756,2226,2224,4450,Perth,166186,166933,333119,63867,71389,135256,230053,238322,468375
Perth,2004,7,1999,1995,3994,407,411,818,2406,2406,4812,Perth,196422,198875,395297,83609,72545,156154,280031,271420,551451
Perth,2004,8,1971,1966,3937,389,392,781,2360,2358,4718,Perth,186086,185234,371320,73432,72063,145495,259518,257297,516815
Perth,2004,9,1934,1931,3865,370,371,741,2304,2302,4606,Perth,192867,188619,381486,75466,65991,141457,268333,254610,522943
Perth,2004,10,1987,1986,3973,402,411,813,2389,2397,4786,Perth,207843,212219,420062,89361,73702,163063,297204,285921,583125
Perth,2004,11,1897,1895,3792,423,425,848,2320,2320,4640,Perth,189096,189525,378621,84746,78693,163439,273842,268218,542060
Perth,2004,12,1929,1930,3859,470,474,944,2399,2404,4803,Perth,197424,191067,388491,91475,96864,188339,288899,287931,576830
Perth,2005,1,1932,1931,3863,469,470,939,2401,2401,4802,Perth,189568,198016,387584,99674,88862,188536,289242,286878,576120
Perth,2005,2,1720,1708,3428,422,427,849,2142,2135,4277,Perth,169047,171240,340287,86176,70692,156868,255223,241932,497155
Perth,2005,3,1909,1902,3811,463,468,931,2372,2370,4742,Perth,197973,194731,392704,89020,86186,175206,286993,280917,567910
Perth,2005,4,1889,1887,3776,450,457,907,2339,2344,4683,Perth,197287,199144,396431,74527,85781,160308,271814,284925,556739
Perth,2005,5,1957,1948,3905,457,459,916,2414,2407,4821,Perth,185490,185585,371075,67369,77161,144530,252859,262746,515605
Perth,2005,6,1911,1908,3819,466,470,936,2377,2378,4755,Perth,177674,178069,355743,75313,86978,162291,252987,265047,518034
Perth,2005,7,1982,1973,3955,478,488,966,2460,2461,4921,Perth,203739,204450,408189,94033,79644,173677,297772,284094,581866
Perth,2005,8,2038,2034,4072,477,477,954,2515,2511,5026,Perth,199641,197631,397272,79714,79578,159292,279355,277209,556564
Perth,2005,9,1993,2000,3993,431,432,863,2424,2432,4856,Perth,213694,216224,429918,86221,79796,166017,299915,296020,595935
Perth,2005,10,1983,1987,3970,434,438,872,2417,2425,4842,Perth,217453,217738,435191,97595,71530,169125,315048,289268,604316
Perth,2005,11,1986,1991,3977,393,392,785,2379,2383,4762,Perth,204604,206082,410686,80761,78913,159674,285365,284995,570360
Perth,2005,12,2006,2008,4014,428,428,856,2434,2436,4870,Perth,219252,210340,429592,91838,99663,191501,311090,310003,621093
Perth,2006,1,1955,1968,3923,430,429,859,2385,2397,4782,Perth,211048,221539,432587,102499,86673,189172,313547,308212,621759
Perth,2006,2,1850,1851,3701,374,374,748,2224,2225,4449,Perth,180765,183329,364094,84447,68749,153196,265212,252078,517290
Perth,2006,3,2095,2085,4180,419,420,839,2514,2505,5019,Perth,215908,216251,432159,77375,80277,157652,293283,296528,589811
Perth,2006,4,1956,1945,3901,409,412,821,2365,2357,4722,Perth,223364,223317,446681,79272,89197,168469,302636,312514,615150
Perth,2006,5,2051,2051,4102,423,421,844,2474,2472,4946,Perth,218306,217135,435441,65666,73398,139064,283972,290533,574505
Perth,2006,6,1980,1980,3960,409,408,817,2389,2388,4777,Perth,202140,201554,403694,70329,82582,152911,272469,284136,556605
Perth,2006,7,2030,2032,4062,428,429,857,2458,2461,4919,Perth,233755,238277,472032,96083,80422,176505,329838,318699,648537
Perth,2006,8,2094,2098,4192,427,424,851,2521,2522,5043,Perth,225482,226978,452460,80202,76904,157106,305684,303882,609566
Perth,2006,9,2097,2091,4188,440,443,883,2537,2534,5071,Perth,234665,242285,476950,83593,77106,160699,318258,319391,637649
Perth,2006,10,2155,2164,4319,453,453,906,2608,2617,5225,Perth,262833,259340,522173,105339,80122,185461,368172,339462,707634
Perth,2006,11,2106,2104,4210,447,444,891,2553,2548,5101,Perth,247483,248381,495864,88605,81909,170514,336088,330290,666378
Perth,2006,12,2106,2097,4203,490,494,984,2596,2591,5187,Perth,249272,246463,495735,109355,114773,224128,358627,361236,719863
Perth,2007,1,2080,2084,4164,493,492,985,2573,2576,5149,Perth,244674,253638,498312,116820,99440,216260,361494,353078,714572
Perth,2007,2,1919,1916,3835,441,441,882,2360,2357,4717,Perth,209585,214564,424149,96188,76677,172865,305773,291241,597014
Perth,2007,3,2176,2171,4347,489,490,979,2665,2661,5326,Perth,254300,250966,505266,91010,93496,184506,345310,344462,689772
Perth,2007,4,2116,2118,4234,482,481,963,2598,2599,5197,Perth,254351,256080,510431,91680,100841,192521,346031,356921,702952
Perth,2007,5,2212,2208,4420,499,499,998,2711,2707,5418,Perth,235472,238249,473721,77954,87480,165434,313426,325729,639155
Perth,2007,6,2164,2161,4325,490,491,981,2654,2652,5306,Perth,230159,228118,458277,85112,100610,185722,315271,328728,643999
Perth,2007,7,2272,2279,4551,515,516,1031,2787,2795,5582,Perth,262928,272675,535603,118158,96690,214848,381086,369365,750451
Perth,2007,8,2322,2323,4645,506,505,1011,2828,2828,5656,Perth,260685,258443,519128,96078,94491,190569,356763,352934,709697
Perth,2007,9,2228,2230,4458,494,496,990,2722,2726,5448,Perth,256285,260255,516540,102537,97623,200160,358822,357878,716700
Perth,2007,10,2351,2359,4710,513,511,1024,2864,2870,5734,Perth,285792,288483,574275,122294,91943,214237,408086,380426,788512
Perth,2007,11,2315,2312,4627,515,514,1029,2830,2826,5656,Perth,267972,269282,537254,101676,93373,195049,369648,362655,732303
Perth,2007,12,2345,2341,4686,559,560,1119,2904,2901,5805,Perth,277894,274396,552290,113436,127961,241397,391330,402357,793687
Perth,2008,1,2367,2374,4741,558,557,1115,2925,2931,5856,Perth,273258,281233,554491,132455,108628,241083,405713,389861,795574
Perth,2008,2,2261,2250,4511,506,506,1012,2767,2756,5523,Perth,247955,254730,502685,110164,85160,195324,358119,339890,698009
Perth,2008,3,2414,2414,4828,533,532,1065,2947,2946,5893,Perth,280666,274207,554873,104167,102936,207103,384833,377143,761976
Perth,2008,4,2403,2394,4797,510,509,1019,2913,2903,5816,Perth,282404,285759,568163,96530,105857,202387,378934,391616,770550
Perth,2008,5,2477,2470,4947,518,519,1037,2995,2989,5984,Perth,268050,271377,539427,84799,95206,180005,352849,366583,719432
Perth,2008,6,2476,2460,4936,549,547,1096,3025,3007,6032,Perth,262804,256716,519520,92915,102743,195658,355719,359459,715178
Perth,2008,7,2633,2634,5267,566,567,1133,3199,3201,6400,Perth,291354,300383,591737,123325,100960,224285,414679,401343,816022
Perth,2008,8,2586,2577,5163,555,557,1112,3141,3134,6275,Perth,277328,274111,551439,101784,98531,200315,379112,372642,751754
Perth,2008,9,2610,2608,5218,569,568,1137,3179,3176,6355,Perth,279946,279988,559934,104803,102062,206865,384749,382050,766799
Perth,2008,10,2797,2792,5589,593,587,1180,3390,3379,6769,Perth,309029,307695,616724,129204,96292,225496,438233,403987,842220
Perth,2008,11,2719,2718,5437,590,590,1180,3309,3308,6617,Perth,280984,283844,564828,104018,98251,202269,385002,382095,767097
Perth,2008,12,2762,2755,5517,669,667,1336,3431,3422,6853,Perth,293070,288289,581359,115682,136550,252232,408752,424839,833591
Perth,2009,1,2702,2696,5398,696,696,1392,3398,3392,6790,Perth,284420,288108,572528,145541,115339,260880,429961,403447,833408
Perth,2009,2,2460,2459,4919,564,563,1127,3024,3022,6046,Perth,240828,246457,487285,108734,82162,190896,349562,328619,678181
Perth,2009,3,2736,2731,5467,626,625,1251,3362,3356,6718,Perth,290377,290272,580649,101113,102056,203169,391490,392328,783818
Perth,2009,4,2653,2649,5302,621,617,1238,3274,3266,6540,Perth,289319,288945,578264,108813,114652,223465,398132,403597,801729
Perth,2009,5,2735,2726,5461,603,607,1210,3338,3333,6671,Perth,273757,276679,550436,91788,105108,196896,365545,381787,747332
Perth,2009,6,2689,2681,5370,610,609,1219,3299,3290,6589,Perth,263657,260439,524096,98608,114593,213201,362265,375032,737297
Perth,2009,7,2786,2781,5567,663,662,1325,3449,3443,6892,Perth,300210,303804,604014,128152,112281,240433,428362,416085,844447
Perth,2009,8,2702,2697,5399,678,676,1354,3380,3373,6753,Perth,287863,285473,573336,110726,106906,217632,398589,392379,790968
Perth,2009,9,2693,2691,5384,691,691,1382,3384,3382,6766,Perth,292571,296351,588922,121982,120913,242895,414553,417264,831817
Perth,2009,10,2737,2741,5478,714,716,1430,3451,3457,6908,Perth,308512,308055,616567,143712,114485,258197,452224,422540,874764
Perth,2009,11,2631,2615,5246,717,717,1434,3348,3332,6680,Perth,287543,289705,577248,124069,119648,243717,411612,409353,820965
Perth,2009,12,2689,2675,5364,761,756,1517,3450,3431,6881,Perth,296308,291384,587692,128445,154911,283356,424753,446295,871048
Perth,2010,1,2695,2704,5399,763,764,1527,3458,3468,6926,Perth,286464,288436,574900,162965,132416,295381,449429,420852,870281
Perth,2010,2,2465,2479,4944,663,665,1328,3128,3144,6272,Perth,257710,260696,518406,121055,104937,225992,378765,365633,744398
Perth,2010,3,2849,2864,5713,724,723,1447,3573,3587,7160,Perth,310802,308441,619243,123514,128335,251849,434316,436776,871092
Perth,2010,4,2777,2778,5555,718,720,1438,3495,3498,6993,Perth,302872,302407,605279,120962,123936,244898,423834,426343,850177
Perth,2010,5,2821,2826,5647,735,732,1467,3556,3558,7114,Perth,287923,286187,574110,104309,114443,218752,392232,400630,792862
Perth,2010,6,2755,2761,5516,744,744,1488,3499,3505,7004,Perth,287123,283871,570994,115473,143302,258775,402596,427173,829769
Perth,2010,7,2908,2904,5812,791,790,1581,3699,3694,7393,Perth,318123,322413,640536,152709,129033,281742,470832,451446,922278
Perth,2010,8,2932,2919,5851,744,746,1490,3676,3665,7341,Perth,308752,304122,612874,124979,124766,249745,433731,428888,862619
Perth,2010,9,2878,2878,5756,732,728,1460,3610,3606,7216,Perth,318333,314362,632695,135453,138472,273925,453786,452834,906620
Perth,2010,10,2912,2919,5831,755,755,1510,3667,3674,7341,Perth,334601,336074,670675,159154,123118,282272,493755,459192,952947
Perth,2010,11,2875,2861,5736,734,739,1473,3609,3600,7209,Perth,319379,318384,637763,126434,125609,252043,445813,443993,889806
Perth,2010,12,2947,2920,5867,817,817,1634,3764,3737,7501,Perth,334075,328303,662378,132438,165897,298335,466513,494200,960713
Perth,2011,1,2801,2821,5622,854,854,1708,3655,3675,7330,Perth,314220,319155,633375,181208,142653,323861,495428,461808,957236
Perth,2011,2,2587,2589,5176,699,700,1399,3286,3289,6575,Perth,274070,276149,550219,132824,109037,241861,406894,385186,792080
Perth,2011,3,2968,2973,5941,771,767,1538,3739,3740,7479,Perth,330530,331084,661614,123725,124375,248100,454255,455459,909714
Perth,2011,4,2951,2964,5915,800,802,1602,3751,3766,7517,Perth,329318,332212,661530,128507,145585,274092,457825,477797,935622
Perth,2011,5,3068,3070,6138,792,793,1585,3860,3863,7723,Perth,334896,330573,665469,126487,127062,253549,461383,457635,919018
Perth,2011,6,2843,2837,5680,781,777,1558,3624,3614,7238,Perth,309801,305518,615319,122825,142806,265631,432626,448324,880950
Perth,2011,7,3054,3063,6117,836,835,1671,3890,3898,7788,Perth,350500,356774,707274,161562,144998,306560,512062,501772,1013834
Perth,2011,8,3116,3120,6236,819,821,1640,3935,3941,7876,Perth,351078,345010,696088,139530,127583,267113,490608,472593,963201
Perth,2011,9,3014,3026,6040,786,787,1573,3800,3813,7613,Perth,346669,345169,691838,140559,144486,285045,487228,489655,976883
Perth,2011,10,2957,2992,5949,794,798,1592,3751,3790,7541,Perth,352748,356350,709098,165756,135565,301321,518504,491915,1010419
Perth,2011,11,2948,2980,5928,770,768,1538,3718,3748,7466,Perth,358408,357742,716150,137757,132561,270318,496165,490303,986468
Perth,2011,12,3028,3054,6082,855,856,1711,3883,3910,7793,Perth,360465,347593,708058,136199,175818,312017,496664,523411,1020075
Perth,2012,1,3143,3172,6315,887,887,1774,4030,4059,8089,Perth,352760,360850,713610,188945,147847,336792,541705,508697,1050402
Perth,2012,2,2968,2992,5960,764,764,1528,3732,3756,7488,Perth,325182,329065,654247,144942,116154,261096,470124,445219,915343
Perth,2012,3,3228,3235,6463,793,791,1584,4021,4026,8047,Perth,372895,368765,741660,139493,142470,281963,512388,511235,1023623
Perth,2012,4,3187,3178,6365,804,805,1609,3991,3983,7974,Perth,369818,366259,736077,146446,153732,300178,516264,519991,1036255
Perth,2012,5,3250,3257,6507,792,790,1582,4042,4047,8089,Perth,368165,369693,737858,123171,135126,258297,491336,504819,996155
Perth,2012,6,3126,3149,6275,775,776,1551,3901,3925,7826,Perth,360736,354342,715078,134790,154268,289058,495526,508610,1004136
Perth,2012,7,3439,3437,6876,867,863,1730,4306,4300,8606,Perth,398586,400597,799183,173443,149645,323088,572029,550242,1122271
Perth,2012,8,3407,3425,6832,848,849,1697,4255,4274,8529,Perth,387883,387138,775021,144289,142521,286810,532172,529659,1061831
Perth,2012,9,3288,3285,6573,826,825,1651,4114,4110,8224,Perth,384328,379508,763836,155108,155652,310760,539436,535160,1074596
Perth,2012,10,3460,3478,6938,840,840,1680,4300,4318,8618,Perth,413707,419032,832739,183232,146786,330018,596939,565818,1162757
Perth,2012,11,3270,3275,6545,829,827,1656,4099,4102,8201,Perth,386062,384542,770604,147270,146048,293318,533332,530590,1063922
Perth,2012,12,3237,3235,6472,938,940,1878,4175,4175,8350,Perth,380373,379285,759658,150447,196943,347390,530820,576228,1107048
Perth,2013,1,3203,3227,6430,940,931,1871,4143,4158,8301,Perth,373730,383134,756864,208925,159037,367962,582655,542171,1124826
Perth,2013,2,2839,2844,5683,817,817,1634,3656,3661,7317,Perth,322002,320456,642458,152007,126370,278377,474009,446826,920835
Perth,2013,3,3191,3192,6383,889,891,1780,4080,4083,8163,Perth,381463,380000,761463,151995,151384,303379,533458,531384,1064842
Perth,2013,4,3284,3289,6573,864,867,1731,4148,4156,8304,Perth,381375,393724,775099,143640,162889,306529,525015,556613,1081628
Perth,2013,5,3346,3345,6691,847,847,1694,4193,4192,8385,Perth,380024,373231,753255,144424,147124,291548,524448,520355,1044803
Perth,2013,6,3105,3108,6213,882,881,1763,3987,3989,7976,Perth,357261,342828,700089,141523,160898,302421,498784,503726,1002510
Perth,2013,7,3440,3444,6884,1012,1016,2028,4452,4460,8912,Perth,398806,412089,810895,187095,169847,356942,585901,581936,1167837
Perth,2013,8,3310,3329,6639,992,990,1982,4302,4319,8621,Perth,373945,373517,747462,161495,159005,320500,535440,532522,1067962
Perth,2013,9,3289,3285,6574,954,956,1910,4243,4241,8484,Perth,373714,373591,747305,166260,169413,335673,539974,543004,1082978
Perth,2013,10,3384,3393,6777,1002,999,2001,4386,4392,8778,Perth,403993,403832,807825,196425,152043,348468,600418,555875,1156293
Perth,2013,11,3159,3174,6333,953,951,1904,4112,4125,8237,Perth,363121,362817,725938,156917,153245,310162,520038,516062,1036100
Perth,2013,12,3183,3184,6367,1102,1104,2206,4285,4288,8573,Perth,377892,375327,753219,170531,227348,397879,548423,602675,1151098
Perth,2014,1,3256,3265,6521,1158,1159,2317,4414,4424,8838,Perth,373794,384806,758600,244756,188565,433321,618550,573371,1191921
Perth,2014,2,2922,2933,5855,942,943,1885,3864,3876,7740,Perth,323572,327180,650752,165809,138879,304688,489381,466059,955440
Perth,2014,3,3218,3215,6433,1019,1018,2037,4237,4233,8470,Perth,368083,363511,731594,157118,158112,315230,525201,521623,1046824
Perth,2014,4,3230,3241,6471,1037,1037,2074,4267,4278,8545,Perth,381317,385947,767264,174325,184451,358776,555642,570398,1126040
Perth,2014,5,3210,3216,6426,921,921,1842,4131,4137,8268,Perth,350939,355327,706266,142723,158400,301123,493662,513727,1007389
Perth,2014,6,3058,3051,6109,892,893,1785,3950,3944,7894,Perth,342876,330153,673029,145966,170833,316799,488842,500986,989828
Perth,2014,7,3226,3230,6456,1033,1031,2064,4259,4261,8520,Perth,377458,391848,769306,205965,178812,384777,583423,570660,1154083
Perth,2014,8,3082,3067,6149,966,968,1934,4048,4035,8083,Perth,361356,358479,719835,163905,166519,330424,525261,524998,1050259
Perth,2014,9,3154,3156,6310,965,963,1928,4119,4119,8238,Perth,362782,366423,729205,179961,181406,361367,542743,547829,1090572
Perth,2014,10,3267,3273,6540,990,993,1983,4257,4266,8523,Perth,398992,401561,800553,204204,158932,363136,603196,560493,1163689
Perth,2014,11,3006,3010,6016,896,898,1794,3902,3908,7810,Perth,356660,355399,712059,158386,156950,315336,515046,512349,1027395
Perth,2014,12,3153,3156,6309,1020,1022,2042,4173,4178,8351,Perth,369737,370319,740056,173480,221950,395430,543217,592269,1135486
Perth,2015,1,3039,3050,6089,1066,1060,2126,4105,4110,8215,Perth,351624,358420,710044,238626,184382,423008,590250,542802,1133052
Perth,2015,2,2827,2810,5637,852,856,1708,3679,3666,7345,Perth,302620,312158,614778,169685,144653,314338,472305,456811,929116
Perth,2015,3,3147,3123,6270,871,870,1741,4018,3993,8011,Perth,359400,351127,710527,160418,167454,327872,519818,518581,1038399
Perth,2015,4,3111,3107,6218,909,911,1820,4020,4018,8038,Perth,363209,360074,723283,168302,173956,342258,531511,534030,1065541
Perth,2015,5,3085,3064,6149,886,887,1773,3971,3951,7922,Perth,331242,334104,665346,143271,158138,301409,474513,492242,966755
Perth,2015,6,3056,3040,6096,883,881,1764,3939,3921,7860,Perth,334331,315818,650149,147906,177716,325622,482237,493534,975771
Perth,2015,7,3255,3256,6511,921,918,1839,4176,4174,8350,Perth,373233,391420,764653,204453,182039,386492,577686,573459,1151145
Perth,2015,8,3079,3079,6158,872,870,1742,3951,3949,7900,Perth,345804,339311,685115,168066,167076,335142,513870,506387,1020257
Perth,2015,9,3081,3076,6157,870,870,1740,3951,3946,7897,Perth,345190,354353,699543,175801,178626,354427,520991,532979,1053970
Perth,2015,10,3150,3172,6322,899,900,1799,4049,4072,8121,Perth,376349,371879,748228,201257,159865,361122,577606,531744,1109350
Perth,2015,11,2999,2979,5978,835,813,1648,3834,3792,7626,Perth,350883,348296,699179,161118,156852,317970,512001,505148,1017149
Perth,2015,12,3044,3067,6111,1005,1003,2008,4049,4070,8119,Perth,366185,364502,730687,177833,225340,403173,544018,589842,1133860
Perth,2016,1,2905,2909,5814,1048,1050,2098,3953,3959,7912,Perth,339718,348882,688600,239957,194026,433983,579675,542908,1122583
Perth,2016,2,2855,2849,5704,897,897,1794,3752,3746,7498,Perth,298463,306771,605234,183022,150969,333991,481485,457740,939225
Perth,2016,3,3122,3115,6237,941,946,1887,4063,4061,8124,Perth,351129,344678,695807,169100,174373,343473,520229,519051,1039280
Perth,2016,4,2987,2991,5978,952,949,1901,3939,3940,7879,Perth,339551,343860,683411,172768,180423,353191,512319,524283,1036602
Perth,2016,5,2934,2937,5871,904,905,1809,3838,3842,7680,Perth,323448,324678,648126,149078,158887,307965,472526,483565,956091
Perth,2016,6,2881,2893,5774,906,907,1813,3787,3800,7587,Perth,319153,317203,636356,153342,186840,340182,472495,504043,976538
Perth,2016,7,3019,3010,6029,971,969,1940,3990,3979,7969,Perth,345310,359636,704946,217460,185918,403378,562770,545554,1108324
Perth,2016,8,3088,3108,6196,941,940,1881,4029,4048,8077,Perth,333833,330911,664744,172310,168899,341209,506143,499810,1005953
Perth,2016,9,3068,3093,6161,939,938,1877,4007,4031,8038,Perth,345591,347858,693449,187478,191734,379212,533069,539592,1072661
Perth,2016,10,3090,3102,6192,965,966,1931,4055,4068,8123,Perth,353502,358906,712408,212243,166592,378835,565745,525498,1091243
Perth,2016,11,2974,2992,5966,914,911,1825,3888,3903,7791,Perth,336632,340980,677612,168867,172050,340917,505499,513030,1018529
Perth,2016,12,2972,2984,5956,989,990,1979,3961,3974,7935,Perth,361956,352837,714793,188630,234209,422839,550586,587046,1137632
Perth,2017,1,2896,2909,5805,981,974,1955,3877,3883,7760,Perth,337758,352883,690641,239999,196653,436652,577757,549536,1127293
Perth,2017,2,2667,2690,5357,843,843,1686,3510,3533,7043,Perth,281671,288163,569834,181235,146779,328014,462906,434942,897848
Perth,2017,3,3008,3043,6051,914,918,1832,3922,3961,7883,Perth,331242,332208,663450,168813,174935,343748,500055,507143,1007198
Perth,2017,4,2838,2829,5667,908,906,1814,3746,3735,7481,Perth,335208,333755,668963,185833,193652,379485,521041,527407,1048448
Perth,2017,5,2902,2934,5836,880,880,1760,3782,3814,7596,Perth,318488,324138,642626,155396,165738,321134,473884,489876,963760
Perth,2017,6,2844,2860,5704,888,888,1776,3732,3748,7480,Perth,310500,312126,622626,158255,190155,348410,468755,502281,971036
Perth,2017,7,2951,2961,5912,979,979,1958,3930,3940,7870,Perth,348994,352709,701703,211701,182304,394005,560695,535013,1095708
Perth,2017,8,3009,3023,6032,944,943,1887,3953,3966,7919,Perth,329875,328372,658247,174162,171298,345460,504037,499670,1003707
Perth,2017,9,2911,2931,5842,942,940,1882,3853,3871,7724,Perth,330208,335505,665713,183141,189091,372232,513349,524596,1037945
Perth,2017,10,3023,3034,6057,976,977,1953,3999,4011,8010,Perth,356818,357901,714719,209573,167158,376731,566391,525059,1091450
Perth,2017,11,2906,2927,5833,905,899,1804,3811,3826,7637,Perth,340894,340217,681111,166263,164421,330684,507157,504638,1011795
Perth,2017,12,2924,2932,5856,1005,995,2000,3929,3927,7856,Perth,359066,346366,705432,183881,225031,408912,542947,571397,1114344
Perth,2018,1,2927,2949,5876,1016,1016,2032,3943,3965,7908,Perth,338970,354520,693490,230724,190208,420932,569694,544728,1114422
Perth,2018,2,2682,2647,5329,834,833,1667,3516,3480,6996,Perth,293234,294222,587456,173590,147109,320699,466824,441331,908155
Perth,2018,3,2922,2941,5863,920,921,1841,3842,3862,7704,Perth,347889,339031,686920,172623,178886,351509,520512,517917,1038429
Perth,2018,4,2853,2853,5706,960,960,1920,3813,3813,7626,Perth,338271,345743,684014,171396,184847,356243,509667,530590,1040257
Perth,2018,5,2953,2966,5919,913,913,1826,3866,3879,7745,Perth,332088,332706,664794,156686,164906,321592,488774,497612,986386
Perth,2018,6,2801,2812,5613,947,946,1893,3748,3758,7506,Perth,310124,310390,620514,160492,195155,355647,470616,505545,976161
Perth,2018,7,3016,3021,6037,1015,1012,2027,4031,4033,8064,Perth,356414,360646,717060,216000,180045,396045,572414,540691,1113105
Perth,2018,8,2990,2992,5982,972,972,1944,3962,3964,7926,Perth,334133,329291,663424,178516,178586,357102,512649,507877,1020526
Perth,2018,9,2898,2893,5791,948,944,1892,3846,3837,7683,Perth,339438,345477,684915,182920,187834,370754,522358,533311,1055669
Perth,2018,10,3088,3096,6184,952,952,1904,4040,4048,8088,Perth,367669,363399,731068,199858,160469,360327,567527,523868,1091395
Perth,2018,11,2935,2952,5887,908,910,1818,3843,3862,7705,Perth,346125,341988,688113,168215,169049,337264,514340,511037,1025377
Perth,2018,12,2957,2949,5906,1005,1003,2008,3962,3952,7914,Perth,353421,336559,689980,187566,230291,417857,540987,566850,1107837
Perth,2019,1,2978,2990,5968,991,989,1980,3969,3979,7948,Perth,333792,355008,688800,230405,191656,422061,564197,546664,1110861
Perth,2019,2,2698,2704,5402,848,848,1696,3546,3552,7098,Perth,292431,290188,582619,177469,147449,324918,469900,437637,907537
Perth,2019,3,2944,2941,5885,920,921,1841,3864,3862,7726,Perth,327527,324347,651874,163843,169358,333201,491370,493705,985075
Perth,2019,4,2976,2979,5955,863,861,1724,3839,3840,7679,Perth,344871,346786,691657,171753,185698,357451,516624,532484,1049108
Perth,2019,5,3052,3056,6108,856,860,1716,3908,3916,7824,Perth,329652,330261,659913,158107,163144,321251,487759,493405,981164
Perth,2019,6,2862,2865,5727,839,842,1681,3701,3707,7408,Perth,315356,306689,622045,155018,180664,335682,470374,487353,957727
Perth,2019,7,3128,3113,6241,903,907,1810,4031,4020,8051,Perth,362677,370477,733154,203301,180135,383436,565978,550612,1116590
Perth,2019,8,2968,2961,5929,876,877,1753,3844,3838,7682,Perth,343016,336164,679180,180370,178650,359020,523386,514814,1038200
Perth,2019,9,2935,2921,5856,875,875,1750,3810,3796,7606,Perth,339702,339996,679698,180961,185024,365985,520663,525020,1045683
Perth,2019,10,3072,3066,6138,918,915,1833,3990,3981,7971,Perth,377209,376475,753684,205797,171561,377358,583006,548036,1131042
Perth,2019,11,2839,2830,5669,913,916,1829,3752,3746,7498,Perth,348086,343342,691428,180935,176849,357784,529021,520191,1049212
Perth,2019,12,2917,2906,5823,1034,1033,2067,3951,3939,7890,Perth,367525,348759,716284,190795,234238,425033,558320,582997,1141317
Perth,2020,1,2907,2915,5822,1045,1044,2089,3952,3959,7911,Perth,336945,359009,695954,238157,204575,442732,575102,563584,1138686
Perth,2020,2,2697,2706,5403,875,875,1750,3572,3581,7153,Perth,297652,300717,598369,169482,135267,304749,467134,435984,903118
Perth,2020,3,2554,2551,5105,598,600,1198,3152,3151,6303,Perth,233956,226081,460037,93680,84820,178500,327636,310901,638537
Perth,2020,4,562,556,1118,91,91,182,653,647,1300,Perth,17595,17136,34731,1696,5422,7118,19291,22558,41849
Perth,2020,5,392,392,784,105,104,209,497,496,993,Perth,15780,17204,32984,1141,2285,3426,16921,19489,36410
Perth,2020,6,529,526,1055,96,97,193,625,623,1248,Perth,29887,31756,61643,1652,2469,4121,31539,34225,65764
Perth,2020,7,820,818,1638,107,107,214,927,925,1852,Perth,53442,55274,108716,2702,3866,6568,56144,59140,115284
Perth,2020,8,878,879,1757,119,120,239,997,999,1996,Perth,58156,59012,117168,2038,4142,6180,60194,63154,123348
Perth,2020,9,1155,1151,2306,144,140,284,1299,1291,2590,Perth,78515,75161,153676,2038,2786,4824,80553,77947,158500
Perth,2020,10,1321,1319,2640,138,141,279,1459,1460,2919,Perth,90005,84295,174300,3497,3203,6700,93502,87498,181000
Perth,2020,11,1495,1488,2983,118,118,236,1613,1606,3219,Perth,104170,101412,205582,3648,2905,6553,107818,104317,212135
Perth,2020,12,1944,1927,3871,141,139,280,2085,2066,4151,Perth,163235,140723,303958,4096,3393,7489,167331,144116,311447
Perth,2021,1,1698,1695,3393,112,115,227,1810,1810,3620,Perth,119606,135005,254611,2997,2688,5685,122603,137693,260296
Perth,2021,2,1500,1498,2998,105,105,210,1605,1603,3208,Perth,93691,89784,183475,2249,2109,4358,95940,91893,187833
Perth,2021,3,2149,2145,4294,127,128,255,2276,2273,4549,Perth,192521,185740,378261,3573,2357,5930,196094,188097,384191
Perth,2021,4,2270,2282,4552,132,131,263,2402,2413,4815,Perth,218279,219323,437602,4569,3900,8469,222848,223223,446071
Perth,2021,5,2456,2473,4929,168,168,336,2624,2641,5265,Perth,225194,227822,453016,5451,6428,11879,230645,234250,464895
Perth,2021,6,2241,2251,4492,175,170,345,2416,2421,4837,Perth,203405,200554,403959,6887,6448,13335,210292,207002,417294
Perth,2021,7,1901,1919,3820,193,194,387,2094,2113,4207,Perth,134985,136530,271515,6570,7980,14550,141555,144510,286065
Perth,2021,8,1812,1830,3642,178,177,355,1990,2007,3997,Perth,136243,132964,269207,2894,2954,5848,139137,135918,275055
Perth,2021,9,1931,1944,3875,179,179,358,2110,2123,4233,Perth,159249,151192,310441,1316,2728,4044,160565,153920,314485
Perth,2021,10,1918,1925,3843,181,178,359,2099,2103,4202,Perth,159047,153702,312749,1436,3048,4484,160483,156750,317233
Perth,2021,11,1998,2000,3998,175,173,348,2173,2173,4346,Perth,166141,163799,329940,1295,4178,5473,167436,167977,335413
Perth,2021,12,1824,1827,3651,173,177,350,1997,2004,4001,Perth,129919,119443,249362,1660,4936,6596,131579,124379,255958
Perth,2022,1,1385,1397,2782,166,165,331,1551,1562,3113,Perth,82324,99652,181976,916,5815,6731,83240,105467,188707
Perth,2022,2,1516,1513,3029,173,168,341,1689,1681,3370,Perth,111832,92555,204387,1334,6318,7652,113166,98873,212039
Perth,2022,3,2051,2061,4112,228,225,453,2279,2286,4565,Perth,199907,187184,387091,26166,19622,45788,226073,206806,432879
Perth,2022,4,2374,2358,4732,274,274,548,2648,2632,5280,Perth,280604,273619,554223,49607,50958,100565,330211,324577,654788
Perth,2022,5,2640,2627,5267,332,331,663,2972,2958,5930,Perth,291176,291762,582938,56675,62118,118793,347851,353880,701731
Perth,2022,6,2688,2661,5349,418,418,836,3106,3079,6185,Perth,313411,307999,621410,71995,88871,160866,385406,396870,782276
Perth,2022,7,2675,2662,5337,538,537,1075,3213,3199,6412,Perth,331277,332116,663393,106979,99663,206642,438256,431779,870035
Perth,2022,8,2748,2739,5487,518,517,1035,3266,3256,6522,Perth,323527,315687,639214,108969,97490,206459,432496,413177,845673
Perth,2022,9,2694,2688,5382,538,538,1076,3232,3226,6458,Perth,337380,333644,671024,115510,109928,225438,452890,443572,896462
Perth,2022,10,2711,2695,5406,579,576,1155,3290,3271,6561,Perth,348557,343902,692459,128126,104582,232708,476683,448484,925167
Perth,2022,11,2699,2691,5390,646,633,1279,3345,3324,6669,Perth,334653,333409,668062,131657,129121,260778,466310,462530,928840
Perth,2022,12,2814,2788,5602,716,703,1419,3530,3491,7021,Perth,346758,326265,673023,132960,165623,298583,479718,491888,971606
Perth,2023,1,2863,2855,5718,748,736,1484,3611,3591,7202,Perth,330263,344637,674900,177450,145653,323103,507713,490290,998003
Perth,2023,2,2540,2538,5078,659,648,1307,3199,3186,6385,Perth,290466,295779,586245,156832,116727,273559,447298,412506,859804
Perth,2023,3,2897,2898,5795,709,700,1409,3606,3598,7204,Perth,356856,349462,706318,151270,150223,301493,508126,499685,1007811
Perth,2023,4,2778,2778,5556,705,706,1411,3483,3484,6967,Perth,340147,338989,679136,146858,155633,302491,487005,494622,981627
Perth,2023,5,2937,2939,5876,711,713,1424,3648,3652,7300,Perth,338963,338929,677892,142937,152065,295002,481900,490994,972894
Perth,2023,6,2831,2833,5664,735,742,1477,3566,3575,7141,Perth,324425,321743,646168,144937,167385,312322,469362,489128,958490
Perth,2023,7,2879,2871,5750,815,817,1632,3694,3688,7382,Perth,353381,350117,703498,180536,159180,339716,533917,509297,1043214
Perth,2023,8,3014,3018,6032,836,837,1673,3850,3855,7705,Perth,350137,343829,693966,172116,161123,333239,522253,504952,1027205
Perth,2023,9,2939,2937,5876,832,831,1663,3771,3768,7539,Perth,351260,350195,701455,172558,172998,345556,523818,523193,1047011
Perth,2023,10,3086,3071,6157,846,843,1689,3932,3914,7846,Perth,380166,376282,756448,186428,154767,341195,566594,531049,1097643
Perth,2023,11,3030,3043,6073,829,832,1661,3859,3875,7734,Perth,373193,369375,742568,168455,169862,338317,541648,539237,1080885
Perth,2023,12,3006,3004,6010,997,997,1994,4003,4001,8004,Perth,361408,348658,710066,170872,208971,379843,532280,557629,1089909
Perth,2024,1,3135,3130,6265,1037,1038,2075,4172,4168,8340,Perth,346887,354720,701607,223269,182147,405416,570156,536867,1107023
Perth,2024,2,2749,2749,5498,933,931,1864,3682,3680,7362,Perth,318078,319084,637162,189649,159940,349589,507727,479024,986751
Perth,2024,3,2994,2996,5990,955,958,1913,3949,3954,7903,Perth,350924,351471,702395,176149,191162,367311,527073,542633,1069706
Perth,2024,4,3203,3195,6398,991,990,1981,4194,4185,8379,Perth,365883,364430,730313,188116,182632,370748,553999,547062,1101061
Perth,2024,5,3215,3219,6434,1002,1001,2003,4217,4220,8437,Perth,361505,354558,716063,170679,186609,357288,532184,541167,1073351
Perth,2024,6,2989,2977,5966,1040,1037,2077,4029,4014,8043,Perth,328910,332286,661196,183043,219045,402088,511953,551331,1063284
Perth,2024,7,3350,3329,6679,1106,1108,2214,4456,4437,8893,Perth,385908,383983,769891,233759,189965,423724,619667,573948,1193615
Perth,2024,8,3225,3218,6443,1076,1076,2152,4301,4294,8595,Perth,374820,370351,745171,198859,197349,396208,573679,567700,1141379
Perth,2024,9,3185,3158,6343,1106,1106,2212,4291,4264,8555,Perth,380590,381098,761688,213763,219710,433473,594353,600808,1195161
Perth,2024,10,3287,3290,6577,1107,1106,2213,4394,4396,8790,Perth,405084,411776,816860,234066,189287,423353,639150,601063,1240213
Perth,2024,11,3100,3100,6200,1020,1019,2039,4120,4119,8239,Perth,385835,382098,767933,197747,203555,401302,583582,585653,1169235
Perth,2024,12,3197,3187,6384,1186,1185,2371,4383,4372,8755,Perth,396820,376172,772992,202524,266002,468526,599344,642174,1241518
Perth,2025,1,3257,3263,6520,1218,1217,2435,4475,4480,8955,Perth,377973,402228,780201,280543,228726,509269,658516,630954,1289470
Perth,2025,2,2870,2867,5737,1039,1040,2079,3909,3907,7816,Perth,321732,328831,650563,221141,177760,398901,542873,506591,1049464
Perth,2025,3,3157,3146,6303,1080,1078,2158,4237,4224,8461,Perth,371369,367156,738525,200335,191990,392325,571704,559146,1130850
Perth,2025,4,3234,3229,6463,1150,1153,2303,4384,4382,8766,Perth,399590,397054,796644,210300,234811,445111,609890,631865,1241755
Perth,2025,5,3205,3216,6421,1061,1068,2129,4266,4284,8550,Perth,374748,375460,750208,201195,206834,408029,575943,582294,1158237
Perth,2025,6,3122,3116,6238,1096,1102,2198,4218,4218,8436,Perth,364312,355380,719692,200712,229257,429969,565024,584637,1149661
Proserpine,2009,1,62,62,124,0,0,0,62,62,124,Proserpine,9759,10028,19787,0,0,0,9759,10028,19787
Proserpine,2009,2,53,53,106,0,0,0,53,53,106,Proserpine,8023,8035,16058,0,0,0,8023,8035,16058
Proserpine,2009,3,62,62,124,0,0,0,62,62,124,Proserpine,9231,9060,18291,0,0,0,9231,9060,18291
Proserpine,2009,4,60,60,120,0,0,0,60,60,120,Proserpine,9051,8963,18014,0,0,0,9051,8963,18014
Proserpine,2009,5,62,62,124,0,0,0,62,62,124,Proserpine,8790,8663,17453,0,0,0,8790,8663,17453
Proserpine,2009,6,60,60,120,0,0,0,60,60,120,Proserpine,8879,8321,17200,0,0,0,8879,8321,17200
Proserpine,2009,7,62,62,124,0,0,0,62,62,124,Proserpine,9449,9351,18800,0,0,0,9449,9351,18800
Proserpine,2009,8,62,62,124,0,0,0,62,62,124,Proserpine,9981,9559,19540,0,0,0,9981,9559,19540
Proserpine,2009,9,60,60,120,0,0,0,60,60,120,Proserpine,9765,9403,19168,0,0,0,9765,9403,19168
Proserpine,2009,10,63,62,125,0,0,0,63,62,125,Proserpine,9888,9861,19749,0,0,0,9888,9861,19749
Proserpine,2009,11,60,60,120,0,0,0,60,60,120,Proserpine,9402,9459,18861,0,0,0,9402,9459,18861
Proserpine,2009,12,62,62,124,0,0,0,62,62,124,Proserpine,9015,8928,17943,0,0,0,9015,8928,17943
Proserpine,2010,1,61,61,122,0,0,0,61,61,122,Proserpine,8569,8729,17298,0,0,0,8569,8729,17298
Proserpine,2010,2,56,56,112,0,0,0,56,56,112,Proserpine,7896,7966,15862,0,0,0,7896,7966,15862
Proserpine,2010,3,59,59,118,0,0,0,59,59,118,Proserpine,8101,7673,15774,0,0,0,8101,7673,15774
Proserpine,2010,4,60,60,120,0,0,0,60,60,120,Proserpine,8558,8647,17205,0,0,0,8558,8647,17205
Proserpine,2010,5,63,62,125,0,0,0,63,62,125,Proserpine,8348,8171,16519,0,0,0,8348,8171,16519
Proserpine,2010,6,60,60,120,0,0,0,60,60,120,Proserpine,8678,8222,16900,0,0,0,8678,8222,16900
Proserpine,2010,7,62,62,124,0,0,0,62,62,124,Proserpine,9127,9290,18417,0,0,0,9127,9290,18417
Proserpine,2010,8,62,62,124,0,0,0,62,62,124,Proserpine,9331,9217,18548,0,0,0,9331,9217,18548
Proserpine,2010,9,58,58,116,0,0,0,58,58,116,Proserpine,9302,8925,18227,0,0,0,9302,8925,18227
Proserpine,2010,10,62,62,124,0,0,0,62,62,124,Proserpine,9539,9830,19369,0,0,0,9539,9830,19369
Proserpine,2010,11,60,60,120,0,0,0,60,60,120,Proserpine,9102,9345,18447,0,0,0,9102,9345,18447
Proserpine,2010,12,61,62,123,0,0,0,61,62,123,Proserpine,8927,9023,17950,0,0,0,8927,9023,17950
Proserpine,2011,1,61,61,122,0,0,0,61,61,122,Proserpine,8548,9026,17574,0,0,0,8548,9026,17574
Proserpine,2011,2,53,53,106,0,0,0,53,53,106,Proserpine,6418,6268,12686,0,0,0,6418,6268,12686
Proserpine,2011,3,57,57,114,0,0,0,57,57,114,Proserpine,7831,7688,15519,0,0,0,7831,7688,15519
Proserpine,2011,4,60,60,120,0,0,0,60,60,120,Proserpine,8488,7992,16480,0,0,0,8488,7992,16480
Proserpine,2011,5,57,57,114,0,0,0,57,57,114,Proserpine,7869,8354,16223,0,0,0,7869,8354,16223
Proserpine,2011,6,56,56,112,0,0,0,56,56,112,Proserpine,8128,7868,15996,0,0,0,8128,7868,15996
Proserpine,2011,7,62,62,124,0,0,0,62,62,124,Proserpine,8846,9327,18173,0,0,0,8846,9327,18173
Proserpine,2011,8,65,65,130,0,0,0,65,65,130,Proserpine,9402,9331,18733,0,0,0,9402,9331,18733
Proserpine,2011,9,60,60,120,0,0,0,60,60,120,Proserpine,9391,9255,18646,0,0,0,9391,9255,18646
Proserpine,2011,10,62,62,124,0,0,0,62,62,124,Proserpine,9297,10130,19427,0,0,0,9297,10130,19427
Proserpine,2011,11,60,60,120,0,0,0,60,60,120,Proserpine,8801,9178,17979,0,0,0,8801,9178,17979
Proserpine,2011,12,62,62,124,0,0,0,62,62,124,Proserpine,8660,8846,17506,0,0,0,8660,8846,17506
Proserpine,2012,1,61,61,122,0,0,0,61,61,122,Proserpine,8341,9156,17497,0,0,0,8341,9156,17497
Proserpine,2012,2,61,61,122,0,0,0,61,61,122,Proserpine,6920,7168,14088,0,0,0,6920,7168,14088
Proserpine,2012,3,82,82,164,0,0,0,82,82,164,Proserpine,8938,8905,17843,0,0,0,8938,8905,17843
Proserpine,2012,4,79,79,158,0,0,0,79,79,158,Proserpine,9609,9807,19416,0,0,0,9609,9807,19416
Proserpine,2012,5,76,75,151,0,0,0,76,75,151,Proserpine,8904,8908,17812,0,0,0,8904,8908,17812
Proserpine,2012,6,77,77,154,0,0,0,77,77,154,Proserpine,9301,9162,18463,0,0,0,9301,9162,18463
Proserpine,2012,7,85,85,170,0,0,0,85,85,170,Proserpine,10319,11294,21613,0,0,0,10319,11294,21613
Proserpine,2012,8,85,85,170,0,0,0,85,85,170,Proserpine,10138,10349,20487,0,0,0,10138,10349,20487
Proserpine,2012,9,80,80,160,0,0,0,80,80,160,Proserpine,10437,10276,20713,0,0,0,10437,10276,20713
Proserpine,2012,10,85,85,170,0,0,0,85,85,170,Proserpine,10843,11896,22739,0,0,0,10843,11896,22739
Proserpine,2012,11,82,82,164,0,0,0,82,82,164,Proserpine,10473,11118,21591,0,0,0,10473,11118,21591
Proserpine,2012,12,83,83,166,0,0,0,83,83,166,Proserpine,10298,10253,20551,0,0,0,10298,10253,20551
Proserpine,2013,1,84,84,168,0,0,0,84,84,168,Proserpine,9638,10945,20583,0,0,0,9638,10945,20583
Proserpine,2013,2,72,72,144,0,0,0,72,72,144,Proserpine,7633,8097,15730,0,0,0,7633,8097,15730
Proserpine,2013,3,81,81,162,0,0,0,81,81,162,Proserpine,8850,8511,17361,0,0,0,8850,8511,17361
Proserpine,2013,4,80,80,160,0,0,0,80,80,160,Proserpine,9351,9764,19115,0,0,0,9351,9764,19115
Proserpine,2013,5,76,76,152,0,0,0,76,76,152,Proserpine,8365,8543,16908,0,0,0,8365,8543,16908
Proserpine,2013,6,70,70,140,0,0,0,70,70,140,Proserpine,9031,8630,17661,0,0,0,9031,8630,17661
Proserpine,2013,7,85,85,170,0,0,0,85,85,170,Proserpine,10322,10873,21195,0,0,0,10322,10873,21195
Proserpine,2013,8,84,84,168,0,0,0,84,84,168,Proserpine,10085,10227,20312,0,0,0,10085,10227,20312
Proserpine,2013,9,81,81,162,0,0,0,81,81,162,Proserpine,10706,10345,21051,0,0,0,10706,10345,21051
Proserpine,2013,10,83,83,166,0,0,0,83,83,166,Proserpine,10719,11531,22250,0,0,0,10719,11531,22250
Proserpine,2013,11,77,76,153,0,0,0,77,76,153,Proserpine,10092,10543,20635,0,0,0,10092,10543,20635
Proserpine,2013,12,83,83,166,0,0,0,83,83,166,Proserpine,10679,10922,21601,0,0,0,10679,10922,21601
Proserpine,2014,1,79,78,157,0,0,0,79,78,157,Proserpine,9634,10866,20500,0,0,0,9634,10866,20500
Proserpine,2014,2,71,71,142,0,0,0,71,71,142,Proserpine,8002,8286,16288,0,0,0,8002,8286,16288
Proserpine,2014,3,79,79,158,0,0,0,79,79,158,Proserpine,8991,9140,18131,0,0,0,8991,9140,18131
Proserpine,2014,4,94,94,188,0,0,0,94,94,188,Proserpine,11099,11015,22114,0,0,0,11099,11015,22114
Proserpine,2014,5,94,94,188,0,0,0,94,94,188,Proserpine,10032,10275,20307,0,0,0,10032,10275,20307
Proserpine,2014,6,89,89,178,0,0,0,89,89,178,Proserpine,10204,9879,20083,0,0,0,10204,9879,20083
Proserpine,2014,7,97,97,194,0,0,0,97,97,194,Proserpine,11761,12275,24036,0,0,0,11761,12275,24036
Proserpine,2014,8,97,97,194,0,0,0,97,97,194,Proserpine,11678,11905,23583,0,0,0,11678,11905,23583
Proserpine,2014,9,94,94,188,0,0,0,94,94,188,Proserpine,12473,11757,24230,0,0,0,12473,11757,24230
Proserpine,2014,10,98,98,196,0,0,0,98,98,196,Proserpine,12509,13521,26030,0,0,0,12509,13521,26030
Proserpine,2014,11,93,93,186,0,0,0,93,93,186,Proserpine,11784,12206,23990,0,0,0,11784,12206,23990
Proserpine,2014,12,99,99,198,0,0,0,99,99,198,Proserpine,12741,12305,25046,0,0,0,12741,12305,25046
Proserpine,2015,1,98,98,196,0,0,0,98,98,196,Proserpine,11693,13093,24786,0,0,0,11693,13093,24786
Proserpine,2015,2,84,84,168,0,0,0,84,84,168,Proserpine,10227,10566,20793,0,0,0,10227,10566,20793
Proserpine,2015,3,93,93,186,0,0,0,93,93,186,Proserpine,10755,10474,21229,0,0,0,10755,10474,21229
Proserpine,2015,4,96,96,192,0,0,0,96,96,192,Proserpine,12229,12530,24759,0,0,0,12229,12530,24759
Proserpine,2015,5,92,92,184,0,0,0,92,92,184,Proserpine,10253,10481,20734,0,0,0,10253,10481,20734
Proserpine,2015,6,95,94,189,0,0,0,95,94,189,Proserpine,11392,10240,21632,0,0,0,11392,10240,21632
Proserpine,2015,7,118,116,234,0,0,0,118,116,234,Proserpine,15081,15626,30707,0,0,0,15081,15626,30707
Proserpine,2015,8,114,114,228,0,0,0,114,114,228,Proserpine,14836,15049,29885,0,0,0,14836,15049,29885
Proserpine,2015,9,112,112,224,0,0,0,112,112,224,Proserpine,15547,14935,30482,0,0,0,15547,14935,30482
Proserpine,2015,10,115,115,230,0,0,0,115,115,230,Proserpine,15690,16533,32223,0,0,0,15690,16533,32223
Proserpine,2015,11,112,112,224,0,0,0,112,112,224,Proserpine,14857,15355,30212,0,0,0,14857,15355,30212
Proserpine,2015,12,117,117,234,0,0,0,117,117,234,Proserpine,15727,15960,31687,0,0,0,15727,15960,31687
Proserpine,2016,1,115,115,230,0,0,0,115,115,230,Proserpine,14831,16301,31132,0,0,0,14831,16301,31132
Proserpine,2016,2,104,104,208,0,0,0,104,104,208,Proserpine,13452,13838,27290,0,0,0,13452,13838,27290
Proserpine,2016,3,107,107,214,0,0,0,107,107,214,Proserpine,14101,13833,27934,0,0,0,14101,13833,27934
Proserpine,2016,4,89,89,178,0,0,0,89,89,178,Proserpine,13458,13972,27430,0,0,0,13458,13972,27430
Proserpine,2016,5,84,84,168,0,0,0,84,84,168,Proserpine,11882,12342,24224,0,0,0,11882,12342,24224
Proserpine,2016,6,83,83,166,0,0,0,83,83,166,Proserpine,12667,12157,24824,0,0,0,12667,12157,24824
Proserpine,2016,7,93,93,186,0,0,0,93,93,186,Proserpine,14239,14944,29183,0,0,0,14239,14944,29183
Proserpine,2016,8,93,93,186,0,0,0,93,93,186,Proserpine,14357,14671,29028,0,0,0,14357,14671,29028
Proserpine,2016,9,93,93,186,0,0,0,93,93,186,Proserpine,15023,14654,29677,0,0,0,15023,14654,29677
Proserpine,2016,10,98,98,196,0,0,0,98,98,196,Proserpine,15452,16245,31697,0,0,0,15452,16245,31697
Proserpine,2016,11,89,89,178,0,0,0,89,89,178,Proserpine,13699,13958,27657,0,0,0,13699,13958,27657
Proserpine,2016,12,113,113,226,0,0,0,113,113,226,Proserpine,16488,16274,32762,0,0,0,16488,16274,32762
Proserpine,2017,1,106,106,212,0,0,0,106,106,212,Proserpine,15556,16081,31637,0,0,0,15556,16081,31637
Proserpine,2017,2,80,78,158,0,0,0,80,78,158,Proserpine,12029,12292,24321,0,0,0,12029,12292,24321
Proserpine,2017,3,78,78,156,0,0,0,78,78,156,Proserpine,11513,11715,23228,0,0,0,11513,11715,23228
Proserpine,2017,4,134,134,268,0,0,0,134,134,268,Proserpine,15691,14923,30614,0,0,0,15691,14923,30614
Proserpine,2017,5,124,124,248,0,0,0,124,124,248,Proserpine,14840,15408,30248,0,0,0,14840,15408,30248
Proserpine,2017,6,127,127,254,0,0,0,127,127,254,Proserpine,16820,16200,33020,0,0,0,16820,16200,33020
Proserpine,2017,7,140,140,280,0,0,0,140,140,280,Proserpine,20625,20398,41023,0,0,0,20625,20398,41023
Proserpine,2017,8,136,136,272,0,0,0,136,136,272,Proserpine,19617,19839,39456,0,0,0,19617,19839,39456
Proserpine,2017,9,140,140,280,0,0,0,140,140,280,Proserpine,21317,20693,42010,0,0,0,21317,20693,42010
Proserpine,2017,10,142,142,284,0,0,0,142,142,284,Proserpine,21185,22462,43647,0,0,0,21185,22462,43647
Proserpine,2017,11,141,140,281,0,0,0,141,140,281,Proserpine,20533,20773,41306,0,0,0,20533,20773,41306
Proserpine,2017,12,148,149,297,0,0,0,148,149,297,Proserpine,22559,22502,45061,0,0,0,22559,22502,45061
Proserpine,2018,1,152,152,304,0,0,0,152,152,304,Proserpine,21993,22945,44938,0,0,0,21993,22945,44938
Proserpine,2018,2,123,123,246,0,0,0,123,123,246,Proserpine,18462,18792,37254,0,0,0,18462,18792,37254
Proserpine,2018,3,123,123,246,0,0,0,123,123,246,Proserpine,18620,18345,36965,0,0,0,18620,18345,36965
Proserpine,2018,4,123,123,246,0,0,0,123,123,246,Proserpine,17833,18279,36112,0,0,0,17833,18279,36112
Proserpine,2018,5,105,105,210,0,0,0,105,105,210,Proserpine,15367,15854,31221,0,0,0,15367,15854,31221
Proserpine,2018,6,109,109,218,0,0,0,109,109,218,Proserpine,15845,15120,30965,0,0,0,15845,15120,30965
Proserpine,2018,7,129,129,258,0,0,0,129,129,258,Proserpine,19896,20072,39968,0,0,0,19896,20072,39968
Proserpine,2018,8,118,118,236,0,0,0,118,118,236,Proserpine,18869,19086,37955,0,0,0,18869,19086,37955
Proserpine,2018,9,127,127,254,0,0,0,127,127,254,Proserpine,19247,19046,38293,0,0,0,19247,19046,38293
Proserpine,2018,10,141,141,282,0,0,0,141,141,282,Proserpine,20304,21563,41867,0,0,0,20304,21563,41867
Proserpine,2018,11,122,122,244,0,0,0,122,122,244,Proserpine,17771,18077,35848,0,0,0,17771,18077,35848
Proserpine,2018,12,136,135,271,0,0,0,136,135,271,Proserpine,18653,18536,37189,0,0,0,18653,18536,37189
Proserpine,2019,1,138,137,275,0,0,0,138,137,275,Proserpine,18536,19795,38331,0,0,0,18536,19795,38331
Proserpine,2019,2,106,104,210,0,0,0,106,104,210,Proserpine,14441,14851,29292,0,0,0,14441,14851,29292
Proserpine,2019,3,119,119,238,0,0,0,119,119,238,Proserpine,16209,16151,32360,0,0,0,16209,16151,32360
Proserpine,2019,4,133,132,265,0,0,0,133,132,265,Proserpine,19048,18648,37696,0,0,0,19048,18648,37696
Proserpine,2019,5,117,117,234,0,0,0,117,117,234,Proserpine,15733,16071,31804,0,0,0,15733,16071,31804
Proserpine,2019,6,107,106,213,0,0,0,107,106,213,Proserpine,14909,14476,29385,0,0,0,14909,14476,29385
Proserpine,2019,7,130,130,260,0,0,0,130,130,260,Proserpine,19243,19486,38729,0,0,0,19243,19486,38729
Proserpine,2019,8,120,120,240,0,0,0,120,120,240,Proserpine,18760,19214,37974,0,0,0,18760,19214,37974
Proserpine,2019,9,125,126,251,0,0,0,125,126,251,Proserpine,19881,19373,39254,0,0,0,19881,19373,39254
Proserpine,2019,10,129,129,258,0,0,0,129,129,258,Proserpine,20514,21411,41925,0,0,0,20514,21411,41925
Proserpine,2019,11,119,119,238,0,0,0,119,119,238,Proserpine,18567,19106,37673,0,0,0,18567,19106,37673
Proserpine,2019,12,132,131,263,0,0,0,132,131,263,Proserpine,19715,19276,38991,0,0,0,19715,19276,38991
Proserpine,2020,1,137,137,274,0,0,0,137,137,274,Proserpine,20126,21409,41535,0,0,0,20126,21409,41535
Proserpine,2020,2,92,91,183,0,0,0,92,91,183,Proserpine,12850,13192,26042,0,0,0,12850,13192,26042
Proserpine,2020,3,86,85,171,0,0,0,86,85,171,Proserpine,9929,10658,20587,0,0,0,9929,10658,20587
Proserpine,2020,4,0,0,0,0,0,0,0,0,0,Proserpine,0,0,0,0,0,0,0,0,0
Proserpine,2020,5,0,0,0,0,0,0,0,0,0,Proserpine,0,0,0,0,0,0,0,0,0
Proserpine,2020,6,12,12,24,0,0,0,12,12,24,Proserpine,1266,1092,2358,0,0,0,1266,1092,2358
Proserpine,2020,7,75,75,150,0,0,0,75,75,150,Proserpine,8432,7792,16224,0,0,0,8432,7792,16224
Proserpine,2020,8,64,63,127,0,0,0,64,63,127,Proserpine,6557,6821,13378,0,0,0,6557,6821,13378
Proserpine,2020,9,69,69,138,0,0,0,69,69,138,Proserpine,8761,8067,16828,0,0,0,8761,8067,16828
Proserpine,2020,10,81,81,162,0,0,0,81,81,162,Proserpine,10239,10590,20829,0,0,0,10239,10590,20829
Proserpine,2020,11,73,73,146,0,0,0,73,73,146,Proserpine,9820,9923,19743,0,0,0,9820,9923,19743
Proserpine,2020,12,118,119,237,0,0,0,118,119,237,Proserpine,14433,13709,28142,0,0,0,14433,13709,28142
Proserpine,2021,1,113,114,227,0,0,0,113,114,227,Proserpine,11119,12490,23609,0,0,0,11119,12490,23609
Proserpine,2021,2,81,81,162,0,0,0,81,81,162,Proserpine,10299,10213,20512,0,0,0,10299,10213,20512
Proserpine,2021,3,103,103,206,0,0,0,103,103,206,Proserpine,14453,14016,28469,0,0,0,14453,14016,28469
Proserpine,2021,4,117,118,235,0,0,0,117,118,235,Proserpine,16223,16212,32435,0,0,0,16223,16212,32435
Proserpine,2021,5,85,87,172,0,0,0,85,87,172,Proserpine,14345,14464,28809,0,0,0,14345,14464,28809
Proserpine,2021,6,86,89,175,0,0,0,86,89,175,Proserpine,12513,11710,24223,0,0,0,12513,11710,24223
Proserpine,2021,7,100,108,208,0,0,0,100,108,208,Proserpine,10540,12183,22723,0,0,0,10540,12183,22723
Proserpine,2021,8,74,80,154,0,0,0,74,80,154,Proserpine,5865,6188,12053,0,0,0,5865,6188,12053
Proserpine,2021,9,122,129,251,0,0,0,122,129,251,Proserpine,12203,11000,23203,0,0,0,12203,11000,23203
Proserpine,2021,10,169,178,347,0,0,0,169,178,347,Proserpine,13044,13649,26693,0,0,0,13044,13649,26693
Proserpine,2021,11,178,179,357,0,0,0,178,179,357,Proserpine,13440,13706,27146,0,0,0,13440,13706,27146
Proserpine,2021,12,210,209,419,0,0,0,210,209,419,Proserpine,18479,16683,35162,0,0,0,18479,16683,35162
Proserpine,2022,1,205,204,409,0,0,0,205,204,409,Proserpine,18897,20768,39665,0,0,0,18897,20768,39665
Proserpine,2022,2,125,125,250,0,0,0,125,125,250,Proserpine,13561,13586,27147,0,0,0,13561,13586,27147
Proserpine,2022,3,150,152,302,0,0,0,150,152,302,Proserpine,17193,16632,33825,0,0,0,17193,16632,33825
Proserpine,2022,4,183,183,366,0,0,0,183,183,366,Proserpine,23962,23356,47318,0,0,0,23962,23356,47318
Proserpine,2022,5,137,137,274,0,0,0,137,137,274,Proserpine,18836,18806,37642,0,0,0,18836,18806,37642
Proserpine,2022,6,136,137,273,0,0,0,136,137,273,Proserpine,19622,18549,38171,0,0,0,19622,18549,38171
Proserpine,2022,7,154,151,305,0,0,0,154,151,305,Proserpine,20815,21527,42342,0,0,0,20815,21527,42342
Proserpine,2022,8,144,140,284,0,0,0,144,140,284,Proserpine,19834,20075,39909,0,0,0,19834,20075,39909
Proserpine,2022,9,158,153,311,0,0,0,158,153,311,Proserpine,21583,21160,42743,0,0,0,21583,21160,42743
Proserpine,2022,10,158,154,312,0,0,0,158,154,312,Proserpine,20715,21201,41916,0,0,0,20715,21201,41916
Proserpine,2022,11,141,138,279,0,0,0,141,138,279,Proserpine,17349,17783,35132,0,0,0,17349,17783,35132
Proserpine,2022,12,169,166,335,0,0,0,169,166,335,Proserpine,19622,19108,38730,0,0,0,19622,19108,38730
Proserpine,2023,1,156,153,309,0,0,0,156,153,309,Proserpine,18209,18825,37034,0,0,0,18209,18825,37034
Proserpine,2023,2,132,128,260,0,0,0,132,128,260,Proserpine,15250,15730,30980,0,0,0,15250,15730,30980
Proserpine,2023,3,161,157,318,0,0,0,161,157,318,Proserpine,19361,18776,38137,0,0,0,19361,18776,38137
Proserpine,2023,4,213,210,423,0,0,0,213,210,423,Proserpine,24326,24859,49185,0,0,0,24326,24859,49185
Proserpine,2023,5,177,172,349,0,0,0,177,172,349,Proserpine,19845,19781,39626,0,0,0,19845,19781,39626
Proserpine,2023,6,178,175,353,0,0,0,178,175,353,Proserpine,21623,20460,42083,0,0,0,21623,20460,42083
Proserpine,2023,7,189,188,377,0,0,0,189,188,377,Proserpine,23681,24606,48287,0,0,0,23681,24606,48287
Proserpine,2023,8,171,169,340,0,0,0,171,169,340,Proserpine,21693,22050,43743,0,0,0,21693,22050,43743
Proserpine,2023,9,169,165,334,0,0,0,169,165,334,Proserpine,22448,22349,44797,0,0,0,22448,22349,44797
Proserpine,2023,10,181,177,358,0,0,0,181,177,358,Proserpine,22646,23837,46483,0,0,0,22646,23837,46483
Proserpine,2023,11,159,156,315,0,0,0,159,156,315,Proserpine,20686,21159,41845,0,0,0,20686,21159,41845
Proserpine,2023,12,198,199,397,0,0,0,198,199,397,Proserpine,23987,24016,48003,0,0,0,23987,24016,48003
Proserpine,2024,1,197,196,393,0,0,0,197,196,393,Proserpine,20985,22932,43917,0,0,0,20985,22932,43917
Proserpine,2024,2,140,140,280,0,0,0,140,140,280,Proserpine,17744,17507,35251,0,0,0,17744,17507,35251
Proserpine,2024,3,159,159,318,0,0,0,159,159,318,Proserpine,19267,18757,38024,0,0,0,19267,18757,38024
Proserpine,2024,4,176,175,351,0,0,0,176,175,351,Proserpine,22044,22995,45039,0,0,0,22044,22995,45039
Proserpine,2024,5,129,130,259,0,0,0,129,130,259,Proserpine,17398,17398,34796,0,0,0,17398,17398,34796
Proserpine,2024,6,133,134,267,0,0,0,133,134,267,Proserpine,18557,17722,36279,0,0,0,18557,17722,36279
Proserpine,2024,7,154,153,307,0,0,0,154,153,307,Proserpine,22092,22164,44256,0,0,0,22092,22164,44256
Proserpine,2024,8,148,148,296,0,0,0,148,148,296,Proserpine,21104,21259,42363,0,0,0,21104,21259,42363
Proserpine,2024,9,165,165,330,0,0,0,165,165,330,Proserpine,23843,22856,46699,0,0,0,23843,22856,46699
Proserpine,2024,10,170,170,340,0,0,0,170,170,340,Proserpine,23889,25137,49026,0,0,0,23889,25137,49026
Proserpine,2024,11,161,161,322,0,0,0,161,161,322,Proserpine,21753,22143,43896,0,0,0,21753,22143,43896
Proserpine,2024,12,179,179,358,0,0,0,179,179,358,Proserpine,23921,23777,47698,0,0,0,23921,23777,47698
Proserpine,2025,1,177,177,354,0,0,0,177,177,354,Proserpine,24466,25804,50270,0,0,0,24466,25804,50270
Proserpine,2025,2,132,131,263,0,0,0,132,131,263,Proserpine,15572,16289,31861,0,0,0,15572,16289,31861
Proserpine,2025,3,139,139,278,0,0,0,139,139,278,Proserpine,17503,17404,34907,0,0,0,17503,17404,34907
Proserpine,2025,4,168,168,336,0,0,0,168,168,336,Proserpine,22737,22471,45208,0,0,0,22737,22471,45208
Proserpine,2025,5,162,161,323,0,0,0,162,161,323,Proserpine,21050,21006,42056,0,0,0,21050,21006,42056
Proserpine,2025,6,156,157,313,0,0,0,156,157,313,Proserpine,21718,20740,42458,0,0,0,21718,20740,42458
Rockhampton,1985,1,475,478,953,0,0,0,475,478,953,Rockhampton,18040,18052,36092,0,0,0,18040,18052,36092
Rockhampton,1985,2,422,423,845,0,0,0,422,423,845,Rockhampton,14034,14050,28084,0,0,0,14034,14050,28084
Rockhampton,1985,3,469,467,936,0,0,0,469,467,936,Rockhampton,17180,17276,34456,0,0,0,17180,17276,34456
Rockhampton,1985,4,425,432,857,0,0,0,425,432,857,Rockhampton,17035,16954,33989,0,0,0,17035,16954,33989
Rockhampton,1985,5,488,484,972,0,0,0,488,484,972,Rockhampton,19235,19203,38438,0,0,0,19235,19203,38438
Rockhampton,1985,6,428,430,858,0,0,0,428,430,858,Rockhampton,17853,18012,35865,0,0,0,17853,18012,35865
Rockhampton,1985,7,426,424,850,0,0,0,426,424,850,Rockhampton,18626,18461,37087,0,0,0,18626,18461,37087
Rockhampton,1985,8,417,417,834,0,0,0,417,417,834,Rockhampton,18586,18501,37087,0,0,0,18586,18501,37087
Rockhampton,1985,9,423,422,845,0,0,0,423,422,845,Rockhampton,20212,20654,40866,0,0,0,20212,20654,40866
Rockhampton,1985,10,485,481,966,0,0,0,485,481,966,Rockhampton,19659,19606,39265,0,0,0,19659,19606,39265
Rockhampton,1985,11,425,431,856,0,0,0,425,431,856,Rockhampton,17190,17477,34667,0,0,0,17190,17477,34667
Rockhampton,1985,12,428,436,864,0,0,0,428,436,864,Rockhampton,17096,17456,34552,0,0,0,17096,17456,34552
Rockhampton,1986,1,451,446,897,0,0,0,451,446,897,Rockhampton,17321,17325,34646,0,0,0,17321,17325,34646
Rockhampton,1986,2,363,365,728,0,0,0,363,365,728,Rockhampton,14570,14581,29151,0,0,0,14570,14581,29151
Rockhampton,1986,3,414,414,828,0,0,0,414,414,828,Rockhampton,17660,17756,35416,0,0,0,17660,17756,35416
Rockhampton,1986,4,410,406,816,0,0,0,410,406,816,Rockhampton,17458,17474,34932,0,0,0,17458,17474,34932
Rockhampton,1986,5,489,500,989,0,0,0,489,500,989,Rockhampton,18757,18642,37399,0,0,0,18757,18642,37399
Rockhampton,1986,6,469,445,914,0,0,0,469,445,914,Rockhampton,19860,19696,39556,0,0,0,19860,19696,39556
Rockhampton,1986,7,487,465,952,0,0,0,487,465,952,Rockhampton,17900,17902,35802,0,0,0,17900,17902,35802
Rockhampton,1986,8,484,483,967,0,0,0,484,483,967,Rockhampton,20326,20295,40621,0,0,0,20326,20295,40621
Rockhampton,1986,9,525,538,1063,0,0,0,525,538,1063,Rockhampton,19693,20296,39989,0,0,0,19693,20296,39989
Rockhampton,1986,10,514,526,1040,0,0,0,514,526,1040,Rockhampton,19297,19158,38455,0,0,0,19297,19158,38455
Rockhampton,1986,11,497,497,994,0,0,0,497,497,994,Rockhampton,17638,17774,35412,0,0,0,17638,17774,35412
Rockhampton,1986,12,488,498,986,0,0,0,488,498,986,Rockhampton,18168,17915,36083,0,0,0,18168,17915,36083
Rockhampton,1987,1,461,455,916,0,0,0,461,455,916,Rockhampton,17615,17796,35411,0,0,0,17615,17796,35411
Rockhampton,1987,2,412,416,828,0,0,0,412,416,828,Rockhampton,15476,15368,30844,0,0,0,15476,15368,30844
Rockhampton,1987,3,459,464,923,0,0,0,459,464,923,Rockhampton,18007,18094,36101,0,0,0,18007,18094,36101
Rockhampton,1987,4,478,480,958,0,0,0,478,480,958,Rockhampton,20113,19968,40081,0,0,0,20113,19968,40081
Rockhampton,1987,5,438,438,876,0,0,0,438,438,876,Rockhampton,17587,17663,35250,0,0,0,17587,17663,35250
Rockhampton,1987,6,426,425,851,0,0,0,426,425,851,Rockhampton,17949,18171,36120,0,0,0,17949,18171,36120
Rockhampton,1987,7,522,511,1033,0,0,0,522,511,1033,Rockhampton,21816,21641,43457,0,0,0,21816,21641,43457
Rockhampton,1987,8,474,472,946,0,0,0,474,472,946,Rockhampton,18626,18709,37335,0,0,0,18626,18709,37335
Rockhampton,1987,9,448,457,905,0,0,0,448,457,905,Rockhampton,18460,18594,37054,0,0,0,18460,18594,37054
Rockhampton,1987,10,446,450,896,0,0,0,446,450,896,Rockhampton,19289,19784,39073,0,0,0,19289,19784,39073
Rockhampton,1987,11,484,481,965,0,0,0,484,481,965,Rockhampton,18090,17845,35935,0,0,0,18090,17845,35935
Rockhampton,1987,12,469,457,926,0,0,0,469,457,926,Rockhampton,17632,17266,34898,0,0,0,17632,17266,34898
Rockhampton,1988,1,466,462,928,0,0,0,466,462,928,Rockhampton,17651,17963,35614,0,0,0,17651,17963,35614
Rockhampton,1988,2,406,418,824,0,0,0,406,418,824,Rockhampton,15340,15478,30818,0,0,0,15340,15478,30818
Rockhampton,1988,3,456,446,902,0,0,0,456,446,902,Rockhampton,18475,19340,37815,0,0,0,18475,19340,37815
Rockhampton,1988,4,488,514,1002,0,0,0,488,514,1002,Rockhampton,18434,18714,37148,0,0,0,18434,18714,37148
Rockhampton,1988,5,473,469,942,0,0,0,473,469,942,Rockhampton,18631,18643,37274,0,0,0,18631,18643,37274
Rockhampton,1988,6,473,480,953,0,0,0,473,480,953,Rockhampton,18629,18448,37077,0,0,0,18629,18448,37077
Rockhampton,1988,7,486,483,969,0,0,0,486,483,969,Rockhampton,19993,19601,39594,0,0,0,19993,19601,39594
Rockhampton,1988,8,452,457,909,0,0,0,452,457,909,Rockhampton,18747,19016,37763,0,0,0,18747,19016,37763
Rockhampton,1988,9,480,498,978,0,0,0,480,498,978,Rockhampton,20558,20651,41209,0,0,0,20558,20651,41209
Rockhampton,1988,10,487,503,990,0,0,0,487,503,990,Rockhampton,20287,21057,41344,0,0,0,20287,21057,41344
Rockhampton,1988,11,459,467,926,0,0,0,459,467,926,Rockhampton,15630,15466,31096,0,0,0,15630,15466,31096
Rockhampton,1988,12,472,478,950,0,0,0,472,478,950,Rockhampton,16644,16292,32936,0,0,0,16644,16292,32936
Rockhampton,1989,1,460,457,917,0,0,0,460,457,917,Rockhampton,15421,15599,31020,0,0,0,15421,15599,31020
Rockhampton,1989,2,406,392,798,0,0,0,406,392,798,Rockhampton,13060,13101,26161,0,0,0,13060,13101,26161
Rockhampton,1989,3,476,472,948,0,0,0,476,472,948,Rockhampton,16430,16528,32958,0,0,0,16430,16528,32958
Rockhampton,1989,4,467,470,937,0,0,0,467,470,937,Rockhampton,14665,14593,29258,0,0,0,14665,14593,29258
Rockhampton,1989,5,595,529,1124,0,0,0,595,529,1124,Rockhampton,14832,14931,29763,0,0,0,14832,14931,29763
Rockhampton,1989,6,478,482,960,0,0,0,478,482,960,Rockhampton,17195,17305,34500,0,0,0,17195,17305,34500
Rockhampton,1989,7,490,488,978,0,0,0,490,488,978,Rockhampton,17968,17988,35956,0,0,0,17968,17988,35956
Rockhampton,1989,8,440,439,879,0,0,0,440,439,879,Rockhampton,10053,10228,20281,0,0,0,10053,10228,20281
Rockhampton,1989,9,332,319,651,0,0,0,332,319,651,Rockhampton,1863,1939,3802,0,0,0,1863,1939,3802
Rockhampton,1989,10,378,370,748,0,0,0,378,370,748,Rockhampton,3073,2878,5951,0,0,0,3073,2878,5951
Rockhampton,1989,11,336,336,672,0,0,0,336,336,672,Rockhampton,4393,4342,8735,0,0,0,4393,4342,8735
Rockhampton,1989,12,348,348,696,0,0,0,348,348,696,Rockhampton,6532,6472,13004,0,0,0,6532,6472,13004
Rockhampton,1990,1,369,370,739,0,0,0,369,370,739,Rockhampton,7167,7426,14593,0,0,0,7167,7426,14593
Rockhampton,1990,2,375,371,746,0,0,0,375,371,746,Rockhampton,6550,6401,12951,0,0,0,6550,6401,12951
Rockhampton,1990,3,395,406,801,0,0,0,395,406,801,Rockhampton,8683,8821,17504,0,0,0,8683,8821,17504
Rockhampton,1990,4,371,378,749,0,0,0,371,378,749,Rockhampton,9033,8964,17997,0,0,0,9033,8964,17997
Rockhampton,1990,5,343,349,692,0,0,0,343,349,692,Rockhampton,8097,8188,16285,0,0,0,8097,8188,16285
Rockhampton,1990,6,346,348,694,0,0,0,346,348,694,Rockhampton,9958,9897,19855,0,0,0,9958,9897,19855
Rockhampton,1990,7,360,365,725,0,0,0,360,365,725,Rockhampton,11099,10892,21991,0,0,0,11099,10892,21991
Rockhampton,1990,8,364,363,727,0,0,0,364,363,727,Rockhampton,11909,11964,23873,0,0,0,11909,11964,23873
Rockhampton,1990,9,389,397,786,0,0,0,389,397,786,Rockhampton,14637,14710,29347,0,0,0,14637,14710,29347
Rockhampton,1990,10,433,431,864,0,0,0,433,431,864,Rockhampton,13530,13335,26865,0,0,0,13530,13335,26865
Rockhampton,1990,11,424,424,848,0,0,0,424,424,848,Rockhampton,13279,13226,26505,0,0,0,13279,13226,26505
Rockhampton,1990,12,425,428,853,0,0,0,425,428,853,Rockhampton,13173,13434,26607,0,0,0,13173,13434,26607
Rockhampton,1991,1,342,338,680,0,0,0,342,338,680,Rockhampton,6603,6338,12941,0,0,0,6603,6338,12941
Rockhampton,1991,2,442,441,883,0,0,0,442,441,883,Rockhampton,10377,10379,20756,0,0,0,10377,10379,20756
Rockhampton,1991,3,494,496,990,0,0,0,494,496,990,Rockhampton,11612,11537,23149,0,0,0,11612,11537,23149
Rockhampton,1991,4,480,479,959,0,0,0,480,479,959,Rockhampton,12384,12122,24506,0,0,0,12384,12122,24506
Rockhampton,1991,5,494,492,986,0,0,0,494,492,986,Rockhampton,12075,12411,24486,0,0,0,12075,12411,24486
Rockhampton,1991,6,465,466,931,0,0,0,465,466,931,Rockhampton,12677,12379,25056,0,0,0,12677,12379,25056
Rockhampton,1991,7,508,508,1016,0,0,0,508,508,1016,Rockhampton,14053,14148,28201,0,0,0,14053,14148,28201
Rockhampton,1991,8,534,535,1069,0,0,0,534,535,1069,Rockhampton,12570,12852,25422,0,0,0,12570,12852,25422
Rockhampton,1991,9,521,521,1042,0,0,0,521,521,1042,Rockhampton,13244,13075,26319,0,0,0,13244,13075,26319
Rockhampton,1991,10,552,552,1104,0,0,0,552,552,1104,Rockhampton,13560,13962,27522,0,0,0,13560,13962,27522
Rockhampton,1991,11,512,512,1024,0,0,0,512,512,1024,Rockhampton,11741,11572,23313,0,0,0,11741,11572,23313
Rockhampton,1991,12,530,529,1059,0,0,0,530,529,1059,Rockhampton,11974,11864,23838,0,0,0,11974,11864,23838
Rockhampton,1992,1,548,542,1090,0,0,0,548,542,1090,Rockhampton,13201,12908,26109,0,0,0,13201,12908,26109
Rockhampton,1992,2,498,500,998,0,0,0,498,500,998,Rockhampton,11025,11220,22245,0,0,0,11025,11220,22245
Rockhampton,1992,3,466,465,931,0,0,0,466,465,931,Rockhampton,11467,11455,22922,0,0,0,11467,11455,22922
Rockhampton,1992,4,481,481,962,0,0,0,481,481,962,Rockhampton,13025,13039,26064,0,0,0,13025,13039,26064
Rockhampton,1992,5,477,478,955,0,0,0,477,478,955,Rockhampton,12220,12221,24441,0,0,0,12220,12221,24441
Rockhampton,1992,6,477,478,955,0,0,0,477,478,955,Rockhampton,12283,12229,24512,0,0,0,12283,12229,24512
Rockhampton,1992,7,526,524,1050,0,0,0,526,524,1050,Rockhampton,15276,15104,30380,0,0,0,15276,15104,30380
Rockhampton,1992,8,504,504,1008,0,0,0,504,504,1008,Rockhampton,12764,12879,25643,0,0,0,12764,12879,25643
Rockhampton,1992,9,521,520,1041,0,0,0,521,520,1041,Rockhampton,14380,14340,28720,0,0,0,14380,14340,28720
Rockhampton,1992,10,527,526,1053,0,0,0,527,526,1053,Rockhampton,14438,14734,29172,0,0,0,14438,14734,29172
Rockhampton,1992,11,472,472,944,0,0,0,472,472,944,Rockhampton,11749,11575,23324,0,0,0,11749,11575,23324
Rockhampton,1992,12,510,509,1019,0,0,0,510,509,1019,Rockhampton,12519,12657,25176,0,0,0,12519,12657,25176
Rockhampton,1993,1,536,535,1071,0,0,0,536,535,1071,Rockhampton,15533,15497,31030,0,0,0,15533,15497,31030
Rockhampton,1993,2,462,463,925,0,0,0,462,463,925,Rockhampton,11442,11501,22943,0,0,0,11442,11501,22943
Rockhampton,1993,3,491,489,980,0,0,0,491,489,980,Rockhampton,12214,12054,24268,0,0,0,12214,12054,24268
Rockhampton,1993,4,492,490,982,0,0,0,492,490,982,Rockhampton,12735,12647,25382,0,0,0,12735,12647,25382
Rockhampton,1993,5,497,490,987,0,0,0,497,490,987,Rockhampton,11869,11854,23723,0,0,0,11869,11854,23723
Rockhampton,1993,6,485,483,968,0,0,0,485,483,968,Rockhampton,12536,12504,25040,0,0,0,12536,12504,25040
Rockhampton,1993,7,497,500,997,0,0,0,497,500,997,Rockhampton,12700,12515,25215,0,0,0,12700,12515,25215
Rockhampton,1993,8,512,510,1022,0,0,0,512,510,1022,Rockhampton,13161,13313,26474,0,0,0,13161,13313,26474
Rockhampton,1993,9,517,520,1037,0,0,0,517,520,1037,Rockhampton,13533,13750,27283,0,0,0,13533,13750,27283
Rockhampton,1993,10,545,548,1093,0,0,0,545,548,1093,Rockhampton,14059,13839,27898,0,0,0,14059,13839,27898
Rockhampton,1993,11,534,527,1061,0,0,0,534,527,1061,Rockhampton,12766,13037,25803,0,0,0,12766,13037,25803
Rockhampton,1993,12,534,535,1069,0,0,0,534,535,1069,Rockhampton,12837,13135,25972,0,0,0,12837,13135,25972
Rockhampton,1994,1,483,483,966,0,0,0,483,483,966,Rockhampton,12834,12302,25136,0,0,0,12834,12302,25136
Rockhampton,1994,2,434,437,871,0,0,0,434,437,871,Rockhampton,11456,11058,22514,0,0,0,11456,11058,22514
Rockhampton,1994,3,469,470,939,0,0,0,469,470,939,Rockhampton,11906,11893,23799,0,0,0,11906,11893,23799
Rockhampton,1994,4,460,460,920,0,0,0,460,460,920,Rockhampton,12396,12286,24682,0,0,0,12396,12286,24682
Rockhampton,1994,5,486,485,971,0,0,0,486,485,971,Rockhampton,11307,11458,22765,0,0,0,11307,11458,22765
Rockhampton,1994,6,469,470,939,0,0,0,469,470,939,Rockhampton,12764,12858,25622,0,0,0,12764,12858,25622
Rockhampton,1994,7,550,547,1097,0,0,0,550,547,1097,Rockhampton,13590,13367,26957,0,0,0,13590,13367,26957
Rockhampton,1994,8,545,549,1094,0,0,0,545,549,1094,Rockhampton,13070,13348,26418,0,0,0,13070,13348,26418
Rockhampton,1994,9,552,554,1106,0,0,0,552,554,1106,Rockhampton,13303,13774,27077,0,0,0,13303,13774,27077
Rockhampton,1994,10,580,580,1160,0,0,0,580,580,1160,Rockhampton,13834,13440,27274,0,0,0,13834,13440,27274
Rockhampton,1994,11,570,570,1140,0,0,0,570,570,1140,Rockhampton,13115,13667,26782,0,0,0,13115,13667,26782
Rockhampton,1994,12,565,564,1129,0,0,0,565,564,1129,Rockhampton,12080,12223,24303,0,0,0,12080,12223,24303
Rockhampton,1995,1,585,582,1167,0,0,0,585,582,1167,Rockhampton,11965,11930,23895,0,0,0,11965,11930,23895
Rockhampton,1995,2,514,514,1028,0,0,0,514,514,1028,Rockhampton,10880,10644,21524,0,0,0,10880,10644,21524
Rockhampton,1995,3,592,594,1186,0,0,0,592,594,1186,Rockhampton,11814,12249,24063,0,0,0,11814,12249,24063
Rockhampton,1995,4,581,582,1163,0,0,0,581,582,1163,Rockhampton,12847,12710,25557,0,0,0,12847,12710,25557
Rockhampton,1995,5,575,574,1149,0,0,0,575,574,1149,Rockhampton,11691,11830,23521,0,0,0,11691,11830,23521
Rockhampton,1995,6,571,571,1142,0,0,0,571,571,1142,Rockhampton,13144,12991,26135,0,0,0,13144,12991,26135
Rockhampton,1995,7,580,580,1160,0,0,0,580,580,1160,Rockhampton,13147,12971,26118,0,0,0,13147,12971,26118
Rockhampton,1995,8,587,586,1173,0,0,0,587,586,1173,Rockhampton,13386,13588,26974,0,0,0,13386,13588,26974
Rockhampton,1995,9,587,588,1175,0,0,0,587,588,1175,Rockhampton,14940,14884,29824,0,0,0,14940,14884,29824
Rockhampton,1995,10,595,594,1189,0,0,0,595,594,1189,Rockhampton,14185,14358,28543,0,0,0,14185,14358,28543
Rockhampton,1995,11,582,581,1163,0,0,0,582,581,1163,Rockhampton,12973,13424,26397,0,0,0,12973,13424,26397
Rockhampton,1995,12,578,577,1155,0,0,0,578,577,1155,Rockhampton,12848,12665,25513,0,0,0,12848,12665,25513
Rockhampton,1996,1,599,598,1197,0,0,0,599,598,1197,Rockhampton,12450,12521,24971,0,0,0,12450,12521,24971
Rockhampton,1996,2,554,555,1109,0,0,0,554,555,1109,Rockhampton,11186,11232,22418,0,0,0,11186,11232,22418
Rockhampton,1996,3,581,581,1162,0,0,0,581,581,1162,Rockhampton,12300,12629,24929,0,0,0,12300,12629,24929
Rockhampton,1996,4,575,574,1149,0,0,0,575,574,1149,Rockhampton,12318,11980,24298,0,0,0,12318,11980,24298
Rockhampton,1996,5,575,575,1150,0,0,0,575,575,1150,Rockhampton,12793,13090,25883,0,0,0,12793,13090,25883
Rockhampton,1996,6,559,569,1128,0,0,0,559,569,1128,Rockhampton,13556,13429,26985,0,0,0,13556,13429,26985
Rockhampton,1996,7,583,584,1167,0,0,0,583,584,1167,Rockhampton,13728,13217,26945,0,0,0,13728,13217,26945
Rockhampton,1996,8,548,548,1096,0,0,0,548,548,1096,Rockhampton,12803,13464,26267,0,0,0,12803,13464,26267
Rockhampton,1996,9,547,545,1092,0,0,0,547,545,1092,Rockhampton,13408,13731,27139,0,0,0,13408,13731,27139
Rockhampton,1996,10,588,586,1174,0,0,0,588,586,1174,Rockhampton,13488,13515,27003,0,0,0,13488,13515,27003
Rockhampton,1996,11,562,561,1123,0,0,0,562,561,1123,Rockhampton,12173,12729,24902,0,0,0,12173,12729,24902
Rockhampton,1996,12,572,573,1145,0,0,0,572,573,1145,Rockhampton,11968,11540,23508,0,0,0,11968,11540,23508
Rockhampton,1997,1,586,583,1169,0,0,0,586,583,1169,Rockhampton,11825,11851,23676,0,0,0,11825,11851,23676
Rockhampton,1997,2,520,517,1037,0,0,0,520,517,1037,Rockhampton,10882,10602,21484,0,0,0,10882,10602,21484
Rockhampton,1997,3,553,551,1104,0,0,0,553,551,1104,Rockhampton,13597,13575,27172,0,0,0,13597,13575,27172
Rockhampton,1997,4,534,531,1065,0,0,0,534,531,1065,Rockhampton,12868,13236,26104,0,0,0,12868,13236,26104
Rockhampton,1997,5,552,553,1105,0,0,0,552,553,1105,Rockhampton,12759,12849,25608,0,0,0,12759,12849,25608
Rockhampton,1997,6,538,537,1075,0,0,0,538,537,1075,Rockhampton,13249,13083,26332,0,0,0,13249,13083,26332
Rockhampton,1997,7,558,558,1116,0,0,0,558,558,1116,Rockhampton,13548,13137,26685,0,0,0,13548,13137,26685
Rockhampton,1997,8,540,533,1073,0,0,0,540,533,1073,Rockhampton,13101,13576,26677,0,0,0,13101,13576,26677
Rockhampton,1997,9,556,551,1107,0,0,0,556,551,1107,Rockhampton,14007,14042,28049,0,0,0,14007,14042,28049
Rockhampton,1997,10,567,566,1133,0,0,0,567,566,1133,Rockhampton,14018,14133,28151,0,0,0,14018,14133,28151
Rockhampton,1997,11,562,556,1118,0,0,0,562,556,1118,Rockhampton,12855,13123,25978,0,0,0,12855,13123,25978
Rockhampton,1997,12,594,597,1191,0,0,0,594,597,1191,Rockhampton,13756,13591,27347,0,0,0,13756,13591,27347
Rockhampton,1998,1,583,582,1165,0,0,0,583,582,1165,Rockhampton,12974,13060,26034,0,0,0,12974,13060,26034
Rockhampton,1998,2,477,474,951,0,0,0,477,474,951,Rockhampton,11743,11680,23423,0,0,0,11743,11680,23423
Rockhampton,1998,3,533,533,1066,0,0,0,533,533,1066,Rockhampton,13134,13023,26157,0,0,0,13134,13023,26157
Rockhampton,1998,4,553,554,1107,0,0,0,553,554,1107,Rockhampton,12614,12546,25160,0,0,0,12614,12546,25160
Rockhampton,1998,5,550,549,1099,0,0,0,550,549,1099,Rockhampton,12435,12470,24905,0,0,0,12435,12470,24905
Rockhampton,1998,6,519,519,1038,0,0,0,519,519,1038,Rockhampton,12959,13008,25967,0,0,0,12959,13008,25967
Rockhampton,1998,7,489,490,979,0,0,0,489,490,979,Rockhampton,12682,12500,25182,0,0,0,12682,12500,25182
Rockhampton,1998,8,475,479,954,0,0,0,475,479,954,Rockhampton,12733,12676,25409,0,0,0,12733,12676,25409
Rockhampton,1998,9,469,468,937,0,0,0,469,468,937,Rockhampton,13018,12876,25894,0,0,0,13018,12876,25894
Rockhampton,1998,10,483,485,968,0,0,0,483,485,968,Rockhampton,12898,13601,26499,0,0,0,12898,13601,26499
Rockhampton,1998,11,461,458,919,0,0,0,461,458,919,Rockhampton,11247,11542,22789,0,0,0,11247,11542,22789
Rockhampton,1998,12,464,466,930,0,0,0,464,466,930,Rockhampton,11988,11526,23514,0,0,0,11988,11526,23514
Rockhampton,1999,1,410,408,818,0,0,0,410,408,818,Rockhampton,9905,10013,19918,0,0,0,9905,10013,19918
Rockhampton,1999,2,368,369,737,0,0,0,368,369,737,Rockhampton,9593,9425,19018,0,0,0,9593,9425,19018
Rockhampton,1999,3,422,421,843,0,0,0,422,421,843,Rockhampton,10966,10899,21865,0,0,0,10966,10899,21865
Rockhampton,1999,4,453,453,906,0,0,0,453,453,906,Rockhampton,11579,11723,23302,0,0,0,11579,11723,23302
Rockhampton,1999,5,462,463,925,0,0,0,462,463,925,Rockhampton,12354,11936,24290,0,0,0,12354,11936,24290
Rockhampton,1999,6,447,450,897,0,0,0,447,450,897,Rockhampton,12395,12361,24756,0,0,0,12395,12361,24756
Rockhampton,1999,7,483,486,969,0,0,0,483,486,969,Rockhampton,12664,12353,25017,0,0,0,12664,12353,25017
Rockhampton,1999,8,473,475,948,0,0,0,473,475,948,Rockhampton,12325,12599,24924,0,0,0,12325,12599,24924
Rockhampton,1999,9,475,467,942,0,0,0,475,467,942,Rockhampton,13540,13195,26735,0,0,0,13540,13195,26735
Rockhampton,1999,10,474,473,947,0,0,0,474,473,947,Rockhampton,13232,13719,26951,0,0,0,13232,13719,26951
Rockhampton,1999,11,466,463,929,0,0,0,466,463,929,Rockhampton,11966,11971,23937,0,0,0,11966,11971,23937
Rockhampton,1999,12,454,456,910,0,0,0,454,456,910,Rockhampton,11531,11880,23411,0,0,0,11531,11880,23411
Rockhampton,2000,1,404,401,805,0,0,0,404,401,805,Rockhampton,10388,10552,20940,0,0,0,10388,10552,20940
Rockhampton,2000,2,430,429,859,0,0,0,430,429,859,Rockhampton,10539,10501,21040,0,0,0,10539,10501,21040
Rockhampton,2000,3,485,484,969,0,0,0,485,484,969,Rockhampton,12442,12612,25054,0,0,0,12442,12612,25054
Rockhampton,2000,4,410,410,820,0,0,0,410,410,820,Rockhampton,12790,12936,25726,0,0,0,12790,12936,25726
Rockhampton,2000,5,455,454,909,0,0,0,455,454,909,Rockhampton,13297,13329,26626,0,0,0,13297,13329,26626
Rockhampton,2000,6,435,436,871,0,0,0,435,436,871,Rockhampton,13567,13303,26870,0,0,0,13567,13303,26870
Rockhampton,2000,7,440,443,883,0,0,0,440,443,883,Rockhampton,13761,13435,27196,0,0,0,13761,13435,27196
Rockhampton,2000,8,461,463,924,0,0,0,461,463,924,Rockhampton,13997,14550,28547,0,0,0,13997,14550,28547
Rockhampton,2000,9,439,443,882,0,0,0,439,443,882,Rockhampton,13329,13528,26857,0,0,0,13329,13528,26857
Rockhampton,2000,10,459,457,916,0,0,0,459,457,916,Rockhampton,13851,13573,27424,0,0,0,13851,13573,27424
Rockhampton,2000,11,413,419,832,0,0,0,413,419,832,Rockhampton,10683,10842,21525,0,0,0,10683,10842,21525
Rockhampton,2000,12,418,419,837,0,0,0,418,419,837,Rockhampton,10832,10743,21575,0,0,0,10832,10743,21575
Rockhampton,2001,1,422,419,841,0,0,0,422,419,841,Rockhampton,10484,10525,21009,0,0,0,10484,10525,21009
Rockhampton,2001,2,402,405,807,0,0,0,402,405,807,Rockhampton,9488,9373,18861,0,0,0,9488,9373,18861
Rockhampton,2001,3,447,451,898,0,0,0,447,451,898,Rockhampton,11138,11270,22408,0,0,0,11138,11270,22408
Rockhampton,2001,4,430,429,859,0,0,0,430,429,859,Rockhampton,11040,10873,21913,0,0,0,11040,10873,21913
Rockhampton,2001,5,468,466,934,0,0,0,468,466,934,Rockhampton,12633,13051,25684,0,0,0,12633,13051,25684
Rockhampton,2001,6,418,419,837,0,0,0,418,419,837,Rockhampton,11726,12092,23818,0,0,0,11726,12092,23818
Rockhampton,2001,7,381,380,761,0,0,0,381,380,761,Rockhampton,11576,11229,22805,0,0,0,11576,11229,22805
Rockhampton,2001,8,385,385,770,0,0,0,385,385,770,Rockhampton,11360,11573,22933,0,0,0,11360,11573,22933
Rockhampton,2001,9,306,306,612,0,0,0,306,306,612,Rockhampton,9525,9574,19099,0,0,0,9525,9574,19099
Rockhampton,2001,10,286,287,573,0,0,0,286,287,573,Rockhampton,8977,8758,17735,0,0,0,8977,8758,17735
Rockhampton,2001,11,294,294,588,0,0,0,294,294,588,Rockhampton,8691,9135,17826,0,0,0,8691,9135,17826
Rockhampton,2001,12,283,283,566,0,0,0,283,283,566,Rockhampton,8054,7597,15651,0,0,0,8054,7597,15651
Rockhampton,2002,1,274,274,548,0,0,0,274,274,548,Rockhampton,7494,7697,15191,0,0,0,7494,7697,15191
Rockhampton,2002,2,252,252,504,0,0,0,252,252,504,Rockhampton,7445,7705,15150,0,0,0,7445,7705,15150
Rockhampton,2002,3,269,270,539,0,0,0,269,270,539,Rockhampton,8511,8409,16920,0,0,0,8511,8409,16920
Rockhampton,2002,4,271,271,542,0,0,0,271,271,542,Rockhampton,8558,8462,17020,0,0,0,8558,8462,17020
Rockhampton,2002,5,277,276,553,0,0,0,277,276,553,Rockhampton,9424,9593,19017,0,0,0,9424,9593,19017
Rockhampton,2002,6,267,267,534,0,0,0,267,267,534,Rockhampton,9116,9076,18192,0,0,0,9116,9076,18192
Rockhampton,2002,7,268,268,536,0,0,0,268,268,536,Rockhampton,10560,10169,20729,0,0,0,10560,10169,20729
Rockhampton,2002,8,285,283,568,0,0,0,285,283,568,Rockhampton,11320,11522,22842,0,0,0,11320,11522,22842
Rockhampton,2002,9,311,312,623,0,0,0,311,312,623,Rockhampton,11663,11732,23395,0,0,0,11663,11732,23395
Rockhampton,2002,10,323,324,647,0,0,0,323,324,647,Rockhampton,12127,12405,24532,0,0,0,12127,12405,24532
Rockhampton,2002,11,273,275,548,0,0,0,273,275,548,Rockhampton,11427,11407,22834,0,0,0,11427,11407,22834
Rockhampton,2002,12,313,313,626,0,0,0,313,313,626,Rockhampton,12396,12153,24549,0,0,0,12396,12153,24549
Rockhampton,2003,1,314,315,629,0,0,0,314,315,629,Rockhampton,13018,13618,26636,0,0,0,13018,13618,26636
Rockhampton,2003,2,285,284,569,0,0,0,285,284,569,Rockhampton,13412,13281,26693,0,0,0,13412,13281,26693
Rockhampton,2003,3,276,276,552,0,0,0,276,276,552,Rockhampton,14036,13814,27850,0,0,0,14036,13814,27850
Rockhampton,2003,4,303,303,606,0,0,0,303,303,606,Rockhampton,14816,14279,29095,0,0,0,14816,14279,29095
Rockhampton,2003,5,314,314,628,0,0,0,314,314,628,Rockhampton,14905,15103,30008,0,0,0,14905,15103,30008
Rockhampton,2003,6,299,299,598,0,0,0,299,299,598,Rockhampton,15040,14874,29914,0,0,0,15040,14874,29914
Rockhampton,2003,7,311,311,622,0,0,0,311,311,622,Rockhampton,15456,15287,30743,0,0,0,15456,15287,30743
Rockhampton,2003,8,308,308,616,0,0,0,308,308,616,Rockhampton,16064,16026,32090,0,0,0,16064,16026,32090
Rockhampton,2003,9,300,300,600,0,0,0,300,300,600,Rockhampton,16224,16473,32697,0,0,0,16224,16473,32697
Rockhampton,2003,10,309,309,618,0,0,0,309,309,618,Rockhampton,16771,16656,33427,0,0,0,16771,16656,33427
Rockhampton,2003,11,300,300,600,0,0,0,300,300,600,Rockhampton,16143,15981,32124,0,0,0,16143,15981,32124
Rockhampton,2003,12,297,297,594,0,0,0,297,297,594,Rockhampton,15866,15323,31189,0,0,0,15866,15323,31189
Rockhampton,2004,1,336,338,674,0,0,0,336,338,674,Rockhampton,14737,14887,29624,0,0,0,14737,14887,29624
Rockhampton,2004,2,339,339,678,0,0,0,339,339,678,Rockhampton,15042,14973,30015,0,0,0,15042,14973,30015
Rockhampton,2004,3,366,366,732,0,0,0,366,366,732,Rockhampton,17032,16785,33817,0,0,0,17032,16785,33817
Rockhampton,2004,4,339,339,678,0,0,0,339,339,678,Rockhampton,16549,16029,32578,0,0,0,16549,16029,32578
Rockhampton,2004,5,389,388,777,0,0,0,389,388,777,Rockhampton,18982,18478,37460,0,0,0,18982,18478,37460
Rockhampton,2004,6,380,380,760,0,0,0,380,380,760,Rockhampton,21319,21220,42539,0,0,0,21319,21220,42539
Rockhampton,2004,7,394,395,789,0,0,0,394,395,789,Rockhampton,21796,21614,43410,0,0,0,21796,21614,43410
Rockhampton,2004,8,395,396,791,0,0,0,395,396,791,Rockhampton,22046,22119,44165,0,0,0,22046,22119,44165
Rockhampton,2004,9,389,390,779,0,0,0,389,390,779,Rockhampton,22417,22246,44663,0,0,0,22417,22246,44663
Rockhampton,2004,10,399,398,797,0,0,0,399,398,797,Rockhampton,23552,23664,47216,0,0,0,23552,23664,47216
Rockhampton,2004,11,411,407,818,0,0,0,411,407,818,Rockhampton,22042,22068,44110,0,0,0,22042,22068,44110
Rockhampton,2004,12,478,479,957,0,0,0,478,479,957,Rockhampton,22393,22206,44599,0,0,0,22393,22206,44599
Rockhampton,2005,1,464,462,926,0,0,0,464,462,926,Rockhampton,20922,21799,42721,0,0,0,20922,21799,42721
Rockhampton,2005,2,440,439,879,0,0,0,440,439,879,Rockhampton,20944,21034,41978,0,0,0,20944,21034,41978
Rockhampton,2005,3,476,476,952,0,0,0,476,476,952,Rockhampton,24137,24622,48759,0,0,0,24137,24622,48759
Rockhampton,2005,4,459,459,918,0,0,0,459,459,918,Rockhampton,23590,24187,47777,0,0,0,23590,24187,47777
Rockhampton,2005,5,480,479,959,0,0,0,480,479,959,Rockhampton,24163,24398,48561,0,0,0,24163,24398,48561
Rockhampton,2005,6,529,529,1058,0,0,0,529,529,1058,Rockhampton,25616,25624,51240,0,0,0,25616,25624,51240
Rockhampton,2005,7,538,537,1075,0,0,0,538,537,1075,Rockhampton,24747,25214,49961,0,0,0,24747,25214,49961
Rockhampton,2005,8,550,550,1100,0,0,0,550,550,1100,Rockhampton,25019,25299,50318,0,0,0,25019,25299,50318
Rockhampton,2005,9,528,526,1054,0,0,0,528,526,1054,Rockhampton,27215,26879,54094,0,0,0,27215,26879,54094
Rockhampton,2005,10,538,538,1076,0,0,0,538,538,1076,Rockhampton,26548,26659,53207,0,0,0,26548,26659,53207
Rockhampton,2005,11,517,517,1034,0,0,0,517,517,1034,Rockhampton,23600,24256,47856,0,0,0,23600,24256,47856
Rockhampton,2005,12,497,500,997,0,0,0,497,500,997,Rockhampton,22939,23088,46027,0,0,0,22939,23088,46027
Rockhampton,2006,1,464,460,924,0,0,0,464,460,924,Rockhampton,21485,21576,43061,0,0,0,21485,21576,43061
Rockhampton,2006,2,458,457,915,0,0,0,458,457,915,Rockhampton,20867,21028,41895,0,0,0,20867,21028,41895
Rockhampton,2006,3,520,516,1036,0,0,0,520,516,1036,Rockhampton,24042,24671,48713,0,0,0,24042,24671,48713
Rockhampton,2006,4,477,476,953,0,0,0,477,476,953,Rockhampton,23778,23698,47476,0,0,0,23778,23698,47476
Rockhampton,2006,5,543,543,1086,0,0,0,543,543,1086,Rockhampton,25998,26281,52279,0,0,0,25998,26281,52279
Rockhampton,2006,6,503,501,1004,0,0,0,503,501,1004,Rockhampton,26313,26828,53141,0,0,0,26313,26828,53141
Rockhampton,2006,7,508,504,1012,0,0,0,508,504,1012,Rockhampton,28168,28045,56213,0,0,0,28168,28045,56213
Rockhampton,2006,8,515,511,1026,0,0,0,515,511,1026,Rockhampton,26988,27594,54582,0,0,0,26988,27594,54582
Rockhampton,2006,9,495,489,984,0,0,0,495,489,984,Rockhampton,27366,27908,55274,0,0,0,27366,27908,55274
Rockhampton,2006,10,511,507,1018,0,0,0,511,507,1018,Rockhampton,28066,27921,55987,0,0,0,28066,27921,55987
Rockhampton,2006,11,497,493,990,0,0,0,497,493,990,Rockhampton,26610,26602,53212,0,0,0,26610,26602,53212
Rockhampton,2006,12,458,453,911,0,0,0,458,453,911,Rockhampton,25438,26019,51457,0,0,0,25438,26019,51457
Rockhampton,2007,1,441,435,876,0,0,0,441,435,876,Rockhampton,23213,23129,46342,0,0,0,23213,23129,46342
Rockhampton,2007,2,449,446,895,0,0,0,449,446,895,Rockhampton,22162,22314,44476,0,0,0,22162,22314,44476
Rockhampton,2007,3,513,507,1020,0,0,0,513,507,1020,Rockhampton,25620,26294,51914,0,0,0,25620,26294,51914
Rockhampton,2007,4,479,475,954,0,0,0,479,475,954,Rockhampton,26714,26778,53492,0,0,0,26714,26778,53492
Rockhampton,2007,5,515,512,1027,0,0,0,515,512,1027,Rockhampton,29005,29021,58026,0,0,0,29005,29021,58026
Rockhampton,2007,6,495,486,981,0,0,0,495,486,981,Rockhampton,28741,28886,57627,0,0,0,28741,28886,57627
Rockhampton,2007,7,524,499,1023,0,0,0,524,499,1023,Rockhampton,29849,29472,59321,0,0,0,29849,29472,59321
Rockhampton,2007,8,525,494,1019,0,0,0,525,494,1019,Rockhampton,28331,28805,57136,0,0,0,28331,28805,57136
Rockhampton,2007,9,493,467,960,0,0,0,493,467,960,Rockhampton,28727,28734,57461,0,0,0,28727,28734,57461
Rockhampton,2007,10,522,493,1015,0,0,0,522,493,1015,Rockhampton,30209,29337,59546,0,0,0,30209,29337,59546
Rockhampton,2007,11,509,480,989,0,0,0,509,480,989,Rockhampton,28758,29446,58204,0,0,0,28758,29446,58204
Rockhampton,2007,12,503,483,986,0,0,0,503,483,986,Rockhampton,29155,29169,58324,0,0,0,29155,29169,58324
Rockhampton,2008,1,483,467,950,0,0,0,483,467,950,Rockhampton,26811,26706,53517,0,0,0,26811,26706,53517
Rockhampton,2008,2,448,430,878,0,0,0,448,430,878,Rockhampton,25944,25724,51668,0,0,0,25944,25724,51668
Rockhampton,2008,3,449,442,891,0,0,0,449,442,891,Rockhampton,30222,29579,59801,0,0,0,30222,29579,59801
Rockhampton,2008,4,458,447,905,0,0,0,458,447,905,Rockhampton,29768,29009,58777,0,0,0,29768,29009,58777
Rockhampton,2008,5,496,482,978,0,0,0,496,482,978,Rockhampton,29450,29008,58458,0,0,0,29450,29008,58458
Rockhampton,2008,6,478,472,950,0,0,0,478,472,950,Rockhampton,29261,28768,58029,0,0,0,29261,28768,58029
Rockhampton,2008,7,519,511,1030,0,0,0,519,511,1030,Rockhampton,30572,30501,61073,0,0,0,30572,30501,61073
Rockhampton,2008,8,521,512,1033,0,0,0,521,512,1033,Rockhampton,31050,31247,62297,0,0,0,31050,31247,62297
Rockhampton,2008,9,493,491,984,0,0,0,493,491,984,Rockhampton,31160,30970,62130,0,0,0,31160,30970,62130
Rockhampton,2008,10,549,541,1090,0,0,0,549,541,1090,Rockhampton,31762,32267,64029,0,0,0,31762,32267,64029
Rockhampton,2008,11,538,534,1072,0,0,0,538,534,1072,Rockhampton,29194,30460,59654,0,0,0,29194,30460,59654
Rockhampton,2008,12,520,518,1038,0,0,0,520,518,1038,Rockhampton,29907,30551,60458,0,0,0,29907,30551,60458
Rockhampton,2009,1,489,479,968,0,0,0,489,479,968,Rockhampton,27838,27816,55654,0,0,0,27838,27816,55654
Rockhampton,2009,2,452,444,896,0,0,0,452,444,896,Rockhampton,26096,26052,52148,0,0,0,26096,26052,52148
Rockhampton,2009,3,529,524,1053,0,0,0,529,524,1053,Rockhampton,30613,30615,61228,0,0,0,30613,30615,61228
Rockhampton,2009,4,550,547,1097,0,0,0,550,547,1097,Rockhampton,29947,30137,60084,0,0,0,29947,30137,60084
Rockhampton,2009,5,575,571,1146,0,0,0,575,571,1146,Rockhampton,32044,32158,64202,0,0,0,32044,32158,64202
Rockhampton,2009,6,536,534,1070,0,0,0,536,534,1070,Rockhampton,31158,30900,62058,0,0,0,31158,30900,62058
Rockhampton,2009,7,571,571,1142,0,0,0,571,571,1142,Rockhampton,33870,34180,68050,0,0,0,33870,34180,68050
Rockhampton,2009,8,539,539,1078,0,0,0,539,539,1078,Rockhampton,32895,33046,65941,0,0,0,32895,33046,65941
Rockhampton,2009,9,518,518,1036,0,0,0,518,518,1036,Rockhampton,32037,32141,64178,0,0,0,32037,32141,64178
Rockhampton,2009,10,552,552,1104,0,0,0,552,552,1104,Rockhampton,32645,32258,64903,0,0,0,32645,32258,64903
Rockhampton,2009,11,537,536,1073,0,0,0,537,536,1073,Rockhampton,30845,31069,61914,0,0,0,30845,31069,61914
Rockhampton,2009,12,539,540,1079,0,0,0,539,540,1079,Rockhampton,31584,31393,62977,0,0,0,31584,31393,62977
Rockhampton,2010,1,540,536,1076,0,0,0,540,536,1076,Rockhampton,28140,27337,55477,0,0,0,28140,27337,55477
Rockhampton,2010,2,563,557,1120,0,0,0,563,557,1120,Rockhampton,28848,29279,58127,0,0,0,28848,29279,58127
Rockhampton,2010,3,609,611,1220,0,0,0,609,611,1220,Rockhampton,31683,31492,63175,0,0,0,31683,31492,63175
Rockhampton,2010,4,619,618,1237,0,0,0,619,618,1237,Rockhampton,32528,32819,65347,0,0,0,32528,32819,65347
Rockhampton,2010,5,621,619,1240,0,0,0,621,619,1240,Rockhampton,31609,31994,63603,0,0,0,31609,31994,63603
Rockhampton,2010,6,605,606,1211,0,0,0,605,606,1211,Rockhampton,31776,31936,63712,0,0,0,31776,31936,63712
Rockhampton,2010,7,630,628,1258,0,0,0,630,628,1258,Rockhampton,32566,32375,64941,0,0,0,32566,32375,64941
Rockhampton,2010,8,618,618,1236,0,0,0,618,618,1236,Rockhampton,32964,33147,66111,0,0,0,32964,33147,66111
Rockhampton,2010,9,618,617,1235,0,0,0,618,617,1235,Rockhampton,35141,34516,69657,0,0,0,35141,34516,69657
Rockhampton,2010,10,639,639,1278,0,0,0,639,639,1278,Rockhampton,34566,35074,69640,0,0,0,34566,35074,69640
Rockhampton,2010,11,628,629,1257,0,0,0,628,629,1257,Rockhampton,33956,34024,67980,0,0,0,33956,34024,67980
Rockhampton,2010,12,617,617,1234,0,0,0,617,617,1234,Rockhampton,33991,35451,69442,0,0,0,33991,35451,69442
Rockhampton,2011,1,159,158,317,0,0,0,159,158,317,Rockhampton,5269,5116,10385,0,0,0,5269,5116,10385
Rockhampton,2011,2,507,505,1012,0,0,0,507,505,1012,Rockhampton,24652,25149,49801,0,0,0,24652,25149,49801
Rockhampton,2011,3,593,593,1186,0,0,0,593,593,1186,Rockhampton,31111,31167,62278,0,0,0,31111,31167,62278
Rockhampton,2011,4,563,564,1127,0,0,0,563,564,1127,Rockhampton,30645,31000,61645,0,0,0,30645,31000,61645
Rockhampton,2011,5,597,596,1193,0,0,0,597,596,1193,Rockhampton,32375,31886,64261,0,0,0,32375,31886,64261
Rockhampton,2011,6,575,574,1149,0,0,0,575,574,1149,Rockhampton,31658,32006,63664,0,0,0,31658,32006,63664
Rockhampton,2011,7,580,580,1160,0,0,0,580,580,1160,Rockhampton,33714,33198,66912,0,0,0,33714,33198,66912
Rockhampton,2011,8,584,586,1170,0,0,0,584,586,1170,Rockhampton,32043,32844,64887,0,0,0,32043,32844,64887
Rockhampton,2011,9,568,567,1135,0,0,0,568,567,1135,Rockhampton,33314,33530,66844,0,0,0,33314,33530,66844
Rockhampton,2011,10,551,521,1072,0,0,0,551,521,1072,Rockhampton,33143,33017,66160,0,0,0,33143,33017,66160
Rockhampton,2011,11,532,516,1048,0,0,0,532,516,1048,Rockhampton,31283,31933,63216,0,0,0,31283,31933,63216
Rockhampton,2011,12,524,510,1034,0,0,0,524,510,1034,Rockhampton,29789,31185,60974,0,0,0,29789,31185,60974
Rockhampton,2012,1,513,489,1002,0,0,0,513,489,1002,Rockhampton,28848,26683,55531,0,0,0,28848,26683,55531
Rockhampton,2012,2,527,507,1034,0,0,0,527,507,1034,Rockhampton,27803,28135,55938,0,0,0,27803,28135,55938
Rockhampton,2012,3,576,561,1137,0,0,0,576,561,1137,Rockhampton,31965,32723,64688,0,0,0,31965,32723,64688
Rockhampton,2012,4,520,502,1022,0,0,0,520,502,1022,Rockhampton,29104,28659,57763,0,0,0,29104,28659,57763
Rockhampton,2012,5,589,571,1160,0,0,0,589,571,1160,Rockhampton,32553,33000,65553,0,0,0,32553,33000,65553
Rockhampton,2012,6,549,533,1082,0,0,0,549,533,1082,Rockhampton,30958,31209,62167,0,0,0,30958,31209,62167
Rockhampton,2012,7,605,589,1194,0,0,0,605,589,1194,Rockhampton,33126,32867,65993,0,0,0,33126,32867,65993
Rockhampton,2012,8,622,606,1228,0,0,0,622,606,1228,Rockhampton,31761,32897,64658,0,0,0,31761,32897,64658
Rockhampton,2012,9,596,578,1174,0,0,0,596,578,1174,Rockhampton,31267,31901,63168,0,0,0,31267,31901,63168
Rockhampton,2012,10,619,597,1216,0,0,0,619,597,1216,Rockhampton,33144,32818,65962,0,0,0,33144,32818,65962
Rockhampton,2012,11,625,604,1229,0,0,0,625,604,1229,Rockhampton,29891,31469,61360,0,0,0,29891,31469,61360
Rockhampton,2012,12,603,584,1187,0,0,0,603,584,1187,Rockhampton,28130,29566,57696,0,0,0,28130,29566,57696
Rockhampton,2013,1,585,570,1155,0,0,0,585,570,1155,Rockhampton,26053,25068,51121,0,0,0,26053,25068,51121
Rockhampton,2013,2,550,535,1085,0,0,0,550,535,1085,Rockhampton,23351,23878,47229,0,0,0,23351,23878,47229
Rockhampton,2013,3,612,598,1210,0,0,0,612,598,1210,Rockhampton,29902,30033,59935,0,0,0,29902,30033,59935
Rockhampton,2013,4,597,583,1180,0,0,0,597,583,1180,Rockhampton,30121,29482,59603,0,0,0,30121,29482,59603
Rockhampton,2013,5,598,582,1180,0,0,0,598,582,1180,Rockhampton,28301,29182,57483,0,0,0,28301,29182,57483
Rockhampton,2013,6,552,537,1089,0,0,0,552,537,1089,Rockhampton,28477,28416,56893,0,0,0,28477,28416,56893
Rockhampton,2013,7,616,599,1215,0,0,0,616,599,1215,Rockhampton,32536,32135,64671,0,0,0,32536,32135,64671
Rockhampton,2013,8,590,574,1164,0,0,0,590,574,1164,Rockhampton,30445,31810,62255,0,0,0,30445,31810,62255
Rockhampton,2013,9,578,564,1142,0,0,0,578,564,1142,Rockhampton,29872,29752,59624,0,0,0,29872,29752,59624
Rockhampton,2013,10,613,596,1209,0,0,0,613,596,1209,Rockhampton,31967,31805,63772,0,0,0,31967,31805,63772
Rockhampton,2013,11,546,531,1077,0,0,0,546,531,1077,Rockhampton,28088,28736,56824,0,0,0,28088,28736,56824
Rockhampton,2013,12,536,516,1052,0,0,0,536,516,1052,Rockhampton,27947,29145,57092,0,0,0,27947,29145,57092
Rockhampton,2014,1,505,491,996,0,0,0,505,491,996,Rockhampton,25175,24038,49213,0,0,0,25175,24038,49213
Rockhampton,2014,2,482,466,948,0,0,0,482,466,948,Rockhampton,23180,23684,46864,0,0,0,23180,23684,46864
Rockhampton,2014,3,537,522,1059,0,0,0,537,522,1059,Rockhampton,27884,27840,55724,0,0,0,27884,27840,55724
Rockhampton,2014,4,517,502,1019,0,0,0,517,502,1019,Rockhampton,27499,27452,54951,0,0,0,27499,27452,54951
Rockhampton,2014,5,549,534,1083,0,0,0,549,534,1083,Rockhampton,27343,28383,55726,0,0,0,27343,28383,55726
Rockhampton,2014,6,530,507,1037,0,0,0,530,507,1037,Rockhampton,27393,27278,54671,0,0,0,27393,27278,54671
Rockhampton,2014,7,554,538,1092,0,0,0,554,538,1092,Rockhampton,29036,29421,58457,0,0,0,29036,29421,58457
Rockhampton,2014,8,548,530,1078,0,0,0,548,530,1078,Rockhampton,27277,28234,55511,0,0,0,27277,28234,55511
Rockhampton,2014,9,532,514,1046,0,0,0,532,514,1046,Rockhampton,29157,28751,57908,0,0,0,29157,28751,57908
Rockhampton,2014,10,552,535,1087,0,0,0,552,535,1087,Rockhampton,29349,29603,58952,0,0,0,29349,29603,58952
Rockhampton,2014,11,518,498,1016,0,0,0,518,498,1016,Rockhampton,25794,26723,52517,0,0,0,25794,26723,52517
Rockhampton,2014,12,528,514,1042,0,0,0,528,514,1042,Rockhampton,25108,25809,50917,0,0,0,25108,25809,50917
Rockhampton,2015,1,525,509,1034,0,0,0,525,509,1034,Rockhampton,23029,21618,44647,0,0,0,23029,21618,44647
Rockhampton,2015,2,445,428,873,0,0,0,445,428,873,Rockhampton,19713,19899,39612,0,0,0,19713,19899,39612
Rockhampton,2015,3,535,517,1052,0,0,0,535,517,1052,Rockhampton,27755,27804,55559,0,0,0,27755,27804,55559
Rockhampton,2015,4,453,441,894,0,0,0,453,441,894,Rockhampton,26068,26228,52296,0,0,0,26068,26228,52296
Rockhampton,2015,5,482,463,945,0,0,0,482,463,945,Rockhampton,27726,28056,55782,0,0,0,27726,28056,55782
Rockhampton,2015,6,458,436,894,0,0,0,458,436,894,Rockhampton,26538,26217,52755,0,0,0,26538,26217,52755
Rockhampton,2015,7,488,468,956,0,0,0,488,468,956,Rockhampton,27714,28588,56302,0,0,0,27714,28588,56302
Rockhampton,2015,8,475,460,935,0,0,0,475,460,935,Rockhampton,25644,25817,51461,0,0,0,25644,25817,51461
Rockhampton,2015,9,455,439,894,0,0,0,455,439,894,Rockhampton,25941,26185,52126,0,0,0,25941,26185,52126
Rockhampton,2015,10,469,454,923,0,0,0,469,454,923,Rockhampton,26606,26540,53146,0,0,0,26606,26540,53146
Rockhampton,2015,11,453,432,885,0,0,0,453,432,885,Rockhampton,25321,26155,51476,0,0,0,25321,26155,51476
Rockhampton,2015,12,434,420,854,0,0,0,434,420,854,Rockhampton,24365,24938,49303,0,0,0,24365,24938,49303
Rockhampton,2016,1,398,381,779,0,0,0,398,381,779,Rockhampton,20585,19538,40123,0,0,0,20585,19538,40123
Rockhampton,2016,2,440,421,861,0,0,0,440,421,861,Rockhampton,21204,20977,42181,0,0,0,21204,20977,42181
Rockhampton,2016,3,463,446,909,0,0,0,463,446,909,Rockhampton,23995,24732,48727,0,0,0,23995,24732,48727
Rockhampton,2016,4,440,424,864,0,0,0,440,424,864,Rockhampton,24289,23917,48206,0,0,0,24289,23917,48206
Rockhampton,2016,5,460,444,904,0,0,0,460,444,904,Rockhampton,25201,25046,50247,0,0,0,25201,25046,50247
Rockhampton,2016,6,455,437,892,0,0,0,455,437,892,Rockhampton,24694,24846,49540,0,0,0,24694,24846,49540
Rockhampton,2016,7,457,442,899,0,0,0,457,442,899,Rockhampton,25130,25466,50596,0,0,0,25130,25466,50596
Rockhampton,2016,8,453,436,889,0,0,0,453,436,889,Rockhampton,25307,25273,50580,0,0,0,25307,25273,50580
Rockhampton,2016,9,446,429,875,0,0,0,446,429,875,Rockhampton,26180,26113,52293,0,0,0,26180,26113,52293
Rockhampton,2016,10,442,419,861,0,0,0,442,419,861,Rockhampton,25428,25446,50874,0,0,0,25428,25446,50874
Rockhampton,2016,11,455,436,891,0,0,0,455,436,891,Rockhampton,24719,25047,49766,0,0,0,24719,25047,49766
Rockhampton,2016,12,465,447,912,0,0,0,465,447,912,Rockhampton,25262,25852,51114,0,0,0,25262,25852,51114
Rockhampton,2017,1,411,394,805,0,0,0,411,394,805,Rockhampton,21665,20165,41830,0,0,0,21665,20165,41830
Rockhampton,2017,2,428,411,839,0,0,0,428,411,839,Rockhampton,21090,20902,41992,0,0,0,21090,20902,41992
Rockhampton,2017,3,443,427,870,0,0,0,443,427,870,Rockhampton,24218,25245,49463,0,0,0,24218,25245,49463
Rockhampton,2017,4,264,248,512,0,0,0,264,248,512,Rockhampton,15131,14976,30107,0,0,0,15131,14976,30107
Rockhampton,2017,5,423,407,830,0,0,0,423,407,830,Rockhampton,24313,24516,48829,0,0,0,24313,24516,48829
Rockhampton,2017,6,419,404,823,0,0,0,419,404,823,Rockhampton,24567,23905,48472,0,0,0,24567,23905,48472
Rockhampton,2017,7,432,417,849,0,0,0,432,417,849,Rockhampton,26291,26769,53060,0,0,0,26291,26769,53060
Rockhampton,2017,8,451,434,885,0,0,0,451,434,885,Rockhampton,25111,24886,49997,0,0,0,25111,24886,49997
Rockhampton,2017,9,430,412,842,0,0,0,430,412,842,Rockhampton,25076,24912,49988,0,0,0,25076,24912,49988
Rockhampton,2017,10,445,424,869,0,0,0,445,424,869,Rockhampton,25201,25683,50884,0,0,0,25201,25683,50884
Rockhampton,2017,11,451,429,880,0,0,0,451,429,880,Rockhampton,23202,23451,46653,0,0,0,23202,23451,46653
Rockhampton,2017,12,426,402,828,0,0,0,426,402,828,Rockhampton,22595,22644,45239,0,0,0,22595,22644,45239
Rockhampton,2018,1,421,396,817,0,0,0,421,396,817,Rockhampton,21014,19404,40418,0,0,0,21014,19404,40418
Rockhampton,2018,2,385,362,747,0,0,0,385,362,747,Rockhampton,19329,19416,38745,0,0,0,19329,19416,38745
Rockhampton,2018,3,431,412,843,0,0,0,431,412,843,Rockhampton,23895,23665,47560,0,0,0,23895,23665,47560
Rockhampton,2018,4,426,404,830,0,0,0,426,404,830,Rockhampton,21851,21368,43219,0,0,0,21851,21368,43219
Rockhampton,2018,5,477,456,933,0,0,0,477,456,933,Rockhampton,26196,25796,51992,0,0,0,26196,25796,51992
Rockhampton,2018,6,393,370,763,0,0,0,393,370,763,Rockhampton,22731,23045,45776,0,0,0,22731,23045,45776
Rockhampton,2018,7,413,403,816,0,0,0,413,403,816,Rockhampton,23750,23741,47491,0,0,0,23750,23741,47491
Rockhampton,2018,8,398,407,805,0,0,0,398,407,805,Rockhampton,25001,25028,50029,0,0,0,25001,25028,50029
Rockhampton,2018,9,392,390,782,0,0,0,392,390,782,Rockhampton,22995,23668,46663,0,0,0,22995,23668,46663
Rockhampton,2018,10,420,413,833,0,0,0,420,413,833,Rockhampton,24857,24440,49297,0,0,0,24857,24440,49297
Rockhampton,2018,11,391,388,779,0,0,0,391,388,779,Rockhampton,22684,23271,45955,0,0,0,22684,23271,45955
Rockhampton,2018,12,382,377,759,0,0,0,382,377,759,Rockhampton,21740,22711,44451,0,0,0,21740,22711,44451
Rockhampton,2019,1,392,386,778,0,0,0,392,386,778,Rockhampton,21021,19909,40930,0,0,0,21021,19909,40930
Rockhampton,2019,2,368,364,732,0,0,0,368,364,732,Rockhampton,20247,20267,40514,0,0,0,20247,20267,40514
Rockhampton,2019,3,400,394,794,0,0,0,400,394,794,Rockhampton,23204,23353,46557,0,0,0,23204,23353,46557
Rockhampton,2019,4,385,380,765,0,0,0,385,380,765,Rockhampton,22961,22699,45660,0,0,0,22961,22699,45660
Rockhampton,2019,5,412,407,819,0,0,0,412,407,819,Rockhampton,24496,24526,49022,0,0,0,24496,24526,49022
Rockhampton,2019,6,388,385,773,0,0,0,388,385,773,Rockhampton,23208,22846,46054,0,0,0,23208,22846,46054
Rockhampton,2019,7,413,408,821,0,0,0,413,408,821,Rockhampton,27086,27017,54103,0,0,0,27086,27017,54103
Rockhampton,2019,8,394,390,784,0,0,0,394,390,784,Rockhampton,24649,25631,50280,0,0,0,24649,25631,50280
Rockhampton,2019,9,389,382,771,0,0,0,389,382,771,Rockhampton,25279,24781,50060,0,0,0,25279,24781,50060
Rockhampton,2019,10,412,408,820,0,0,0,412,408,820,Rockhampton,26365,26282,52647,0,0,0,26365,26282,52647
Rockhampton,2019,11,384,382,766,0,0,0,384,382,766,Rockhampton,23925,24665,48590,0,0,0,23925,24665,48590
Rockhampton,2019,12,376,372,748,0,0,0,376,372,748,Rockhampton,23304,23822,47126,0,0,0,23304,23822,47126
Rockhampton,2020,1,388,379,767,0,0,0,388,379,767,Rockhampton,21682,20775,42457,0,0,0,21682,20775,42457
Rockhampton,2020,2,370,367,737,0,0,0,370,367,737,Rockhampton,20718,20712,41430,0,0,0,20718,20712,41430
Rockhampton,2020,3,336,332,668,0,0,0,336,332,668,Rockhampton,16383,15076,31459,0,0,0,16383,15076,31459
Rockhampton,2020,4,93,88,181,0,0,0,93,88,181,Rockhampton,1234,1271,2505,0,0,0,1234,1271,2505
Rockhampton,2020,5,72,68,140,0,0,0,72,68,140,Rockhampton,2071,2088,4159,0,0,0,2071,2088,4159
Rockhampton,2020,6,109,105,214,0,0,0,109,105,214,Rockhampton,4595,4698,9293,0,0,0,4595,4698,9293
Rockhampton,2020,7,175,170,345,0,0,0,175,170,345,Rockhampton,8535,8745,17280,0,0,0,8535,8745,17280
Rockhampton,2020,8,202,198,400,0,0,0,202,198,400,Rockhampton,8972,9209,18181,0,0,0,8972,9209,18181
Rockhampton,2020,9,221,215,436,0,0,0,221,215,436,Rockhampton,10594,10633,21227,0,0,0,10594,10633,21227
Rockhampton,2020,10,244,239,483,0,0,0,244,239,483,Rockhampton,12598,13364,25962,0,0,0,12598,13364,25962
Rockhampton,2020,11,277,280,557,0,0,0,277,280,557,Rockhampton,14346,14156,28502,0,0,0,14346,14156,28502
Rockhampton,2020,12,307,294,601,0,0,0,307,294,601,Rockhampton,16667,16649,33316,0,0,0,16667,16649,33316
Rockhampton,2021,1,281,279,560,0,0,0,281,279,560,Rockhampton,12142,12504,24646,0,0,0,12142,12504,24646
Rockhampton,2021,2,258,258,516,0,0,0,258,258,516,Rockhampton,14433,14563,28996,0,0,0,14433,14563,28996
Rockhampton,2021,3,318,317,635,0,0,0,318,317,635,Rockhampton,18678,18454,37132,0,0,0,18678,18454,37132
Rockhampton,2021,4,313,313,626,0,0,0,313,313,626,Rockhampton,18320,18576,36896,0,0,0,18320,18576,36896
Rockhampton,2021,5,325,325,650,0,0,0,325,325,650,Rockhampton,21818,21819,43637,0,0,0,21818,21819,43637
Rockhampton,2021,6,339,338,677,0,0,0,339,338,677,Rockhampton,19783,19784,39567,0,0,0,19783,19784,39567
Rockhampton,2021,7,346,345,691,0,0,0,346,345,691,Rockhampton,15748,16180,31928,0,0,0,15748,16180,31928
Rockhampton,2021,8,233,236,469,0,0,0,233,236,469,Rockhampton,10187,9910,20097,0,0,0,10187,9910,20097
Rockhampton,2021,9,285,284,569,0,0,0,285,284,569,Rockhampton,15913,16157,32070,0,0,0,15913,16157,32070
Rockhampton,2021,10,327,327,654,0,0,0,327,327,654,Rockhampton,16260,16802,33062,0,0,0,16260,16802,33062
Rockhampton,2021,11,354,349,703,0,0,0,354,349,703,Rockhampton,17545,17459,35004,0,0,0,17545,17459,35004
Rockhampton,2021,12,363,350,713,0,0,0,363,350,713,Rockhampton,18646,18401,37047,0,0,0,18646,18401,37047
Rockhampton,2022,1,286,284,570,0,0,0,286,284,570,Rockhampton,12526,12465,24991,0,0,0,12526,12465,24991
Rockhampton,2022,2,249,246,495,0,0,0,249,246,495,Rockhampton,13441,13612,27053,0,0,0,13441,13612,27053
Rockhampton,2022,3,320,315,635,0,0,0,320,315,635,Rockhampton,18543,19039,37582,0,0,0,18543,19039,37582
Rockhampton,2022,4,291,289,580,0,0,0,291,289,580,Rockhampton,20984,21003,41987,0,0,0,20984,21003,41987
Rockhampton,2022,5,339,338,677,0,0,0,339,338,677,Rockhampton,22452,22360,44812,0,0,0,22452,22360,44812
Rockhampton,2022,6,353,349,702,0,0,0,353,349,702,Rockhampton,22499,22892,45391,0,0,0,22499,22892,45391
Rockhampton,2022,7,343,342,685,0,0,0,343,342,685,Rockhampton,22938,22747,45685,0,0,0,22938,22747,45685
Rockhampton,2022,8,337,336,673,0,0,0,337,336,673,Rockhampton,22850,22597,45447,0,0,0,22850,22597,45447
Rockhampton,2022,9,289,301,590,0,0,0,289,301,590,Rockhampton,21059,20981,42040,0,0,0,21059,20981,42040
Rockhampton,2022,10,310,318,628,0,0,0,310,318,628,Rockhampton,21071,21898,42969,0,0,0,21071,21898,42969
Rockhampton,2022,11,351,361,712,0,0,0,351,361,712,Rockhampton,22545,22441,44986,0,0,0,22545,22441,44986
Rockhampton,2022,12,363,377,740,0,0,0,363,377,740,Rockhampton,20503,21265,41768,0,0,0,20503,21265,41768
Rockhampton,2023,1,368,376,744,0,0,0,368,376,744,Rockhampton,19410,18552,37962,0,0,0,19410,18552,37962
Rockhampton,2023,2,338,347,685,0,0,0,338,347,685,Rockhampton,19787,20157,39944,0,0,0,19787,20157,39944
Rockhampton,2023,3,407,420,827,0,0,0,407,420,827,Rockhampton,26024,26325,52349,0,0,0,26024,26325,52349
Rockhampton,2023,4,392,400,792,0,0,0,392,400,792,Rockhampton,25915,26023,51938,0,0,0,25915,26023,51938
Rockhampton,2023,5,445,456,901,0,0,0,445,456,901,Rockhampton,28156,28295,56451,0,0,0,28156,28295,56451
Rockhampton,2023,6,430,438,868,0,0,0,430,438,868,Rockhampton,28019,28025,56044,0,0,0,28019,28025,56044
Rockhampton,2023,7,423,437,860,0,0,0,423,437,860,Rockhampton,30335,29536,59871,0,0,0,30335,29536,59871
Rockhampton,2023,8,431,448,879,0,0,0,431,448,879,Rockhampton,28704,29340,58044,0,0,0,28704,29340,58044
Rockhampton,2023,9,410,424,834,0,0,0,410,424,834,Rockhampton,28901,28755,57656,0,0,0,28901,28755,57656
Rockhampton,2023,10,430,441,871,0,0,0,430,441,871,Rockhampton,28628,28335,56963,0,0,0,28628,28335,56963
Rockhampton,2023,11,427,438,865,0,0,0,427,438,865,Rockhampton,27258,27927,55185,0,0,0,27258,27927,55185
Rockhampton,2023,12,399,408,807,0,0,0,399,408,807,Rockhampton,25308,25068,50376,0,0,0,25308,25068,50376
Rockhampton,2024,1,375,372,747,0,0,0,375,372,747,Rockhampton,23137,21781,44918,0,0,0,23137,21781,44918
Rockhampton,2024,2,392,391,783,0,0,0,392,391,783,Rockhampton,24804,25222,50026,0,0,0,24804,25222,50026
Rockhampton,2024,3,425,422,847,0,0,0,425,422,847,Rockhampton,28398,27865,56263,0,0,0,28398,27865,56263
Rockhampton,2024,4,438,435,873,0,0,0,438,435,873,Rockhampton,28965,28067,57032,0,0,0,28965,28067,57032
Rockhampton,2024,5,441,439,880,0,0,0,441,439,880,Rockhampton,28542,29108,57650,0,0,0,28542,29108,57650
Rockhampton,2024,6,390,388,778,0,0,0,390,388,778,Rockhampton,25919,26335,52254,0,0,0,25919,26335,52254
Rockhampton,2024,7,427,425,852,0,0,0,427,425,852,Rockhampton,28178,27538,55716,0,0,0,28178,27538,55716
Rockhampton,2024,8,417,417,834,0,0,0,417,417,834,Rockhampton,27432,28233,55665,0,0,0,27432,28233,55665
Rockhampton,2024,9,407,403,810,0,0,0,407,403,810,Rockhampton,29304,28759,58063,0,0,0,29304,28759,58063
Rockhampton,2024,10,416,417,833,0,0,0,416,417,833,Rockhampton,29814,30319,60133,0,0,0,29814,30319,60133
Rockhampton,2024,11,392,392,784,0,0,0,392,392,784,Rockhampton,27648,28852,56500,0,0,0,27648,28852,56500
Rockhampton,2024,12,375,372,747,0,0,0,375,372,747,Rockhampton,25418,26248,51666,0,0,0,25418,26248,51666
Rockhampton,2025,1,355,352,707,0,0,0,355,352,707,Rockhampton,23942,22920,46862,0,0,0,23942,22920,46862
Rockhampton,2025,2,369,368,737,0,0,0,369,368,737,Rockhampton,23275,23914,47189,0,0,0,23275,23914,47189
Rockhampton,2025,3,378,371,749,0,0,0,378,371,749,Rockhampton,24539,23995,48534,0,0,0,24539,23995,48534
Rockhampton,2025,4,358,354,712,0,0,0,358,354,712,Rockhampton,26381,25934,52315,0,0,0,26381,25934,52315
Rockhampton,2025,5,406,406,812,0,0,0,406,406,812,Rockhampton,28234,28917,57151,0,0,0,28234,28917,57151
Rockhampton,2025,6,391,389,780,0,0,0,391,389,780,Rockhampton,27523,27281,54804,0,0,0,27523,27281,54804
Sunshine Coast,1985,1,198,199,397,0,0,0,198,199,397,Sunshine Coast,4050,4711,8761,0,0,0,4050,4711,8761
Sunshine Coast,1985,2,146,144,290,0,0,0,146,144,290,Sunshine Coast,2496,2551,5047,0,0,0,2496,2551,5047
Sunshine Coast,1985,3,174,174,348,0,0,0,174,174,348,Sunshine Coast,3226,3308,6534,0,0,0,3226,3308,6534
Sunshine Coast,1985,4,186,187,373,0,0,0,186,187,373,Sunshine Coast,3802,3758,7560,0,0,0,3802,3758,7560
Sunshine Coast,1985,5,208,205,413,0,0,0,208,205,413,Sunshine Coast,4129,4105,8234,0,0,0,4129,4105,8234
Sunshine Coast,1985,6,178,179,357,0,0,0,178,179,357,Sunshine Coast,3260,3484,6744,0,0,0,3260,3484,6744
Sunshine Coast,1985,7,179,159,338,0,0,0,179,159,338,Sunshine Coast,3631,3492,7123,0,0,0,3631,3492,7123
Sunshine Coast,1985,8,211,198,409,0,0,0,211,198,409,Sunshine Coast,4502,3758,8260,0,0,0,4502,3758,8260
Sunshine Coast,1985,9,169,169,338,0,0,0,169,169,338,Sunshine Coast,3525,4752,8277,0,0,0,3525,4752,8277
Sunshine Coast,1985,10,170,140,310,0,0,0,170,140,310,Sunshine Coast,3704,3841,7545,0,0,0,3704,3841,7545
Sunshine Coast,1985,11,156,155,311,0,0,0,156,155,311,Sunshine Coast,3384,3454,6838,0,0,0,3384,3454,6838
Sunshine Coast,1985,12,192,174,366,0,0,0,192,174,366,Sunshine Coast,4477,3575,8052,0,0,0,4477,3575,8052
Sunshine Coast,1986,1,230,231,461,0,0,0,230,231,461,Sunshine Coast,4563,5165,9728,0,0,0,4563,5165,9728
Sunshine Coast,1986,2,162,163,325,0,0,0,162,163,325,Sunshine Coast,2598,2734,5332,0,0,0,2598,2734,5332
Sunshine Coast,1986,3,148,134,282,0,0,0,148,134,282,Sunshine Coast,3588,3422,7010,0,0,0,3588,3422,7010
Sunshine Coast,1986,4,179,147,326,0,0,0,179,147,326,Sunshine Coast,2900,3083,5983,0,0,0,2900,3083,5983
Sunshine Coast,1986,5,181,181,362,0,0,0,181,181,362,Sunshine Coast,3980,3907,7887,0,0,0,3980,3907,7887
Sunshine Coast,1986,6,158,157,315,0,0,0,158,157,315,Sunshine Coast,3049,3065,6114,0,0,0,3049,3065,6114
Sunshine Coast,1986,7,192,158,350,0,0,0,192,158,350,Sunshine Coast,3141,2817,5958,0,0,0,3141,2817,5958
Sunshine Coast,1986,8,190,165,355,0,0,0,190,165,355,Sunshine Coast,5097,4252,9349,0,0,0,5097,4252,9349
Sunshine Coast,1986,9,183,206,389,0,0,0,183,206,389,Sunshine Coast,3584,4834,8418,0,0,0,3584,4834,8418
Sunshine Coast,1986,10,174,178,352,0,0,0,174,178,352,Sunshine Coast,3972,3926,7898,0,0,0,3972,3926,7898
Sunshine Coast,1986,11,168,168,336,0,0,0,168,168,336,Sunshine Coast,3248,3366,6614,0,0,0,3248,3366,6614
Sunshine Coast,1986,12,203,201,404,0,0,0,203,201,404,Sunshine Coast,4463,3497,7960,0,0,0,4463,3497,7960
Sunshine Coast,1987,1,167,166,333,0,0,0,167,166,333,Sunshine Coast,4417,5390,9807,0,0,0,4417,5390,9807
Sunshine Coast,1987,2,128,124,252,0,0,0,128,124,252,Sunshine Coast,2511,2771,5282,0,0,0,2511,2771,5282
Sunshine Coast,1987,3,116,116,232,0,0,0,116,116,232,Sunshine Coast,3036,3076,6112,0,0,0,3036,3076,6112
Sunshine Coast,1987,4,174,171,345,0,0,0,174,171,345,Sunshine Coast,3422,3452,6874,0,0,0,3422,3452,6874
Sunshine Coast,1987,5,137,136,273,0,0,0,137,136,273,Sunshine Coast,2747,2691,5438,0,0,0,2747,2691,5438
Sunshine Coast,1987,6,162,163,325,0,0,0,162,163,325,Sunshine Coast,3461,3230,6691,0,0,0,3461,3230,6691
Sunshine Coast,1987,7,209,209,418,0,0,0,209,209,418,Sunshine Coast,3806,3670,7476,0,0,0,3806,3670,7476
Sunshine Coast,1987,8,206,208,414,0,0,0,206,208,414,Sunshine Coast,3694,3627,7321,0,0,0,3694,3627,7321
Sunshine Coast,1987,9,223,223,446,0,0,0,223,223,446,Sunshine Coast,4306,4078,8384,0,0,0,4306,4078,8384
Sunshine Coast,1987,10,271,267,538,0,0,0,271,267,538,Sunshine Coast,3584,4116,7700,0,0,0,3584,4116,7700
Sunshine Coast,1987,11,277,247,524,0,0,0,277,247,524,Sunshine Coast,3324,3491,6815,0,0,0,3324,3491,6815
Sunshine Coast,1987,12,289,289,578,0,0,0,289,289,578,Sunshine Coast,3955,3361,7316,0,0,0,3955,3361,7316
Sunshine Coast,1988,1,291,295,586,0,0,0,291,295,586,Sunshine Coast,4265,5094,9359,0,0,0,4265,5094,9359
Sunshine Coast,1988,2,242,241,483,0,0,0,242,241,483,Sunshine Coast,2336,2334,4670,0,0,0,2336,2334,4670
Sunshine Coast,1988,3,223,224,447,0,0,0,223,224,447,Sunshine Coast,2873,2873,5746,0,0,0,2873,2873,5746
Sunshine Coast,1988,4,221,219,440,0,0,0,221,219,440,Sunshine Coast,3207,3250,6457,0,0,0,3207,3250,6457
Sunshine Coast,1988,5,218,228,446,0,0,0,218,228,446,Sunshine Coast,2878,2696,5574,0,0,0,2878,2696,5574
Sunshine Coast,1988,6,267,264,531,0,0,0,267,264,531,Sunshine Coast,3571,2856,6427,0,0,0,3571,2856,6427
Sunshine Coast,1988,7,254,246,500,0,0,0,254,246,500,Sunshine Coast,4393,4781,9174,0,0,0,4393,4781,9174
Sunshine Coast,1988,8,246,252,498,0,0,0,246,252,498,Sunshine Coast,3849,3970,7819,0,0,0,3849,3970,7819
Sunshine Coast,1988,9,262,260,522,0,0,0,262,260,522,Sunshine Coast,5319,4676,9995,0,0,0,5319,4676,9995
Sunshine Coast,1988,10,253,251,504,0,0,0,253,251,504,Sunshine Coast,4236,5122,9358,0,0,0,4236,5122,9358
Sunshine Coast,1988,11,168,181,349,0,0,0,168,181,349,Sunshine Coast,2772,2967,5739,0,0,0,2772,2967,5739
Sunshine Coast,1988,12,237,235,472,0,0,0,237,235,472,Sunshine Coast,4922,3734,8656,0,0,0,4922,3734,8656
Sunshine Coast,1989,1,254,258,512,0,0,0,254,258,512,Sunshine Coast,4585,5885,10470,0,0,0,4585,5885,10470
Sunshine Coast,1989,2,178,182,360,0,0,0,178,182,360,Sunshine Coast,2751,2816,5567,0,0,0,2751,2816,5567
Sunshine Coast,1989,3,200,196,396,0,0,0,200,196,396,Sunshine Coast,4128,3736,7864,0,0,0,4128,3736,7864
Sunshine Coast,1989,4,171,171,342,0,0,0,171,171,342,Sunshine Coast,2790,3229,6019,0,0,0,2790,3229,6019
Sunshine Coast,1989,5,199,194,393,0,0,0,199,194,393,Sunshine Coast,2307,2411,4718,0,0,0,2307,2411,4718
Sunshine Coast,1989,6,169,169,338,0,0,0,169,169,338,Sunshine Coast,3503,2887,6390,0,0,0,3503,2887,6390
Sunshine Coast,1989,7,205,202,407,0,0,0,205,202,407,Sunshine Coast,3712,3975,7687,0,0,0,3712,3975,7687
Sunshine Coast,1989,8,135,134,269,0,0,0,135,134,269,Sunshine Coast,1971,2194,4165,0,0,0,1971,2194,4165
Sunshine Coast,1989,9,26,25,51,0,0,0,26,25,51,Sunshine Coast,65,34,99,0,0,0,65,34,99
Sunshine Coast,1989,10,66,66,132,0,0,0,66,66,132,Sunshine Coast,523,585,1108,0,0,0,523,585,1108
Sunshine Coast,1989,11,67,68,135,0,0,0,67,68,135,Sunshine Coast,474,444,918,0,0,0,474,444,918
Sunshine Coast,1989,12,121,121,242,0,0,0,121,121,242,Sunshine Coast,1125,870,1995,0,0,0,1125,870,1995
Sunshine Coast,1990,1,177,177,354,0,0,0,177,177,354,Sunshine Coast,1472,1685,3157,0,0,0,1472,1685,3157
Sunshine Coast,1990,2,153,152,305,0,0,0,153,152,305,Sunshine Coast,1930,1786,3716,0,0,0,1930,1786,3716
Sunshine Coast,1990,3,129,130,259,0,0,0,129,130,259,Sunshine Coast,2632,2515,5147,0,0,0,2632,2515,5147
Sunshine Coast,1990,4,180,179,359,0,0,0,180,179,359,Sunshine Coast,3843,3875,7718,0,0,0,3843,3875,7718
Sunshine Coast,1990,5,154,157,311,0,0,0,154,157,311,Sunshine Coast,2464,2361,4825,0,0,0,2464,2361,4825
Sunshine Coast,1990,6,158,158,316,0,0,0,158,158,316,Sunshine Coast,3062,2752,5814,0,0,0,3062,2752,5814
Sunshine Coast,1990,7,185,187,372,0,0,0,185,187,372,Sunshine Coast,3754,3554,7308,0,0,0,3754,3554,7308
Sunshine Coast,1990,8,234,218,452,0,0,0,234,218,452,Sunshine Coast,3388,3333,6721,0,0,0,3388,3333,6721
Sunshine Coast,1990,9,198,197,395,0,0,0,198,197,395,Sunshine Coast,4618,4135,8753,0,0,0,4618,4135,8753
Sunshine Coast,1990,10,214,214,428,0,0,0,214,214,428,Sunshine Coast,4048,4433,8481,0,0,0,4048,4433,8481
Sunshine Coast,1990,11,185,186,371,0,0,0,185,186,371,Sunshine Coast,3767,3799,7566,0,0,0,3767,3799,7566
Sunshine Coast,1990,12,210,213,423,0,0,0,210,213,423,Sunshine Coast,4975,4017,8992,0,0,0,4975,4017,8992
Sunshine Coast,1991,1,151,150,301,0,0,0,151,150,301,Sunshine Coast,4448,5401,9849,0,0,0,4448,5401,9849
Sunshine Coast,1991,2,141,140,281,0,0,0,141,140,281,Sunshine Coast,2963,3164,6127,0,0,0,2963,3164,6127
Sunshine Coast,1991,3,160,160,320,0,0,0,160,160,320,Sunshine Coast,3908,3486,7394,0,0,0,3908,3486,7394
Sunshine Coast,1991,4,159,158,317,0,0,0,159,158,317,Sunshine Coast,3984,4426,8410,0,0,0,3984,4426,8410
Sunshine Coast,1991,5,166,165,331,0,0,0,166,165,331,Sunshine Coast,2845,2790,5635,0,0,0,2845,2790,5635
Sunshine Coast,1991,6,153,153,306,0,0,0,153,153,306,Sunshine Coast,3861,3286,7147,0,0,0,3861,3286,7147
Sunshine Coast,1991,7,152,152,304,0,0,0,152,152,304,Sunshine Coast,4151,4086,8237,0,0,0,4151,4086,8237
Sunshine Coast,1991,8,73,72,145,0,0,0,73,72,145,Sunshine Coast,4066,3976,8042,0,0,0,4066,3976,8042
Sunshine Coast,1991,9,78,78,156,0,0,0,78,78,156,Sunshine Coast,5161,4428,9589,0,0,0,5161,4428,9589
Sunshine Coast,1991,10,79,79,158,0,0,0,79,79,158,Sunshine Coast,4703,5592,10295,0,0,0,4703,5592,10295
Sunshine Coast,1991,11,79,79,158,0,0,0,79,79,158,Sunshine Coast,4933,5052,9985,0,0,0,4933,5052,9985
Sunshine Coast,1991,12,91,91,182,0,0,0,91,91,182,Sunshine Coast,6173,5140,11313,0,0,0,6173,5140,11313
Sunshine Coast,1992,1,92,92,184,0,0,0,92,92,184,Sunshine Coast,7088,8232,15320,0,0,0,7088,8232,15320
Sunshine Coast,1992,2,73,74,147,0,0,0,73,74,147,Sunshine Coast,4744,5041,9785,0,0,0,4744,5041,9785
Sunshine Coast,1992,3,92,91,183,0,0,0,92,91,183,Sunshine Coast,4940,4967,9907,0,0,0,4940,4967,9907
Sunshine Coast,1992,4,121,120,241,0,0,0,121,120,241,Sunshine Coast,6382,6543,12925,0,0,0,6382,6543,12925
Sunshine Coast,1992,5,115,115,230,0,0,0,115,115,230,Sunshine Coast,5350,5260,10610,0,0,0,5350,5260,10610
Sunshine Coast,1992,6,103,104,207,0,0,0,103,104,207,Sunshine Coast,5347,5114,10461,0,0,0,5347,5114,10461
Sunshine Coast,1992,7,119,117,236,0,0,0,119,117,236,Sunshine Coast,7437,7039,14476,0,0,0,7437,7039,14476
Sunshine Coast,1992,8,111,112,223,0,0,0,111,112,223,Sunshine Coast,6770,6452,13222,0,0,0,6770,6452,13222
Sunshine Coast,1992,9,122,122,244,0,0,0,122,122,244,Sunshine Coast,7580,6937,14517,0,0,0,7580,6937,14517
Sunshine Coast,1992,10,120,119,239,0,0,0,120,119,239,Sunshine Coast,7578,8282,15860,0,0,0,7578,8282,15860
Sunshine Coast,1992,11,128,128,256,0,0,0,128,128,256,Sunshine Coast,7411,7700,15111,0,0,0,7411,7700,15111
Sunshine Coast,1992,12,148,148,296,0,0,0,148,148,296,Sunshine Coast,9098,7403,16501,0,0,0,9098,7403,16501
Sunshine Coast,1993,1,182,183,365,0,0,0,182,183,365,Sunshine Coast,10596,12350,22946,0,0,0,10596,12350,22946
Sunshine Coast,1993,2,107,107,214,0,0,0,107,107,214,Sunshine Coast,5989,6257,12246,0,0,0,5989,6257,12246
Sunshine Coast,1993,3,118,116,234,0,0,0,118,116,234,Sunshine Coast,6313,5916,12229,0,0,0,6313,5916,12229
Sunshine Coast,1993,4,156,155,311,0,0,0,156,155,311,Sunshine Coast,8115,7820,15935,0,0,0,8115,7820,15935
Sunshine Coast,1993,5,157,158,315,0,0,0,157,158,315,Sunshine Coast,6368,6209,12577,0,0,0,6368,6209,12577
Sunshine Coast,1993,6,167,166,333,0,0,0,167,166,333,Sunshine Coast,7505,6750,14255,0,0,0,7505,6750,14255
Sunshine Coast,1993,7,213,212,425,0,0,0,213,212,425,Sunshine Coast,8837,8554,17391,0,0,0,8837,8554,17391
Sunshine Coast,1993,8,186,187,373,0,0,0,186,187,373,Sunshine Coast,8406,8336,16742,0,0,0,8406,8336,16742
Sunshine Coast,1993,9,233,235,468,0,0,0,233,235,468,Sunshine Coast,10006,9392,19398,0,0,0,10006,9392,19398
Sunshine Coast,1993,10,247,245,492,0,0,0,247,245,492,Sunshine Coast,9382,10260,19642,0,0,0,9382,10260,19642
Sunshine Coast,1993,11,191,191,382,0,0,0,191,191,382,Sunshine Coast,8332,8434,16766,0,0,0,8332,8434,16766
Sunshine Coast,1993,12,223,222,445,0,0,0,223,222,445,Sunshine Coast,9888,8439,18327,0,0,0,9888,8439,18327
Sunshine Coast,1994,1,201,201,402,0,0,0,201,201,402,Sunshine Coast,10117,11349,21466,0,0,0,10117,11349,21466
Sunshine Coast,1994,2,167,167,334,0,0,0,167,167,334,Sunshine Coast,7035,7370,14405,0,0,0,7035,7370,14405
Sunshine Coast,1994,3,182,182,364,0,0,0,182,182,364,Sunshine Coast,8484,8409,16893,0,0,0,8484,8409,16893
Sunshine Coast,1994,4,199,199,398,0,0,0,199,199,398,Sunshine Coast,9362,9889,19251,0,0,0,9362,9889,19251
Sunshine Coast,1994,5,226,226,452,0,0,0,226,226,452,Sunshine Coast,8209,8310,16519,0,0,0,8209,8310,16519
Sunshine Coast,1994,6,192,192,384,0,0,0,192,192,384,Sunshine Coast,9259,8587,17846,0,0,0,9259,8587,17846
Sunshine Coast,1994,7,233,232,465,0,0,0,233,232,465,Sunshine Coast,11714,11175,22889,0,0,0,11714,11175,22889
Sunshine Coast,1994,8,246,245,491,0,0,0,246,245,491,Sunshine Coast,10955,10949,21904,0,0,0,10955,10949,21904
Sunshine Coast,1994,9,284,279,563,0,0,0,284,279,563,Sunshine Coast,13243,12578,25821,0,0,0,13243,12578,25821
Sunshine Coast,1994,10,278,279,557,0,0,0,278,279,557,Sunshine Coast,12847,13777,26624,0,0,0,12847,13777,26624
Sunshine Coast,1994,11,237,237,474,0,0,0,237,237,474,Sunshine Coast,11021,11758,22779,0,0,0,11021,11758,22779
Sunshine Coast,1994,12,272,270,542,0,0,0,272,270,542,Sunshine Coast,12470,10847,23317,0,0,0,12470,10847,23317
Sunshine Coast,1995,1,306,306,612,0,0,0,306,306,612,Sunshine Coast,12592,14334,26926,0,0,0,12592,14334,26926
Sunshine Coast,1995,2,224,225,449,0,0,0,224,225,449,Sunshine Coast,8538,9123,17661,0,0,0,8538,9123,17661
Sunshine Coast,1995,3,276,276,552,0,0,0,276,276,552,Sunshine Coast,9495,9400,18895,0,0,0,9495,9400,18895
Sunshine Coast,1995,4,316,317,633,0,0,0,316,317,633,Sunshine Coast,11737,11580,23317,0,0,0,11737,11580,23317
Sunshine Coast,1995,5,275,273,548,0,0,0,275,273,548,Sunshine Coast,9361,9542,18903,0,0,0,9361,9542,18903
Sunshine Coast,1995,6,270,271,541,0,0,0,270,271,541,Sunshine Coast,10477,9718,20195,0,0,0,10477,9718,20195
Sunshine Coast,1995,7,330,330,660,0,0,0,330,330,660,Sunshine Coast,13566,12529,26095,0,0,0,13566,12529,26095
Sunshine Coast,1995,8,317,317,634,0,0,0,317,317,634,Sunshine Coast,13069,12647,25716,0,0,0,13069,12647,25716
Sunshine Coast,1995,9,334,332,666,0,0,0,334,332,666,Sunshine Coast,15648,14120,29768,0,0,0,15648,14120,29768
Sunshine Coast,1995,10,343,341,684,0,0,0,343,341,684,Sunshine Coast,14231,16057,30288,0,0,0,14231,16057,30288
Sunshine Coast,1995,11,310,309,619,0,0,0,310,309,619,Sunshine Coast,12946,13390,26336,0,0,0,12946,13390,26336
Sunshine Coast,1995,12,385,379,764,0,0,0,385,379,764,Sunshine Coast,14827,12865,27692,0,0,0,14827,12865,27692
Sunshine Coast,1996,1,439,438,877,0,0,0,439,438,877,Sunshine Coast,14056,16951,31007,0,0,0,14056,16951,31007
Sunshine Coast,1996,2,348,343,691,0,0,0,348,343,691,Sunshine Coast,10084,10195,20279,0,0,0,10084,10195,20279
Sunshine Coast,1996,3,389,388,777,0,0,0,389,388,777,Sunshine Coast,12194,11652,23846,0,0,0,12194,11652,23846
Sunshine Coast,1996,4,411,411,822,0,0,0,411,411,822,Sunshine Coast,12821,13063,25884,0,0,0,12821,13063,25884
Sunshine Coast,1996,5,288,291,579,0,0,0,288,291,579,Sunshine Coast,10448,10510,20958,0,0,0,10448,10510,20958
Sunshine Coast,1996,6,277,275,552,0,0,0,277,275,552,Sunshine Coast,11494,10522,22016,0,0,0,11494,10522,22016
Sunshine Coast,1996,7,349,348,697,0,0,0,349,348,697,Sunshine Coast,13761,13116,26877,0,0,0,13761,13116,26877
Sunshine Coast,1996,8,345,345,690,0,0,0,345,345,690,Sunshine Coast,13931,13554,27485,0,0,0,13931,13554,27485
Sunshine Coast,1996,9,389,386,775,0,0,0,389,386,775,Sunshine Coast,16793,15351,32144,0,0,0,16793,15351,32144
Sunshine Coast,1996,10,412,412,824,0,0,0,412,412,824,Sunshine Coast,16529,17877,34406,0,0,0,16529,17877,34406
Sunshine Coast,1996,11,341,343,684,0,0,0,341,343,684,Sunshine Coast,13471,13907,27378,0,0,0,13471,13907,27378
Sunshine Coast,1996,12,329,331,660,0,0,0,329,331,660,Sunshine Coast,14325,12540,26865,0,0,0,14325,12540,26865
Sunshine Coast,1997,1,298,298,596,0,0,0,298,298,596,Sunshine Coast,12625,14396,27021,0,0,0,12625,14396,27021
Sunshine Coast,1997,2,206,206,412,0,0,0,206,206,412,Sunshine Coast,8861,9394,18255,0,0,0,8861,9394,18255
Sunshine Coast,1997,3,280,280,560,0,0,0,280,280,560,Sunshine Coast,11504,10666,22170,0,0,0,11504,10666,22170
Sunshine Coast,1997,4,244,245,489,0,0,0,244,245,489,Sunshine Coast,10505,11219,21724,0,0,0,10505,11219,21724
Sunshine Coast,1997,5,213,212,425,0,0,0,213,212,425,Sunshine Coast,9398,8841,18239,0,0,0,9398,8841,18239
Sunshine Coast,1997,6,224,226,450,0,0,0,224,226,450,Sunshine Coast,10544,9709,20253,0,0,0,10544,9709,20253
Sunshine Coast,1997,7,240,241,481,0,0,0,240,241,481,Sunshine Coast,11881,11472,23353,0,0,0,11881,11472,23353
Sunshine Coast,1997,8,240,238,478,0,0,0,240,238,478,Sunshine Coast,12562,12114,24676,0,0,0,12562,12114,24676
Sunshine Coast,1997,9,283,282,565,0,0,0,283,282,565,Sunshine Coast,14334,12917,27251,0,0,0,14334,12917,27251
Sunshine Coast,1997,10,297,295,592,0,0,0,297,295,592,Sunshine Coast,14595,15283,29878,0,0,0,14595,15283,29878
Sunshine Coast,1997,11,261,265,526,0,0,0,261,265,526,Sunshine Coast,12966,13520,26486,0,0,0,12966,13520,26486
Sunshine Coast,1997,12,291,296,587,0,0,0,291,296,587,Sunshine Coast,12900,11150,24050,0,0,0,12900,11150,24050
Sunshine Coast,1998,1,287,287,574,0,0,0,287,287,574,Sunshine Coast,13151,14969,28120,0,0,0,13151,14969,28120
Sunshine Coast,1998,2,204,205,409,0,0,0,204,205,409,Sunshine Coast,8703,8739,17442,0,0,0,8703,8739,17442
Sunshine Coast,1998,3,234,233,467,0,0,0,234,233,467,Sunshine Coast,10240,10183,20423,0,0,0,10240,10183,20423
Sunshine Coast,1998,4,254,253,507,0,0,0,254,253,507,Sunshine Coast,10479,10332,20811,0,0,0,10479,10332,20811
Sunshine Coast,1998,5,241,239,480,0,0,0,241,239,480,Sunshine Coast,9503,9377,18880,0,0,0,9503,9377,18880
Sunshine Coast,1998,6,229,230,459,0,0,0,229,230,459,Sunshine Coast,9642,8775,18417,0,0,0,9642,8775,18417
Sunshine Coast,1998,7,246,245,491,0,0,0,246,245,491,Sunshine Coast,11842,10998,22840,0,0,0,11842,10998,22840
Sunshine Coast,1998,8,258,258,516,0,0,0,258,258,516,Sunshine Coast,12766,12284,25050,0,0,0,12766,12284,25050
Sunshine Coast,1998,9,288,288,576,0,0,0,288,288,576,Sunshine Coast,14045,13277,27322,0,0,0,14045,13277,27322
Sunshine Coast,1998,10,307,307,614,0,0,0,307,307,614,Sunshine Coast,14518,15064,29582,0,0,0,14518,15064,29582
Sunshine Coast,1998,11,378,379,757,0,0,0,378,379,757,Sunshine Coast,12845,13224,26069,0,0,0,12845,13224,26069
Sunshine Coast,1998,12,384,383,767,0,0,0,384,383,767,Sunshine Coast,13318,11272,24590,0,0,0,13318,11272,24590
Sunshine Coast,1999,1,402,401,803,0,0,0,402,401,803,Sunshine Coast,13730,16020,29750,0,0,0,13730,16020,29750
Sunshine Coast,1999,2,300,301,601,0,0,0,300,301,601,Sunshine Coast,8960,8794,17754,0,0,0,8960,8794,17754
Sunshine Coast,1999,3,363,360,723,0,0,0,363,360,723,Sunshine Coast,11182,10743,21925,0,0,0,11182,10743,21925
Sunshine Coast,1999,4,374,375,749,0,0,0,374,375,749,Sunshine Coast,11142,11315,22457,0,0,0,11142,11315,22457
Sunshine Coast,1999,5,357,356,713,0,0,0,357,356,713,Sunshine Coast,10285,10346,20631,0,0,0,10285,10346,20631
Sunshine Coast,1999,6,344,344,688,0,0,0,344,344,688,Sunshine Coast,10712,9847,20559,0,0,0,10712,9847,20559
Sunshine Coast,1999,7,374,377,751,0,0,0,374,377,751,Sunshine Coast,12950,12941,25891,0,0,0,12950,12941,25891
Sunshine Coast,1999,8,366,367,733,0,0,0,366,367,733,Sunshine Coast,11697,11994,23691,0,0,0,11697,11994,23691
Sunshine Coast,1999,9,396,397,793,0,0,0,396,397,793,Sunshine Coast,15493,13991,29484,0,0,0,15493,13991,29484
Sunshine Coast,1999,10,455,457,912,0,0,0,455,457,912,Sunshine Coast,16190,17470,33660,0,0,0,16190,17470,33660
Sunshine Coast,1999,11,390,390,780,0,0,0,390,390,780,Sunshine Coast,12997,13779,26776,0,0,0,12997,13779,26776
Sunshine Coast,1999,12,431,430,861,0,0,0,431,430,861,Sunshine Coast,13657,12298,25955,0,0,0,13657,12298,25955
Sunshine Coast,2000,1,443,443,886,0,0,0,443,443,886,Sunshine Coast,14903,16976,31879,0,0,0,14903,16976,31879
Sunshine Coast,2000,2,324,321,645,0,0,0,324,321,645,Sunshine Coast,9940,9956,19896,0,0,0,9940,9956,19896
Sunshine Coast,2000,3,372,370,742,0,0,0,372,370,742,Sunshine Coast,11992,11530,23522,0,0,0,11992,11530,23522
Sunshine Coast,2000,4,417,417,834,0,0,0,417,417,834,Sunshine Coast,12227,12642,24869,0,0,0,12227,12642,24869
Sunshine Coast,2000,5,389,390,779,0,0,0,389,390,779,Sunshine Coast,10217,10122,20339,0,0,0,10217,10122,20339
Sunshine Coast,2000,6,457,457,914,0,0,0,457,457,914,Sunshine Coast,11030,10270,21300,0,0,0,11030,10270,21300
Sunshine Coast,2000,7,418,418,836,0,0,0,418,418,836,Sunshine Coast,9854,10160,20014,0,0,0,9854,10160,20014
Sunshine Coast,2000,8,447,446,893,0,0,0,447,446,893,Sunshine Coast,10508,10487,20995,0,0,0,10508,10487,20995
Sunshine Coast,2000,9,441,443,884,0,0,0,441,443,884,Sunshine Coast,10442,10553,20995,0,0,0,10442,10553,20995
Sunshine Coast,2000,10,446,447,893,0,0,0,446,447,893,Sunshine Coast,10598,10566,21164,0,0,0,10598,10566,21164
Sunshine Coast,2000,11,429,429,858,0,0,0,429,429,858,Sunshine Coast,10953,10743,21696,0,0,0,10953,10743,21696
Sunshine Coast,2000,12,412,413,825,0,0,0,412,413,825,Sunshine Coast,11680,9953,21633,0,0,0,11680,9953,21633
Sunshine Coast,2001,1,405,406,811,0,0,0,405,406,811,Sunshine Coast,12604,14004,26608,0,0,0,12604,14004,26608
Sunshine Coast,2001,2,327,327,654,0,0,0,327,327,654,Sunshine Coast,8815,9170,17985,0,0,0,8815,9170,17985
Sunshine Coast,2001,3,359,358,717,0,0,0,359,358,717,Sunshine Coast,9956,9831,19787,0,0,0,9956,9831,19787
Sunshine Coast,2001,4,360,361,721,0,0,0,360,361,721,Sunshine Coast,9232,9336,18568,0,0,0,9232,9336,18568
Sunshine Coast,2001,5,321,319,640,0,0,0,321,319,640,Sunshine Coast,6744,7151,13895,0,0,0,6744,7151,13895
Sunshine Coast,2001,6,311,314,625,0,0,0,311,314,625,Sunshine Coast,7559,7082,14641,0,0,0,7559,7082,14641
Sunshine Coast,2001,7,356,356,712,0,0,0,356,356,712,Sunshine Coast,11617,11468,23085,0,0,0,11617,11468,23085
Sunshine Coast,2001,8,352,350,702,0,0,0,352,350,702,Sunshine Coast,11363,11028,22391,0,0,0,11363,11028,22391
Sunshine Coast,2001,9,239,239,478,0,0,0,239,239,478,Sunshine Coast,10236,9967,20203,0,0,0,10236,9967,20203
Sunshine Coast,2001,10,185,185,370,0,0,0,185,185,370,Sunshine Coast,8454,8710,17164,0,0,0,8454,8710,17164
Sunshine Coast,2001,11,204,203,407,0,0,0,204,203,407,Sunshine Coast,9133,9044,18177,0,0,0,9133,9044,18177
Sunshine Coast,2001,12,195,195,390,0,0,0,195,195,390,Sunshine Coast,9594,8599,18193,0,0,0,9594,8599,18193
Sunshine Coast,2002,1,215,215,430,0,0,0,215,215,430,Sunshine Coast,9694,10794,20488,0,0,0,9694,10794,20488
Sunshine Coast,2002,2,145,146,291,0,0,0,145,146,291,Sunshine Coast,7175,7064,14239,0,0,0,7175,7064,14239
Sunshine Coast,2002,3,191,196,387,0,0,0,191,196,387,Sunshine Coast,8379,8154,16533,0,0,0,8379,8154,16533
Sunshine Coast,2002,4,190,190,380,0,0,0,190,190,380,Sunshine Coast,7654,8297,15951,0,0,0,7654,8297,15951
Sunshine Coast,2002,5,155,152,307,0,0,0,155,152,307,Sunshine Coast,7224,7271,14495,0,0,0,7224,7271,14495
Sunshine Coast,2002,6,157,158,315,0,0,0,157,158,315,Sunshine Coast,7959,7436,15395,0,0,0,7959,7436,15395
Sunshine Coast,2002,7,184,180,364,0,0,0,184,180,364,Sunshine Coast,10483,9940,20423,0,0,0,10483,9940,20423
Sunshine Coast,2002,8,176,175,351,0,0,0,176,175,351,Sunshine Coast,10103,9722,19825,0,0,0,10103,9722,19825
Sunshine Coast,2002,9,186,186,372,0,0,0,186,186,372,Sunshine Coast,11574,10717,22291,0,0,0,11574,10717,22291
Sunshine Coast,2002,10,204,204,408,0,0,0,204,204,408,Sunshine Coast,12886,12993,25879,0,0,0,12886,12993,25879
Sunshine Coast,2002,11,216,210,426,0,0,0,216,210,426,Sunshine Coast,13358,13256,26614,0,0,0,13358,13256,26614
Sunshine Coast,2002,12,233,233,466,0,0,0,233,233,466,Sunshine Coast,15358,14209,29567,0,0,0,15358,14209,29567
Sunshine Coast,2003,1,257,261,518,0,0,0,257,261,518,Sunshine Coast,17427,18619,36046,0,0,0,17427,18619,36046
Sunshine Coast,2003,2,172,171,343,0,0,0,172,171,343,Sunshine Coast,11940,12219,24159,0,0,0,11940,12219,24159
Sunshine Coast,2003,3,205,209,414,0,0,0,205,209,414,Sunshine Coast,13973,13671,27644,0,0,0,13973,13671,27644
Sunshine Coast,2003,4,202,203,405,0,0,0,202,203,405,Sunshine Coast,13757,13953,27710,0,0,0,13757,13953,27710
Sunshine Coast,2003,5,203,201,404,0,0,0,203,201,404,Sunshine Coast,14517,14462,28979,0,0,0,14517,14462,28979
Sunshine Coast,2003,6,208,207,415,0,0,0,208,207,415,Sunshine Coast,15102,14574,29676,0,0,0,15102,14574,29676
Sunshine Coast,2003,7,224,223,447,0,0,0,224,223,447,Sunshine Coast,16530,16319,32849,0,0,0,16530,16319,32849
Sunshine Coast,2003,8,236,230,466,0,0,0,236,230,466,Sunshine Coast,17228,17020,34248,0,0,0,17228,17020,34248
Sunshine Coast,2003,9,235,231,466,0,0,0,235,231,466,Sunshine Coast,17721,17405,35126,0,0,0,17721,17405,35126
Sunshine Coast,2003,10,252,248,500,0,0,0,252,248,500,Sunshine Coast,19557,19732,39289,0,0,0,19557,19732,39289
Sunshine Coast,2003,11,236,231,467,0,0,0,236,231,467,Sunshine Coast,17886,18099,35985,0,0,0,17886,18099,35985
Sunshine Coast,2003,12,278,274,552,0,0,0,278,274,552,Sunshine Coast,20899,19523,40422,0,0,0,20899,19523,40422
Sunshine Coast,2004,1,282,276,558,0,0,0,282,276,558,Sunshine Coast,21356,22632,43988,0,0,0,21356,22632,43988
Sunshine Coast,2004,2,228,224,452,0,0,0,228,224,452,Sunshine Coast,15406,15489,30895,0,0,0,15406,15489,30895
Sunshine Coast,2004,3,241,234,475,0,0,0,241,234,475,Sunshine Coast,16716,16728,33444,0,0,0,16716,16728,33444
Sunshine Coast,2004,4,237,232,469,0,0,0,237,232,469,Sunshine Coast,15784,15906,31690,0,0,0,15784,15906,31690
Sunshine Coast,2004,5,250,245,495,0,0,0,250,245,495,Sunshine Coast,17659,17860,35519,0,0,0,17659,17860,35519
Sunshine Coast,2004,6,244,240,484,0,0,0,244,240,484,Sunshine Coast,19216,18624,37840,0,0,0,19216,18624,37840
Sunshine Coast,2004,7,274,269,543,0,0,0,274,269,543,Sunshine Coast,20966,20758,41724,0,0,0,20966,20758,41724
Sunshine Coast,2004,8,286,282,568,0,0,0,286,282,568,Sunshine Coast,21695,21752,43447,0,0,0,21695,21752,43447
Sunshine Coast,2004,9,292,282,574,0,0,0,292,282,574,Sunshine Coast,24529,23762,48291,0,0,0,24529,23762,48291
Sunshine Coast,2004,10,356,357,713,0,0,0,356,357,713,Sunshine Coast,29558,29982,59540,0,0,0,29558,29982,59540
Sunshine Coast,2004,11,342,342,684,0,0,0,342,342,684,Sunshine Coast,25219,25894,51113,0,0,0,25219,25894,51113
Sunshine Coast,2004,12,400,402,802,0,0,0,400,402,802,Sunshine Coast,29656,29020,58676,0,0,0,29656,29020,58676
Sunshine Coast,2005,1,390,392,782,0,0,0,390,392,782,Sunshine Coast,34457,36953,71410,0,0,0,34457,36953,71410
Sunshine Coast,2005,2,317,317,634,0,0,0,317,317,634,Sunshine Coast,26719,26836,53555,0,0,0,26719,26836,53555
Sunshine Coast,2005,3,363,351,714,0,0,0,363,351,714,Sunshine Coast,31773,31425,63198,0,0,0,31773,31425,63198
Sunshine Coast,2005,4,332,329,661,0,0,0,332,329,661,Sunshine Coast,30126,29463,59589,0,0,0,30126,29463,59589
Sunshine Coast,2005,5,327,327,654,0,0,0,327,327,654,Sunshine Coast,28855,29484,58339,0,0,0,28855,29484,58339
Sunshine Coast,2005,6,307,308,615,0,0,0,307,308,615,Sunshine Coast,27984,27077,55061,0,0,0,27984,27077,55061
Sunshine Coast,2005,7,342,338,680,0,0,0,342,338,680,Sunshine Coast,33233,33541,66774,0,0,0,33233,33541,66774
Sunshine Coast,2005,8,252,251,503,0,0,0,252,251,503,Sunshine Coast,30935,30364,61299,0,0,0,30935,30364,61299
Sunshine Coast,2005,9,253,252,505,0,0,0,253,252,505,Sunshine Coast,34541,33265,67806,0,0,0,34541,33265,67806
Sunshine Coast,2005,10,260,261,521,0,0,0,260,261,521,Sunshine Coast,36067,37165,73232,0,0,0,36067,37165,73232
Sunshine Coast,2005,11,231,230,461,0,0,0,231,230,461,Sunshine Coast,32082,32683,64765,0,0,0,32082,32683,64765
Sunshine Coast,2005,12,265,268,533,0,0,0,265,268,533,Sunshine Coast,35527,33582,69109,0,0,0,35527,33582,69109
Sunshine Coast,2006,1,281,280,561,0,0,0,281,280,561,Sunshine Coast,36829,40010,76839,0,0,0,36829,40010,76839
Sunshine Coast,2006,2,207,207,414,0,0,0,207,207,414,Sunshine Coast,26926,26855,53781,0,0,0,26926,26855,53781
Sunshine Coast,2006,3,238,239,477,0,0,0,238,239,477,Sunshine Coast,30841,30634,61475,0,0,0,30841,30634,61475
Sunshine Coast,2006,4,258,259,517,0,0,0,258,259,517,Sunshine Coast,33641,34150,67791,0,0,0,33641,34150,67791
Sunshine Coast,2006,5,237,237,474,0,0,0,237,237,474,Sunshine Coast,29563,30323,59886,0,0,0,29563,30323,59886
Sunshine Coast,2006,6,243,245,488,0,0,0,243,245,488,Sunshine Coast,31915,31496,63411,0,0,0,31915,31496,63411
Sunshine Coast,2006,7,264,265,529,0,0,0,264,265,529,Sunshine Coast,38834,38516,77350,0,0,0,38834,38516,77350
Sunshine Coast,2006,8,251,251,502,0,0,0,251,251,502,Sunshine Coast,38170,37768,75938,0,0,0,38170,37768,75938
Sunshine Coast,2006,9,257,259,516,0,0,0,257,259,516,Sunshine Coast,39123,39635,78758,0,0,0,39123,39635,78758
Sunshine Coast,2006,10,265,266,531,0,0,0,265,266,531,Sunshine Coast,40816,40795,81611,0,0,0,40816,40795,81611
Sunshine Coast,2006,11,257,257,514,0,0,0,257,257,514,Sunshine Coast,37959,38403,76362,0,0,0,37959,38403,76362
Sunshine Coast,2006,12,278,278,556,0,0,0,278,278,556,Sunshine Coast,37293,36228,73521,0,0,0,37293,36228,73521
Sunshine Coast,2007,1,276,277,553,0,0,0,276,277,553,Sunshine Coast,38148,39815,77963,0,0,0,38148,39815,77963
Sunshine Coast,2007,2,238,239,477,0,0,0,238,239,477,Sunshine Coast,32070,32074,64144,0,0,0,32070,32074,64144
Sunshine Coast,2007,3,264,263,527,0,0,0,264,263,527,Sunshine Coast,36994,36363,73357,0,0,0,36994,36363,73357
Sunshine Coast,2007,4,258,258,516,0,0,0,258,258,516,Sunshine Coast,35826,35861,71687,0,0,0,35826,35861,71687
Sunshine Coast,2007,5,245,245,490,0,0,0,245,245,490,Sunshine Coast,33613,33494,67107,0,0,0,33613,33494,67107
Sunshine Coast,2007,6,230,230,460,0,0,0,230,230,460,Sunshine Coast,32019,31005,63024,0,0,0,32019,31005,63024
Sunshine Coast,2007,7,234,234,468,0,0,0,234,234,468,Sunshine Coast,35562,34689,70251,0,0,0,35562,34689,70251
Sunshine Coast,2007,8,221,219,440,0,0,0,221,219,440,Sunshine Coast,33255,32749,66004,0,0,0,33255,32749,66004
Sunshine Coast,2007,9,227,228,455,0,0,0,227,228,455,Sunshine Coast,35432,34693,70125,0,0,0,35432,34693,70125
Sunshine Coast,2007,10,265,266,531,0,0,0,265,266,531,Sunshine Coast,42203,42447,84650,0,0,0,42203,42447,84650
Sunshine Coast,2007,11,262,261,523,0,0,0,262,261,523,Sunshine Coast,38367,39499,77866,0,0,0,38367,39499,77866
Sunshine Coast,2007,12,292,295,587,0,0,0,292,295,587,Sunshine Coast,41707,40284,81991,0,0,0,41707,40284,81991
Sunshine Coast,2008,1,288,289,577,0,0,0,288,289,577,Sunshine Coast,42301,44826,87127,0,0,0,42301,44826,87127
Sunshine Coast,2008,2,253,253,506,0,0,0,253,253,506,Sunshine Coast,34996,34450,69446,0,0,0,34996,34450,69446
Sunshine Coast,2008,3,297,295,592,0,0,0,297,295,592,Sunshine Coast,42952,41317,84269,0,0,0,42952,41317,84269
Sunshine Coast,2008,4,291,291,582,0,0,0,291,291,582,Sunshine Coast,37940,38041,75981,0,0,0,37940,38041,75981
Sunshine Coast,2008,5,295,296,591,0,0,0,295,296,591,Sunshine Coast,38638,38227,76865,0,0,0,38638,38227,76865
Sunshine Coast,2008,6,305,305,610,0,0,0,305,305,610,Sunshine Coast,37893,36925,74818,0,0,0,37893,36925,74818
Sunshine Coast,2008,7,314,315,629,0,0,0,314,315,629,Sunshine Coast,43532,43208,86740,0,0,0,43532,43208,86740
Sunshine Coast,2008,8,260,260,520,0,0,0,260,260,520,Sunshine Coast,37753,37227,74980,0,0,0,37753,37227,74980
Sunshine Coast,2008,9,253,255,508,0,0,0,253,255,508,Sunshine Coast,37607,37125,74732,0,0,0,37607,37125,74732
Sunshine Coast,2008,10,263,264,527,0,0,0,263,264,527,Sunshine Coast,41070,41884,82954,0,0,0,41070,41884,82954
Sunshine Coast,2008,11,275,276,551,0,0,0,275,276,551,Sunshine Coast,40572,41305,81877,0,0,0,40572,41305,81877
Sunshine Coast,2008,12,287,288,575,0,0,0,287,288,575,Sunshine Coast,40855,39879,80734,0,0,0,40855,39879,80734
Sunshine Coast,2009,1,310,310,620,0,0,0,310,310,620,Sunshine Coast,45697,47665,93362,0,0,0,45697,47665,93362
Sunshine Coast,2009,2,209,210,419,0,0,0,209,210,419,Sunshine Coast,31655,31563,63218,0,0,0,31655,31563,63218
Sunshine Coast,2009,3,227,228,455,0,0,0,227,228,455,Sunshine Coast,35955,35832,71787,0,0,0,35955,35832,71787
Sunshine Coast,2009,4,263,265,528,0,0,0,263,265,528,Sunshine Coast,37483,37954,75437,0,0,0,37483,37954,75437
Sunshine Coast,2009,5,242,242,484,0,0,0,242,242,484,Sunshine Coast,34213,34168,68381,0,0,0,34213,34168,68381
Sunshine Coast,2009,6,223,224,447,0,0,0,223,224,447,Sunshine Coast,31734,30909,62643,0,0,0,31734,30909,62643
Sunshine Coast,2009,7,244,243,487,0,0,0,244,243,487,Sunshine Coast,35748,34738,70486,0,0,0,35748,34738,70486
Sunshine Coast,2009,8,237,237,474,0,0,0,237,237,474,Sunshine Coast,35999,35808,71807,0,0,0,35999,35808,71807
Sunshine Coast,2009,9,234,234,468,0,0,0,234,234,468,Sunshine Coast,35010,34510,69520,0,0,0,35010,34510,69520
Sunshine Coast,2009,10,251,251,502,0,0,0,251,251,502,Sunshine Coast,37978,38239,76217,0,0,0,37978,38239,76217
Sunshine Coast,2009,11,239,239,478,0,0,0,239,239,478,Sunshine Coast,34449,36311,70760,0,0,0,34449,36311,70760
Sunshine Coast,2009,12,244,244,488,0,0,0,244,244,488,Sunshine Coast,33817,31572,65389,0,0,0,33817,31572,65389
Sunshine Coast,2010,1,255,253,508,0,0,0,255,253,508,Sunshine Coast,34713,37517,72230,0,0,0,34713,37517,72230
Sunshine Coast,2010,2,198,198,396,0,0,0,198,198,396,Sunshine Coast,28925,29019,57944,0,0,0,28925,29019,57944
Sunshine Coast,2010,3,223,223,446,0,0,0,223,223,446,Sunshine Coast,31817,30574,62391,0,0,0,31817,30574,62391
Sunshine Coast,2010,4,287,287,574,0,0,0,287,287,574,Sunshine Coast,34920,36742,71662,0,0,0,34920,36742,71662
Sunshine Coast,2010,5,276,276,552,0,0,0,276,276,552,Sunshine Coast,31064,31888,62952,0,0,0,31064,31888,62952
Sunshine Coast,2010,6,264,265,529,0,0,0,264,265,529,Sunshine Coast,30986,30062,61048,0,0,0,30986,30062,61048
Sunshine Coast,2010,7,312,311,623,0,0,0,312,311,623,Sunshine Coast,39239,38214,77453,0,0,0,39239,38214,77453
Sunshine Coast,2010,8,268,268,536,0,0,0,268,268,536,Sunshine Coast,36256,36552,72808,0,0,0,36256,36552,72808
Sunshine Coast,2010,9,288,286,574,0,0,0,288,286,574,Sunshine Coast,40102,37481,77583,0,0,0,40102,37481,77583
Sunshine Coast,2010,10,313,312,625,0,0,0,313,312,625,Sunshine Coast,41486,43119,84605,0,0,0,41486,43119,84605
Sunshine Coast,2010,11,295,293,588,0,0,0,295,293,588,Sunshine Coast,39243,40850,80093,0,0,0,39243,40850,80093
Sunshine Coast,2010,12,327,323,650,0,0,0,327,323,650,Sunshine Coast,42747,40153,82900,0,0,0,42747,40153,82900
Sunshine Coast,2011,1,355,353,708,0,0,0,355,353,708,Sunshine Coast,41828,47366,89194,0,0,0,41828,47366,89194
Sunshine Coast,2011,2,259,256,515,0,0,0,259,256,515,Sunshine Coast,30150,30658,60808,0,0,0,30150,30658,60808
Sunshine Coast,2011,3,285,280,565,0,0,0,285,280,565,Sunshine Coast,36120,35698,71818,0,0,0,36120,35698,71818
Sunshine Coast,2011,4,310,309,619,0,0,0,310,309,619,Sunshine Coast,43279,42511,85790,0,0,0,43279,42511,85790
Sunshine Coast,2011,5,262,261,523,0,0,0,262,261,523,Sunshine Coast,33996,34824,68820,0,0,0,33996,34824,68820
Sunshine Coast,2011,6,240,237,477,0,0,0,240,237,477,Sunshine Coast,31320,30983,62303,0,0,0,31320,30983,62303
Sunshine Coast,2011,7,260,259,519,0,0,0,260,259,519,Sunshine Coast,39098,37432,76530,0,0,0,39098,37432,76530
Sunshine Coast,2011,8,219,218,437,0,0,0,219,218,437,Sunshine Coast,31928,32338,64266,0,0,0,31928,32338,64266
Sunshine Coast,2011,9,239,239,478,0,0,0,239,239,478,Sunshine Coast,36209,33826,70035,0,0,0,36209,33826,70035
Sunshine Coast,2011,10,233,233,466,0,0,0,233,233,466,Sunshine Coast,34464,36932,71396,0,0,0,34464,36932,71396
Sunshine Coast,2011,11,209,209,418,0,0,0,209,209,418,Sunshine Coast,31538,33287,64825,0,0,0,31538,33287,64825
Sunshine Coast,2011,12,256,256,512,0,0,0,256,256,512,Sunshine Coast,36982,34648,71630,0,0,0,36982,34648,71630
Sunshine Coast,2012,1,274,274,548,0,0,0,274,274,548,Sunshine Coast,38159,41261,79420,0,0,0,38159,41261,79420
Sunshine Coast,2012,2,189,189,378,0,0,0,189,189,378,Sunshine Coast,27076,27246,54322,0,0,0,27076,27246,54322
Sunshine Coast,2012,3,206,203,409,0,0,0,206,203,409,Sunshine Coast,30082,29475,59557,0,0,0,30082,29475,59557
Sunshine Coast,2012,4,234,234,468,0,0,0,234,234,468,Sunshine Coast,32772,32788,65560,0,0,0,32772,32788,65560
Sunshine Coast,2012,5,202,202,404,0,0,0,202,202,404,Sunshine Coast,28420,29068,57488,0,0,0,28420,29068,57488
Sunshine Coast,2012,6,206,204,410,0,0,0,206,204,410,Sunshine Coast,28911,27169,56080,0,0,0,28911,27169,56080
Sunshine Coast,2012,7,242,242,484,10,10,20,252,252,504,Sunshine Coast,33872,33736,67608,1229,1055,2284,35101,34791,69892
Sunshine Coast,2012,8,196,196,392,8,8,16,204,204,408,Sunshine Coast,29763,29595,59358,1029,1003,2032,30792,30598,61390
Sunshine Coast,2012,9,242,242,484,6,6,12,248,248,496,Sunshine Coast,37430,35925,73355,606,791,1397,38036,36716,74752
Sunshine Coast,2012,10,229,229,458,0,0,0,229,229,458,Sunshine Coast,35579,37586,73165,0,0,0,35579,37586,73165
Sunshine Coast,2012,11,228,228,456,0,0,0,228,228,456,Sunshine Coast,34918,36027,70945,0,0,0,34918,36027,70945
Sunshine Coast,2012,12,252,252,504,0,0,0,252,252,504,Sunshine Coast,37389,35415,72804,0,0,0,37389,35415,72804
Sunshine Coast,2013,1,245,244,489,0,0,0,245,244,489,Sunshine Coast,36254,38189,74443,0,0,0,36254,38189,74443
Sunshine Coast,2013,2,178,175,353,0,0,0,178,175,353,Sunshine Coast,24714,24656,49370,0,0,0,24714,24656,49370
Sunshine Coast,2013,3,214,212,426,0,0,0,214,212,426,Sunshine Coast,32048,30913,62961,0,0,0,32048,30913,62961
Sunshine Coast,2013,4,258,257,515,0,0,0,258,257,515,Sunshine Coast,36161,37327,73488,0,0,0,36161,37327,73488
Sunshine Coast,2013,5,216,216,432,0,0,0,216,216,432,Sunshine Coast,29685,30278,59963,0,0,0,29685,30278,59963
Sunshine Coast,2013,6,239,239,478,4,4,8,243,243,486,Sunshine Coast,33169,31801,64970,511,329,840,33680,32130,65810
Sunshine Coast,2013,7,263,263,526,9,9,18,272,272,544,Sunshine Coast,37078,37819,74897,1162,1071,2233,38240,38890,77130
Sunshine Coast,2013,8,246,246,492,8,8,16,254,254,508,Sunshine Coast,36603,35762,72365,1044,982,2026,37647,36744,74391
Sunshine Coast,2013,9,269,269,538,9,9,18,278,278,556,Sunshine Coast,41230,39147,80377,1128,1136,2264,42358,40283,82641
Sunshine Coast,2013,10,273,272,545,4,4,8,277,276,553,Sunshine Coast,40790,42214,83004,553,489,1042,41343,42703,84046
Sunshine Coast,2013,11,254,255,509,0,0,0,254,255,509,Sunshine Coast,38361,39769,78130,0,0,0,38361,39769,78130
Sunshine Coast,2013,12,295,294,589,0,0,0,295,294,589,Sunshine Coast,42692,41439,84131,0,0,0,42692,41439,84131
Sunshine Coast,2014,1,291,289,580,0,0,0,291,289,580,Sunshine Coast,43005,46710,89715,0,0,0,43005,46710,89715
Sunshine Coast,2014,2,217,217,434,0,0,0,217,217,434,Sunshine Coast,29074,29820,58894,0,0,0,29074,29820,58894
Sunshine Coast,2014,3,255,253,508,0,0,0,255,253,508,Sunshine Coast,35429,35329,70758,0,0,0,35429,35329,70758
Sunshine Coast,2014,4,273,272,545,0,0,0,273,272,545,Sunshine Coast,38492,37941,76433,0,0,0,38492,37941,76433
Sunshine Coast,2014,5,220,219,439,0,0,0,220,219,439,Sunshine Coast,30745,31349,62094,0,0,0,30745,31349,62094
Sunshine Coast,2014,6,226,226,452,2,2,4,228,228,456,Sunshine Coast,32016,30493,62509,278,183,461,32294,30676,62970
Sunshine Coast,2014,7,251,251,502,11,11,22,262,262,524,Sunshine Coast,36813,37428,74241,1508,1203,2711,38321,38631,76952
Sunshine Coast,2014,8,219,218,437,10,10,20,229,228,457,Sunshine Coast,32624,32124,64748,1373,1191,2564,33997,33315,67312
Sunshine Coast,2014,9,248,248,496,10,10,20,258,258,516,Sunshine Coast,38614,37179,75793,1234,1210,2444,39848,38389,78237
Sunshine Coast,2014,10,259,258,517,9,9,18,268,267,535,Sunshine Coast,39738,40931,80669,1022,1046,2068,40760,41977,82737
Sunshine Coast,2014,11,237,237,474,0,0,0,237,237,474,Sunshine Coast,35622,36709,72331,0,0,0,35622,36709,72331
Sunshine Coast,2014,12,258,258,516,0,0,0,258,258,516,Sunshine Coast,37877,36038,73915,0,0,0,37877,36038,73915
Sunshine Coast,2015,1,272,271,543,0,0,0,272,271,543,Sunshine Coast,37890,42048,79938,0,0,0,37890,42048,79938
Sunshine Coast,2015,2,181,180,361,0,0,0,181,180,361,Sunshine Coast,26196,25986,52182,0,0,0,26196,25986,52182
Sunshine Coast,2015,3,209,209,418,0,0,0,209,209,418,Sunshine Coast,32867,31577,64444,0,0,0,32867,31577,64444
Sunshine Coast,2015,4,255,255,510,0,0,0,255,255,510,Sunshine Coast,36413,38432,74845,0,0,0,36413,38432,74845
Sunshine Coast,2015,5,207,207,414,0,0,0,207,207,414,Sunshine Coast,29833,30090,59923,0,0,0,29833,30090,59923
Sunshine Coast,2015,6,220,220,440,2,2,4,222,222,444,Sunshine Coast,33566,31083,64649,277,164,441,33843,31247,65090
Sunshine Coast,2015,7,260,260,520,13,13,26,273,273,546,Sunshine Coast,39430,40072,79502,1771,1381,3152,41201,41453,82654
Sunshine Coast,2015,8,244,244,488,13,13,26,257,257,514,Sunshine Coast,37099,37056,74155,1625,1570,3195,38724,38626,77350
Sunshine Coast,2015,9,282,280,562,13,13,26,295,293,588,Sunshine Coast,44012,41811,85823,1643,1593,3236,45655,43404,89059
Sunshine Coast,2015,10,284,283,567,9,9,18,293,292,585,Sunshine Coast,43308,45063,88371,1104,1133,2237,44412,46196,90608
Sunshine Coast,2015,11,260,258,518,0,0,0,260,258,518,Sunshine Coast,39106,40016,79122,0,0,0,39106,40016,79122
Sunshine Coast,2015,12,296,296,592,7,7,14,303,303,606,Sunshine Coast,43719,41433,85152,636,701,1337,44355,42134,86489
Sunshine Coast,2016,1,320,318,638,11,10,21,331,328,659,Sunshine Coast,42454,47148,89602,1157,1031,2188,43611,48179,91790
Sunshine Coast,2016,2,225,224,449,8,8,16,233,232,465,Sunshine Coast,31549,31537,63086,799,791,1590,32348,32328,64676
Sunshine Coast,2016,3,265,265,530,0,0,0,265,265,530,Sunshine Coast,38086,37653,75739,0,0,0,38086,37653,75739
Sunshine Coast,2016,4,290,290,580,0,0,0,290,290,580,Sunshine Coast,40425,41283,81708,0,0,0,40425,41283,81708
Sunshine Coast,2016,5,243,242,485,0,0,0,243,242,485,Sunshine Coast,34073,34407,68480,0,0,0,34073,34407,68480
Sunshine Coast,2016,6,251,249,500,0,0,0,251,249,500,Sunshine Coast,36604,33840,70444,0,0,0,36604,33840,70444
Sunshine Coast,2016,7,313,312,625,17,17,34,330,329,659,Sunshine Coast,45489,45561,91050,2074,1472,3546,47563,47033,94596
Sunshine Coast,2016,8,268,268,536,13,13,26,281,281,562,Sunshine Coast,38254,38622,76876,1740,1512,3252,39994,40134,80128
Sunshine Coast,2016,9,308,307,615,14,14,28,322,321,643,Sunshine Coast,46247,44443,90690,1894,1746,3640,48141,46189,94330
Sunshine Coast,2016,10,331,330,661,13,13,26,344,343,687,Sunshine Coast,47646,48922,96568,1663,1627,3290,49309,50549,99858
Sunshine Coast,2016,11,324,324,648,0,0,0,324,324,648,Sunshine Coast,44417,46669,91086,0,0,0,44417,46669,91086
Sunshine Coast,2016,12,356,355,711,0,0,0,356,355,711,Sunshine Coast,50172,47251,97423,0,0,0,50172,47251,97423
Sunshine Coast,2017,1,365,362,727,0,0,0,365,362,727,Sunshine Coast,49190,53993,103183,0,0,0,49190,53993,103183
Sunshine Coast,2017,2,259,259,518,0,0,0,259,259,518,Sunshine Coast,34293,34971,69264,0,0,0,34293,34971,69264
Sunshine Coast,2017,3,293,291,584,0,0,0,293,291,584,Sunshine Coast,40638,40397,81035,0,0,0,40638,40397,81035
Sunshine Coast,2017,4,367,366,733,0,0,0,367,366,733,Sunshine Coast,50593,50278,100871,0,0,0,50593,50278,100871
Sunshine Coast,2017,5,279,278,557,0,0,0,279,278,557,Sunshine Coast,37113,37748,74861,0,0,0,37113,37748,74861
Sunshine Coast,2017,6,280,280,560,0,0,0,280,280,560,Sunshine Coast,38577,36242,74819,0,0,0,38577,36242,74819
Sunshine Coast,2017,7,346,345,691,14,14,28,360,359,719,Sunshine Coast,50839,49711,100550,1948,1355,3303,52787,51066,103853
Sunshine Coast,2017,8,305,305,610,13,13,26,318,318,636,Sunshine Coast,42229,43299,85528,1776,1463,3239,44005,44762,88767
Sunshine Coast,2017,9,341,340,681,14,14,28,355,354,709,Sunshine Coast,51975,48898,100873,1839,1731,3570,53814,50629,104443
Sunshine Coast,2017,10,373,370,743,14,14,28,387,384,771,Sunshine Coast,53541,57037,110578,1882,1725,3607,55423,58762,114185
Sunshine Coast,2017,11,351,350,701,0,0,0,351,350,701,Sunshine Coast,49954,51052,101006,0,0,0,49954,51052,101006
Sunshine Coast,2017,12,414,413,827,0,0,0,414,413,827,Sunshine Coast,57051,53346,110397,0,0,0,57051,53346,110397
Sunshine Coast,2018,1,424,424,848,0,0,0,424,424,848,Sunshine Coast,56675,62979,119654,0,0,0,56675,62979,119654
Sunshine Coast,2018,2,295,296,591,0,0,0,295,296,591,Sunshine Coast,39789,40298,80087,0,0,0,39789,40298,80087
Sunshine Coast,2018,3,336,335,671,0,0,0,336,335,671,Sunshine Coast,48749,46397,95146,0,0,0,48749,46397,95146
Sunshine Coast,2018,4,373,372,745,0,0,0,373,372,745,Sunshine Coast,50703,52628,103331,0,0,0,50703,52628,103331
Sunshine Coast,2018,5,300,299,599,0,0,0,300,299,599,Sunshine Coast,41866,42680,84546,0,0,0,41866,42680,84546
Sunshine Coast,2018,6,305,304,609,0,0,0,305,304,609,Sunshine Coast,42877,40596,83473,0,0,0,42877,40596,83473
Sunshine Coast,2018,7,374,370,744,15,15,30,389,385,774,Sunshine Coast,55230,54396,109626,1943,1380,3323,57173,55776,112949
Sunshine Coast,2018,8,345,344,689,18,18,36,363,362,725,Sunshine Coast,51496,51623,103119,2175,1991,4166,53671,53614,107285
Sunshine Coast,2018,9,361,361,722,16,15,31,377,376,753,Sunshine Coast,55141,53132,108273,1918,1727,3645,57059,54859,111918
Sunshine Coast,2018,10,383,383,766,13,13,26,396,396,792,Sunshine Coast,56206,58514,114720,1583,1586,3169,57789,60100,117889
Sunshine Coast,2018,11,357,356,713,0,0,0,357,356,713,Sunshine Coast,53067,53467,106534,0,0,0,53067,53467,106534
Sunshine Coast,2018,12,404,404,808,0,0,0,404,404,808,Sunshine Coast,57912,54181,112093,0,0,0,57912,54181,112093
Sunshine Coast,2019,1,398,397,795,0,0,0,398,397,795,Sunshine Coast,55988,61362,117350,0,0,0,55988,61362,117350
Sunshine Coast,2019,2,286,286,572,0,0,0,286,286,572,Sunshine Coast,38801,39935,78736,0,0,0,38801,39935,78736
Sunshine Coast,2019,3,334,332,666,0,0,0,334,332,666,Sunshine Coast,48596,47462,96058,0,0,0,48596,47462,96058
Sunshine Coast,2019,4,417,418,835,0,0,0,417,418,835,Sunshine Coast,57922,57602,115524,0,0,0,57922,57602,115524
Sunshine Coast,2019,5,339,336,675,0,0,0,339,336,675,Sunshine Coast,45297,45610,90907,0,0,0,45297,45610,90907
Sunshine Coast,2019,6,332,332,664,0,0,0,332,332,664,Sunshine Coast,46464,43854,90318,0,0,0,46464,43854,90318
Sunshine Coast,2019,7,391,391,782,16,15,31,407,406,813,Sunshine Coast,57693,57053,114746,1830,1209,3039,59523,58262,117785
Sunshine Coast,2019,8,353,352,705,17,17,34,370,369,739,Sunshine Coast,52112,51992,104104,1994,1631,3625,54106,53623,107729
Sunshine Coast,2019,9,388,386,774,18,18,36,406,404,810,Sunshine Coast,59157,56402,115559,2012,1844,3856,61169,58246,119415
Sunshine Coast,2019,10,397,397,794,12,12,24,409,409,818,Sunshine Coast,59624,62335,121959,1252,1312,2564,60876,63647,124523
Sunshine Coast,2019,11,373,372,745,0,0,0,373,372,745,Sunshine Coast,54862,55816,110678,0,0,0,54862,55816,110678
Sunshine Coast,2019,12,401,400,801,0,0,0,401,400,801,Sunshine Coast,58993,55020,114013,0,0,0,58993,55020,114013
Sunshine Coast,2020,1,341,339,680,0,0,0,341,339,680,Sunshine Coast,49802,53319,103121,0,0,0,49802,53319,103121
Sunshine Coast,2020,2,295,296,591,0,0,0,295,296,591,Sunshine Coast,40821,41262,82083,0,0,0,40821,41262,82083
Sunshine Coast,2020,3,265,264,529,0,0,0,265,264,529,Sunshine Coast,30794,31890,62684,0,0,0,30794,31890,62684
Sunshine Coast,2020,4,0,0,0,0,0,0,0,0,0,Sunshine Coast,0,0,0,0,0,0,0,0,0
Sunshine Coast,2020,5,0,0,0,0,0,0,0,0,0,Sunshine Coast,0,0,0,0,0,0,0,0,0
Sunshine Coast,2020,6,0,0,0,0,0,0,0,0,0,Sunshine Coast,0,0,0,0,0,0,0,0,0
Sunshine Coast,2020,7,42,42,84,0,0,0,42,42,84,Sunshine Coast,4595,4152,8747,0,0,0,4595,4152,8747
Sunshine Coast,2020,8,24,24,48,0,0,0,24,24,48,Sunshine Coast,1032,1717,2749,0,0,0,1032,1717,2749
Sunshine Coast,2020,9,29,29,58,0,0,0,29,29,58,Sunshine Coast,2320,2238,4558,0,0,0,2320,2238,4558
Sunshine Coast,2020,10,39,39,78,0,0,0,39,39,78,Sunshine Coast,3472,3484,6956,0,0,0,3472,3484,6956
Sunshine Coast,2020,11,57,57,114,0,0,0,57,57,114,Sunshine Coast,3424,3869,7293,0,0,0,3424,3869,7293
Sunshine Coast,2020,12,222,222,444,0,0,0,222,222,444,Sunshine Coast,27355,21832,49187,0,0,0,27355,21832,49187
Sunshine Coast,2021,1,269,267,536,0,0,0,269,267,536,Sunshine Coast,25047,32503,57550,0,0,0,25047,32503,57550
Sunshine Coast,2021,2,220,219,439,0,0,0,220,219,439,Sunshine Coast,21393,22134,43527,0,0,0,21393,22134,43527
Sunshine Coast,2021,3,395,392,787,0,0,0,395,392,787,Sunshine Coast,43943,41218,85161,0,0,0,43943,41218,85161
Sunshine Coast,2021,4,508,506,1014,0,0,0,508,506,1014,Sunshine Coast,61111,62531,123642,0,0,0,61111,62531,123642
Sunshine Coast,2021,5,438,437,875,0,0,0,438,437,875,Sunshine Coast,46629,47419,94048,0,0,0,46629,47419,94048
Sunshine Coast,2021,6,350,350,700,0,0,0,350,350,700,Sunshine Coast,31625,29496,61121,0,0,0,31625,29496,61121
Sunshine Coast,2021,7,235,239,474,5,5,10,240,244,484,Sunshine Coast,10807,16435,27242,202,310,512,11009,16745,27754
Sunshine Coast,2021,8,91,92,183,0,0,0,91,92,183,Sunshine Coast,1300,2373,3673,0,0,0,1300,2373,3673
Sunshine Coast,2021,9,84,84,168,0,0,0,84,84,168,Sunshine Coast,2662,3240,5902,0,0,0,2662,3240,5902
Sunshine Coast,2021,10,83,83,166,0,0,0,83,83,166,Sunshine Coast,3101,3768,6869,0,0,0,3101,3768,6869
Sunshine Coast,2021,11,68,68,136,0,0,0,68,68,136,Sunshine Coast,2922,3309,6231,0,0,0,2922,3309,6231
Sunshine Coast,2021,12,369,367,736,0,0,0,369,367,736,Sunshine Coast,36858,24375,61233,0,0,0,36858,24375,61233
Sunshine Coast,2022,1,523,522,1045,0,0,0,523,522,1045,Sunshine Coast,49489,58181,107670,0,0,0,49489,58181,107670
Sunshine Coast,2022,2,317,314,631,0,0,0,317,314,631,Sunshine Coast,41318,41978,83296,0,0,0,41318,41978,83296
Sunshine Coast,2022,3,474,470,944,0,0,0,474,470,944,Sunshine Coast,56238,56662,112900,0,0,0,56238,56662,112900
Sunshine Coast,2022,4,641,637,1278,0,0,0,641,637,1278,Sunshine Coast,78320,76472,154792,0,0,0,78320,76472,154792
Sunshine Coast,2022,5,551,552,1103,0,0,0,551,552,1103,Sunshine Coast,60284,62428,122712,0,0,0,60284,62428,122712
Sunshine Coast,2022,6,486,485,971,0,0,0,486,485,971,Sunshine Coast,64883,58958,123841,0,0,0,64883,58958,123841
Sunshine Coast,2022,7,462,459,921,6,6,12,468,465,933,Sunshine Coast,67840,70187,138027,898,718,1616,68738,70905,139643
Sunshine Coast,2022,8,414,414,828,9,9,18,423,423,846,Sunshine Coast,58136,59006,117142,1211,1162,2373,59347,60168,119515
Sunshine Coast,2022,9,458,455,913,8,8,16,466,463,929,Sunshine Coast,68869,65593,134462,1147,1224,2371,70016,66817,136833
Sunshine Coast,2022,10,474,474,948,5,5,10,479,479,958,Sunshine Coast,67500,70500,138000,769,773,1542,68269,71273,139542
Sunshine Coast,2022,11,460,459,919,0,0,0,460,459,919,Sunshine Coast,59695,63256,122951,0,0,0,59695,63256,122951
Sunshine Coast,2022,12,530,524,1054,0,0,0,530,524,1054,Sunshine Coast,67791,61949,129740,0,0,0,67791,61949,129740
Sunshine Coast,2023,1,560,557,1117,0,0,0,560,557,1117,Sunshine Coast,66640,72901,139541,0,0,0,66640,72901,139541
Sunshine Coast,2023,2,412,409,821,0,0,0,412,409,821,Sunshine Coast,51830,51874,103704,0,0,0,51830,51874,103704
Sunshine Coast,2023,3,508,508,1016,0,0,0,508,508,1016,Sunshine Coast,68061,68114,136175,0,0,0,68061,68114,136175
Sunshine Coast,2023,4,567,565,1132,0,0,0,567,565,1132,Sunshine Coast,82618,81416,164034,0,0,0,82618,81416,164034
Sunshine Coast,2023,5,549,548,1097,0,0,0,549,548,1097,Sunshine Coast,70948,71211,142159,0,0,0,70948,71211,142159
Sunshine Coast,2023,6,548,548,1096,3,3,6,551,551,1102,Sunshine Coast,76961,71507,148468,433,287,720,77394,71794,149188
Sunshine Coast,2023,7,586,587,1173,13,13,26,599,600,1199,Sunshine Coast,88757,88579,177336,1753,1577,3330,90510,90156,180666
Sunshine Coast,2023,8,522,521,1043,12,12,24,534,533,1067,Sunshine Coast,76817,76271,153088,1585,1609,3194,78402,77880,156282
Sunshine Coast,2023,9,539,536,1075,13,13,26,552,549,1101,Sunshine Coast,84121,81211,165332,1809,1791,3600,85930,83002,168932
Sunshine Coast,2023,10,585,584,1169,7,7,14,592,591,1183,Sunshine Coast,83839,87512,171351,866,1073,1939,84705,88585,173290
Sunshine Coast,2023,11,556,556,1112,0,0,0,556,556,1112,Sunshine Coast,81030,82314,163344,0,0,0,81030,82314,163344
Sunshine Coast,2023,12,632,630,1262,0,0,0,632,630,1262,Sunshine Coast,93823,85783,179606,0,0,0,93823,85783,179606
Sunshine Coast,2024,1,679,677,1356,0,0,0,679,677,1356,Sunshine Coast,86439,95264,181703,0,0,0,86439,95264,181703
Sunshine Coast,2024,2,522,520,1042,0,0,0,522,520,1042,Sunshine Coast,71221,71108,142329,0,0,0,71221,71108,142329
Sunshine Coast,2024,3,556,556,1112,0,0,0,556,556,1112,Sunshine Coast,80846,77795,158641,0,0,0,80846,77795,158641
Sunshine Coast,2024,4,572,573,1145,0,0,0,572,573,1145,Sunshine Coast,79092,82672,161764,0,0,0,79092,82672,161764
Sunshine Coast,2024,5,387,387,774,0,0,0,387,387,774,Sunshine Coast,58623,57977,116600,0,0,0,58623,57977,116600
Sunshine Coast,2024,6,374,373,747,3,3,6,377,376,753,Sunshine Coast,57867,56029,113896,360,171,531,58227,56200,114427
Sunshine Coast,2024,7,426,424,850,13,13,26,439,437,876,Sunshine Coast,66390,64841,131231,1895,1588,3483,68285,66429,134714
Sunshine Coast,2024,8,392,391,783,11,11,22,403,402,805,Sunshine Coast,61442,60533,121975,1658,1574,3232,63100,62107,125207
Sunshine Coast,2024,9,412,411,823,12,12,24,424,423,847,Sunshine Coast,64955,62546,127501,1757,1840,3597,66712,64386,131098
Sunshine Coast,2024,10,426,424,850,8,8,16,434,432,866,Sunshine Coast,66367,69379,135746,1243,1327,2570,67610,70706,138316
Sunshine Coast,2024,11,438,441,879,0,0,0,438,441,879,Sunshine Coast,69878,72170,142048,0,0,0,69878,72170,142048
Sunshine Coast,2024,12,516,514,1030,9,9,18,525,523,1048,Sunshine Coast,80776,74650,155426,1135,1389,2524,81911,76039,157950
Sunshine Coast,2025,1,531,529,1060,13,13,26,544,542,1086,Sunshine Coast,79593,85275,164868,2151,1829,3980,81744,87104,168848
Sunshine Coast,2025,2,393,393,786,12,12,24,405,405,810,Sunshine Coast,56202,57390,113592,1236,1460,2696,57438,58850,116288
Sunshine Coast,2025,3,415,414,829,9,9,18,424,423,847,Sunshine Coast,59844,59123,118967,1173,1045,2218,61017,60168,121185
Sunshine Coast,2025,4,440,439,879,13,13,26,453,452,905,Sunshine Coast,66429,66436,132865,2093,1920,4013,68522,68356,136878
Sunshine Coast,2025,5,421,422,843,13,13,26,434,435,869,Sunshine Coast,62674,62305,124979,1576,1507,3083,64250,63812,128062
Sunshine Coast,2025,6,421,420,841,16,16,32,437,436,873,Sunshine Coast,62818,62916,125734,2151,1938,4089,64969,64854,129823
Sydney,1985,1,4655,4653,9308,844,827,1671,5499,5480,10979,Sydney,264596,255215,519811,140832,111007,251839,405428,366222,771650
Sydney,1985,2,4261,4274,8535,767,766,1533,5028,5040,10068,Sydney,221660,224954,446614,108155,99301,207456,329815,324255,654070
Sydney,1985,3,4872,4864,9736,846,828,1674,5718,5692,11410,Sydney,265222,258618,523840,115643,126489,242132,380865,385107,765972
Sydney,1985,4,4674,4658,9332,810,796,1606,5484,5454,10938,Sydney,261616,261647,523263,100570,117461,218031,362186,379108,741294
Sydney,1985,5,5112,5078,10190,851,840,1691,5963,5918,11881,Sydney,293500,285865,579365,109520,120321,229841,403020,406186,809206
Sydney,1985,6,4560,4574,9134,827,819,1646,5387,5393,10780,Sydney,247805,247015,494820,98770,105640,204410,346575,352655,699230
Sydney,1985,7,4227,4220,8447,771,763,1534,4998,4983,9981,Sydney,219185,221840,441025,102757,96434,199191,321942,318274,640216
Sydney,1985,8,5024,4973,9997,866,871,1737,5890,5844,11734,Sydney,287009,293015,580024,114148,124626,238774,401157,417641,818798
Sydney,1985,9,5069,5035,10104,852,837,1689,5921,5872,11793,Sydney,292544,284823,577367,123879,103618,227497,416423,388441,804864
Sydney,1985,10,5273,5273,10546,866,857,1723,6139,6130,12269,Sydney,288941,297506,586447,130501,99867,230368,419442,397373,816815
Sydney,1985,11,4945,4953,9898,871,858,1729,5816,5811,11627,Sydney,283000,277449,560449,127508,119780,247288,410508,397229,807737
Sydney,1985,12,5013,4986,9999,922,913,1835,5935,5899,11834,Sydney,269631,275378,545009,129870,145423,275293,399501,420801,820302
Sydney,1986,1,4822,4842,9664,926,921,1847,5748,5763,11511,Sydney,282619,273340,555959,154218,126337,280555,436837,399677,836514
Sydney,1986,2,4397,4426,8823,808,800,1608,5205,5226,10431,Sydney,252839,255922,508761,120361,104724,225085,373200,360646,733846
Sydney,1986,3,4964,4849,9813,909,912,1821,5873,5761,11634,Sydney,284469,283431,567900,126596,137002,263598,411065,420433,831498
Sydney,1986,4,4866,4945,9811,878,885,1763,5744,5830,11574,Sydney,280607,276764,557371,113767,136596,250363,394374,413360,807734
Sydney,1986,5,5166,5203,10369,921,924,1845,6087,6127,12214,Sydney,303071,296044,599115,117047,127045,244092,420118,423089,843207
Sydney,1986,6,4761,4749,9510,890,896,1786,5651,5645,11296,Sydney,261853,260094,521947,105416,108905,214321,367269,368999,736268
Sydney,1986,7,4951,4960,9911,913,913,1826,5864,5873,11737,Sydney,271829,275962,547791,121470,116714,238184,393299,392676,785975
Sydney,1986,8,5203,5190,10393,942,941,1883,6145,6131,12276,Sydney,301466,310945,612411,131658,138438,270096,433124,449383,882507
Sydney,1986,9,5126,5111,10237,869,851,1720,5995,5962,11957,Sydney,298289,286595,584884,133514,111710,245224,431803,398305,830108
Sydney,1986,10,5371,5334,10705,963,958,1921,6334,6292,12626,Sydney,306851,311473,618324,144443,114690,259133,451294,426163,877457
Sydney,1986,11,5014,5007,10021,983,985,1968,5997,5992,11989,Sydney,287597,283001,570598,149128,139447,288575,436725,422448,859173
Sydney,1986,12,5135,5140,10275,1022,1021,2043,6157,6161,12318,Sydney,278613,289540,568153,147786,159325,307111,426399,448865,875264
Sydney,1987,1,4971,4907,9878,1054,1045,2099,6025,5952,11977,Sydney,291577,283686,575263,175469,149846,325315,467046,433532,900578
Sydney,1987,2,4614,4587,9201,936,933,1869,5550,5520,11070,Sydney,270645,265594,536239,141879,129287,271166,412524,394881,807405
Sydney,1987,3,5131,5046,10177,1026,1021,2047,6157,6067,12224,Sydney,296419,290132,586551,130483,147256,277739,426902,437388,864290
Sydney,1987,4,5206,5114,10320,977,972,1949,6183,6086,12269,Sydney,310202,301845,612047,128578,137756,266334,438780,439601,878381
Sydney,1987,5,4909,4903,9812,1031,1028,2059,5940,5931,11871,Sydney,285412,279160,564572,124873,143228,268101,410285,422388,832673
Sydney,1987,6,4921,4965,9886,979,981,1960,5900,5946,11846,Sydney,276208,273222,549430,117317,126248,243565,393525,399470,792995
Sydney,1987,7,5476,5443,10919,1047,1036,2083,6523,6479,13002,Sydney,320203,321661,641864,154634,144951,299585,474837,466612,941449
Sydney,1987,8,5204,5258,10462,1062,1051,2113,6266,6309,12575,Sydney,310005,304612,614617,151067,158917,309984,461072,463529,924601
Sydney,1987,9,5276,5290,10566,1023,1027,2050,6299,6317,12616,Sydney,317301,321711,639012,150640,149306,299946,467941,471017,938958
Sydney,1987,10,5445,5432,10877,1090,1097,2187,6535,6529,13064,Sydney,347068,341526,688594,188052,147314,335366,535120,488840,1023960
Sydney,1987,11,5220,5250,10470,1087,1078,2165,6307,6328,12635,Sydney,322007,315261,637268,166794,158165,324959,488801,473426,962227
Sydney,1987,12,5273,5315,10588,1158,1135,2293,6431,6450,12881,Sydney,305792,312267,618059,174806,172643,347449,480598,484910,965508
Sydney,1988,1,5019,5057,10076,1189,1160,2349,6208,6217,12425,Sydney,317081,302904,619985,199123,177681,376804,516204,480585,996789
Sydney,1988,2,4962,4985,9947,1071,1034,2105,6033,6019,12052,Sydney,295602,298438,594040,161102,150846,311948,456704,449284,905988
Sydney,1988,3,5406,5464,10870,1115,1096,2211,6521,6560,13081,Sydney,335162,329725,664887,160036,171894,331930,495198,501619,996817
Sydney,1988,4,5180,5154,10334,1116,1103,2219,6296,6257,12553,Sydney,314724,306014,620738,152750,163005,315755,467474,469019,936493
Sydney,1988,5,5409,5395,10804,1154,1144,2298,6563,6539,13102,Sydney,338642,326463,665105,137288,165597,302885,475930,492060,967990
Sydney,1988,6,5420,5355,10775,1107,1104,2211,6527,6459,12986,Sydney,328923,322749,651672,143964,153417,297381,472887,476166,949053
Sydney,1988,7,6042,5996,12038,1178,1172,2350,7220,7168,14388,Sydney,375957,375891,751848,185209,172550,357759,561166,548441,1109607
Sydney,1988,8,5882,5902,11784,1179,1165,2344,7061,7067,14128,Sydney,370453,356722,727175,173149,181963,355112,543602,538685,1082287
Sydney,1988,9,5842,5870,11712,1143,1127,2270,6985,6997,13982,Sydney,389543,390868,780411,169802,185144,354946,559345,576012,1135357
Sydney,1988,10,5882,5856,11738,1222,1199,2421,7104,7055,14159,Sydney,384717,372180,756897,203114,169150,372264,587831,541330,1129161
Sydney,1988,11,5544,5562,11106,1255,1242,2497,6799,6804,13603,Sydney,341993,332611,674604,180475,169130,349605,522468,501741,1024209
Sydney,1988,12,5619,5542,11161,1345,1335,2680,6964,6877,13841,Sydney,317123,323443,640566,182584,197487,380071,499707,520930,1020637
Sydney,1989,1,5365,5305,10670,1374,1351,2725,6739,6656,13395,Sydney,309980,293191,603171,210566,188636,399202,520546,481827,1002373
Sydney,1989,2,5006,5062,10068,1221,1203,2424,6227,6265,12492,Sydney,286826,285212,572038,169183,152259,321442,456009,437471,893480
Sydney,1989,3,5842,5746,11588,1299,1268,2567,7141,7014,14155,Sydney,341712,338480,680192,162283,183199,345482,503995,521679,1025674
Sydney,1989,4,5214,5179,10393,1292,1258,2550,6506,6437,12943,Sydney,300204,285432,585636,151865,162838,314703,452069,448270,900339
Sydney,1989,5,5492,5489,10981,1312,1250,2562,6804,6739,13543,Sydney,300084,291577,591661,128596,156839,285435,428680,448416,877096
Sydney,1989,6,5475,5416,10891,1234,1192,2426,6709,6608,13317,Sydney,296818,303616,600434,139952,159046,298998,436770,462662,899432
Sydney,1989,7,5339,5213,10552,1313,1266,2579,6652,6479,13131,Sydney,315684,311461,627145,181674,157139,338813,497358,468600,965958
Sydney,1989,8,3615,3559,7174,1336,1290,2626,4951,4849,9800,Sydney,208316,200173,408489,156757,169752,326509,365073,369925,734998
Sydney,1989,9,2561,2543,5104,1320,1280,2600,3881,3823,7704,Sydney,98535,97931,196466,161771,169795,331566,260306,267726,528032
Sydney,1989,10,3587,3644,7231,1367,1321,2688,4954,4965,9919,Sydney,173141,174213,347354,191845,148058,339903,364986,322271,687257
Sydney,1989,11,3809,3861,7670,1350,1324,2674,5159,5185,10344,Sydney,211959,208809,420768,169482,159500,328982,381441,368309,749750
Sydney,1989,12,4188,4205,8393,1388,1367,2755,5576,5572,11148,Sydney,244716,252590,497306,183193,212068,395261,427909,464658,892567
Sydney,1990,1,4516,4494,9010,1414,1390,2804,5930,5884,11814,Sydney,288367,269763,558130,220212,192281,412493,508579,462044,970623
Sydney,1990,2,4591,4549,9140,1300,1264,2564,5891,5813,11704,Sydney,264297,263022,527319,172470,156774,329244,436767,419796,856563
Sydney,1990,3,5125,5071,10196,1415,1381,2796,6540,6452,12992,Sydney,303806,293095,596901,158688,181521,340209,462494,474616,937110
Sydney,1990,4,5417,5340,10757,1341,1295,2636,6758,6635,13393,Sydney,316148,305634,621782,165043,187010,352053,481191,492644,973835
Sydney,1990,5,5584,5514,11098,1389,1358,2747,6973,6872,13845,Sydney,299873,285942,585815,145880,166640,312520,445753,452582,898335
Sydney,1990,6,5262,5350,10612,1330,1302,2632,6592,6652,13244,Sydney,293428,292133,585561,149478,178272,327750,442906,470405,913311
Sydney,1990,7,5946,5901,11847,1380,1347,2727,7326,7248,14574,Sydney,331656,325634,657290,194169,172893,367062,525825,498527,1024352
Sydney,1990,8,5558,5530,11088,1394,1370,2764,6952,6900,13852,Sydney,320773,312627,633400,177258,185409,362667,498031,498036,996067
Sydney,1990,9,5382,5355,10737,1310,1299,2609,6692,6654,13346,Sydney,327935,337509,665444,175612,186414,362026,503547,523923,1027470
Sydney,1990,10,5813,5900,11713,1403,1378,2781,7216,7278,14494,Sydney,361797,349533,711330,199228,162770,361998,561025,512303,1073328
Sydney,1990,11,5586,5591,11177,1352,1324,2676,6938,6915,13853,Sydney,349811,336727,686538,169733,169206,338939,519544,505933,1025477
Sydney,1990,12,5599,5623,11222,1398,1378,2776,6997,7001,13998,Sydney,345881,355754,701635,181594,215536,397130,527475,571290,1098765
Sydney,1991,1,5223,5264,10487,1424,1417,2841,6647,6681,13328,Sydney,375073,351444,726517,218519,186954,405473,593592,538398,1131990
Sydney,1991,2,5019,5009,10028,1269,1255,2524,6288,6264,12552,Sydney,307858,303404,611262,155028,149898,304926,462886,453302,916188
Sydney,1991,3,5618,5604,11222,1395,1384,2779,7013,6988,14001,Sydney,346230,347071,693301,153643,177084,330727,499873,524155,1024028
Sydney,1991,4,5726,5667,11393,1257,1238,2495,6983,6905,13888,Sydney,366334,349934,716268,145438,153521,298959,511772,503455,1015227
Sydney,1991,5,5836,5827,11663,1294,1275,2569,7130,7102,14232,Sydney,348943,341518,690461,139321,158530,297851,488264,500048,988312
Sydney,1991,6,5605,5670,11275,1269,1259,2528,6874,6929,13803,Sydney,357626,363637,721263,146938,171573,318511,504564,535210,1039774
Sydney,1991,7,6203,6204,12407,1349,1335,2684,7552,7539,15091,Sydney,452055,448811,900866,200198,171827,372025,652253,620638,1272891
Sydney,1991,8,6011,6033,12044,1360,1339,2699,7371,7372,14743,Sydney,446204,440293,886497,181031,188995,370026,627235,629288,1256523
Sydney,1991,9,6083,6088,12171,1311,1297,2608,7394,7385,14779,Sydney,480970,479211,960181,181438,191422,372860,662408,670633,1333041
Sydney,1991,10,6659,6427,13086,1343,1330,2673,8002,7757,15759,Sydney,511519,503820,1015339,207024,176269,383293,718543,680089,1398632
Sydney,1991,11,6401,6286,12687,1367,1360,2727,7768,7646,15414,Sydney,494133,479466,973599,180996,185032,366028,675129,664498,1339627
Sydney,1991,12,6388,6421,12809,1432,1424,2856,7820,7845,15665,Sydney,480516,489293,969809,183277,216316,399593,663793,705609,1369402
Sydney,1992,1,5957,5945,11902,1447,1444,2891,7404,7389,14793,Sydney,477002,452237,929239,226755,195191,421946,703757,647428,1351185
Sydney,1992,2,5775,5763,11538,1346,1343,2689,7121,7106,14227,Sydney,392855,389579,782434,183467,173275,356742,576322,562854,1139176
Sydney,1992,3,6319,6308,12627,1406,1395,2801,7725,7703,15428,Sydney,414258,407999,822257,166948,187040,353988,581206,595039,1176245
Sydney,1992,4,6518,6598,13116,1404,1395,2799,7922,7993,15915,Sydney,426139,412806,838945,175499,197131,372630,601638,609937,1211575
Sydney,1992,5,6422,6389,12811,1457,1458,2915,7879,7847,15726,Sydney,399825,388390,788215,153996,182277,336273,553821,570667,1124488
Sydney,1992,6,6312,6313,12625,1407,1396,2803,7719,7709,15428,Sydney,392463,385693,778156,144627,174162,318789,537090,559855,1096945
Sydney,1992,7,6902,6819,13721,1457,1450,2907,8359,8269,16628,Sydney,450117,448189,898306,210784,195478,406262,660901,643667,1304568
Sydney,1992,8,6597,6573,13170,1467,1451,2918,8064,8024,16088,Sydney,423885,412871,836756,175976,184677,360653,599861,597548,1197409
Sydney,1992,9,7109,7058,14167,1435,1421,2856,8544,8479,17023,Sydney,468902,470341,939243,173801,193629,367430,642703,663970,1306673
Sydney,1992,10,7459,7407,14866,1491,1487,2978,8950,8894,17844,Sydney,501485,488733,990218,210980,176992,387972,712465,665725,1378190
Sydney,1992,11,6934,6918,13852,1531,1508,3039,8465,8426,16891,Sydney,465528,453953,919481,189670,197490,387160,655198,651443,1306641
Sydney,1992,12,6972,7065,14037,1617,1600,3217,8589,8665,17254,Sydney,461322,468060,929382,196582,239229,435811,657904,707289,1365193
Sydney,1993,1,6774,6767,13541,1593,1575,3168,8367,8342,16709,Sydney,500146,470956,971102,241909,215819,457728,742055,686775,1428830
Sydney,1993,2,6542,6535,13077,1456,1448,2904,7998,7983,15981,Sydney,418685,414350,833035,192992,181723,374715,611677,596073,1207750
Sydney,1993,3,7139,7113,14252,1572,1563,3135,8711,8676,17387,Sydney,451409,444464,895873,179994,202895,382889,631403,647359,1278762
Sydney,1993,4,7024,7037,14061,1506,1494,3000,8530,8531,17061,Sydney,475207,459474,934681,179230,204225,383455,654437,663699,1318136
Sydney,1993,5,6918,6921,13839,1544,1538,3082,8462,8459,16921,Sydney,427639,412202,839841,160582,197085,357667,588221,609287,1197508
Sydney,1993,6,6903,6925,13828,1475,1465,2940,8378,8390,16768,Sydney,426027,424731,850758,156213,189560,345773,582240,614291,1196531
Sydney,1993,7,7151,7176,14327,1531,1532,3063,8682,8708,17390,Sydney,464192,453712,917904,217789,184445,402234,681981,638157,1320138
Sydney,1993,8,7019,7075,14094,1529,1520,3049,8548,8595,17143,Sydney,462781,455116,917897,188740,204524,393264,651521,659640,1311161
Sydney,1993,9,7053,7009,14062,1488,1478,2966,8541,8487,17028,Sydney,482358,486310,968668,191102,203185,394287,673460,689495,1362955
Sydney,1993,10,7474,7458,14932,1550,1535,3085,9024,8993,18017,Sydney,515654,499507,1015161,230282,193617,423899,745936,693124,1439060
Sydney,1993,11,7035,7054,14089,1422,1411,2833,8457,8465,16922,Sydney,496542,479868,976410,196654,209255,405909,693196,689123,1382319
Sydney,1993,12,7051,7073,14124,1506,1499,3005,8557,8572,17129,Sydney,485026,483037,968063,214047,242148,456195,699073,725185,1424258
Sydney,1994,1,6648,6653,13301,1521,1507,3028,8169,8160,16329,Sydney,513595,485836,999431,247854,229823,477677,761449,715659,1477108
Sydney,1994,2,6579,6587,13166,1363,1348,2711,7942,7935,15877,Sydney,465210,451458,916668,216374,209543,425917,681584,661001,1342585
Sydney,1994,3,7419,7443,14862,1477,1463,2940,8896,8906,17802,Sydney,529404,513628,1043032,214118,239121,453239,743522,752749,1496271
Sydney,1994,4,7288,7267,14555,1406,1428,2834,8694,8695,17389,Sydney,514059,484573,998632,197992,219827,417819,712051,704400,1416451
Sydney,1994,5,7483,7386,14869,1456,1478,2934,8939,8864,17803,Sydney,479309,454776,934085,167227,206570,373797,646536,661346,1307882
Sydney,1994,6,7509,7494,15003,1411,1417,2828,8920,8911,17831,Sydney,491835,483124,974959,180671,214096,394767,672506,697220,1369726
Sydney,1994,7,7755,7796,15551,1493,1515,3008,9248,9311,18559,Sydney,545804,530614,1076418,252596,216791,469387,798400,747405,1545805
Sydney,1994,8,7793,7758,15551,1457,1479,2936,9250,9237,18487,Sydney,533927,510659,1044586,215225,231484,446709,749152,742143,1491295
Sydney,1994,9,7667,7690,15357,1465,1474,2939,9132,9164,18296,Sydney,550655,546230,1096885,216559,233087,449646,767214,779317,1546531
Sydney,1994,10,7817,7799,15616,1538,1544,3082,9355,9343,18698,Sydney,583664,553709,1137373,255703,224132,479835,839367,777841,1617208
Sydney,1994,11,7378,7351,14729,1543,1560,3103,8921,8911,17832,Sydney,554134,521028,1075162,219107,236298,455405,773241,757326,1530567
Sydney,1994,12,7643,7642,15285,1610,1614,3224,9253,9256,18509,Sydney,530925,514940,1045865,237509,276787,514296,768434,791727,1560161
Sydney,1995,1,7132,7133,14265,1634,1641,3275,8766,8774,17540,Sydney,575303,537982,1113285,283194,262220,545414,858497,800202,1658699
Sydney,1995,2,7084,7113,14197,1483,1484,2967,8567,8597,17164,Sydney,498069,483910,981979,234727,226615,461342,732796,710525,1443321
Sydney,1995,3,7830,7829,15659,1606,1614,3220,9436,9443,18879,Sydney,542935,518251,1061186,218138,248382,466520,761073,766633,1527706
Sydney,1995,4,7906,7892,15798,1575,1581,3156,9481,9473,18954,Sydney,552118,526548,1078666,219521,248362,467883,771639,774910,1546549
Sydney,1995,5,7970,7994,15964,1632,1626,3258,9602,9620,19222,Sydney,512717,491402,1004119,187422,227984,415406,700139,719386,1419525
Sydney,1995,6,7963,7959,15922,1575,1571,3146,9538,9530,19068,Sydney,521979,502770,1024749,199692,223313,423005,721671,726083,1447754
Sydney,1995,7,8099,8110,16209,1663,1655,3318,9762,9765,19527,Sydney,565667,562116,1127783,278585,247937,526522,844252,810053,1654305
Sydney,1995,8,8218,8215,16433,1649,1639,3288,9867,9854,19721,Sydney,588848,569653,1158501,231847,258294,490141,820695,827947,1648642
Sydney,1995,9,8007,8029,16036,1600,1587,3187,9607,9616,19223,Sydney,582416,586441,1168857,234139,248031,482170,816555,834472,1651027
Sydney,1995,10,8225,8278,16503,1668,1647,3315,9893,9925,19818,Sydney,610917,591021,1201938,273878,231775,505653,884795,822796,1707591
Sydney,1995,11,8106,8158,16264,1659,1667,3326,9765,9825,19590,Sydney,593657,570049,1163706,236645,251581,488226,830302,821630,1651932
Sydney,1995,12,7916,7933,15849,1772,1773,3545,9688,9706,19394,Sydney,568383,560400,1128783,262781,303388,566169,831164,863788,1694952
Sydney,1996,1,7836,7823,15659,1775,1784,3559,9611,9607,19218,Sydney,600024,567678,1167702,307460,285637,593097,907484,853315,1760799
Sydney,1996,2,7730,7765,15495,1676,1686,3362,9406,9451,18857,Sydney,544269,524412,1068681,268120,255137,523257,812389,779549,1591938
Sydney,1996,3,8337,8378,16715,1763,1773,3536,10100,10151,20251,Sydney,590658,568525,1159183,253767,295933,549700,844425,864458,1708883
Sydney,1996,4,8108,8126,16234,1725,1729,3454,9833,9855,19688,Sydney,588557,564143,1152700,253255,272400,525655,841812,836543,1678355
Sydney,1996,5,8505,8539,17044,1763,1761,3524,10268,10300,20568,Sydney,560779,534332,1095111,202924,243565,446489,763703,777897,1541600
Sydney,1996,6,8062,8050,16112,1713,1718,3431,9775,9768,19543,Sydney,555042,536109,1091151,230043,266519,496562,785085,802628,1587713
Sydney,1996,7,8665,8706,17371,1776,1797,3573,10441,10503,20944,Sydney,596544,590137,1186681,282152,262393,544545,878696,852530,1731226
Sydney,1996,8,8596,8612,17208,1778,1779,3557,10374,10391,20765,Sydney,597005,570558,1167563,251048,282102,533150,848053,852660,1700713
Sydney,1996,9,8407,8421,16828,1722,1715,3437,10129,10136,20265,Sydney,609346,596393,1205739,248957,271738,520695,858303,868131,1726434
Sydney,1996,10,8721,8732,17453,1773,1764,3537,10494,10496,20990,Sydney,634084,628723,1262807,303599,259326,562925,937683,888049,1825732
Sydney,1996,11,8427,8492,16919,1789,1740,3529,10216,10232,20448,Sydney,599741,573076,1172817,273754,282651,556405,873495,855727,1729222
Sydney,1996,12,8301,8346,16647,1861,1823,3684,10162,10169,20331,Sydney,590321,581224,1171545,289507,335757,625264,879828,916981,1796809
Sydney,1997,1,7939,7966,15905,1874,1834,3708,9813,9800,19613,Sydney,594840,569281,1164121,332661,316742,649403,927501,886023,1813524
Sydney,1997,2,7840,7878,15718,1689,1647,3336,9529,9525,19054,Sydney,546975,529447,1076422,285878,270558,556436,832853,800005,1632858
Sydney,1997,3,8591,8651,17242,1842,1783,3625,10433,10434,20867,Sydney,603238,588405,1191643,275294,319162,594456,878532,907567,1786099
Sydney,1997,4,8306,8329,16635,1788,1771,3559,10094,10100,20194,Sydney,596787,562192,1158979,249148,281288,530436,845935,843480,1689415
Sydney,1997,5,8376,8374,16750,1846,1828,3674,10222,10202,20424,Sydney,561428,536850,1098278,227584,273006,500590,789012,809856,1598868
Sydney,1997,6,8061,8075,16136,1792,1769,3561,9853,9844,19697,Sydney,548641,535087,1083728,240325,282531,522856,788966,817618,1606584
Sydney,1997,7,8823,8835,17658,1897,1866,3763,10720,10701,21421,Sydney,610691,601434,1212125,317284,290459,607743,927975,891893,1819868
Sydney,1997,8,8738,8741,17479,1895,1874,3769,10633,10615,21248,Sydney,624994,594655,1219649,258606,300659,559265,883600,895314,1778914
Sydney,1997,9,8527,8530,17057,1815,1784,3599,10342,10314,20656,Sydney,608760,603344,1212104,258736,278416,537152,867496,881760,1749256
Sydney,1997,10,8828,8848,17676,1918,1871,3789,10746,10719,21465,Sydney,660321,646805,1307126,313920,277084,591004,974241,923889,1898130
Sydney,1997,11,8348,8389,16737,1968,1907,3875,10316,10296,20612,Sydney,607857,582021,1189878,278196,297606,575802,886053,879627,1765680
Sydney,1997,12,8193,8248,16441,2033,1968,4001,10226,10216,20442,Sydney,582263,573818,1156081,284415,331138,615553,866678,904956,1771634
Sydney,1998,1,7933,7971,15904,2018,1970,3988,9951,9941,19892,Sydney,591969,570689,1162658,333694,314093,647787,925663,884782,1810445
Sydney,1998,2,7819,7849,15668,1812,1760,3572,9631,9609,19240,Sydney,541948,520928,1062876,273642,266739,540381,815590,787667,1603257
Sydney,1998,3,8614,8668,17282,1989,1925,3914,10603,10593,21196,Sydney,604768,588578,1193346,251781,292178,543959,856549,880756,1737305
Sydney,1998,4,8413,8423,16836,1947,1918,3865,10360,10341,20701,Sydney,611502,583922,1195424,274438,310537,584975,885940,894459,1780399
Sydney,1998,5,8700,8717,17417,2012,1976,3988,10712,10693,21405,Sydney,579859,556772,1136631,237662,285122,522784,817521,841894,1659415
Sydney,1998,6,8376,8411,16787,1879,1847,3726,10255,10258,20513,Sydney,573156,552223,1125379,239365,274032,513397,812521,826255,1638776
Sydney,1998,7,8989,9003,17992,1985,1961,3946,10974,10964,21938,Sydney,618383,621756,1240139,313591,289897,603488,931974,911653,1843627
Sydney,1998,8,8784,8837,17621,2015,1970,3985,10799,10807,21606,Sydney,615571,588548,1204119,271953,307922,579875,887524,896470,1783994
Sydney,1998,9,8746,8755,17501,1919,1881,3800,10665,10636,21301,Sydney,613629,610552,1224181,276052,288125,564177,889681,898677,1788358
Sydney,1998,10,8880,8901,17781,2002,1981,3983,10882,10882,21764,Sydney,667250,657918,1325168,328457,283591,612048,995707,941509,1937216
Sydney,1998,11,8507,8562,17069,1907,1844,3751,10414,10406,20820,Sydney,615684,589979,1205663,278190,298439,576629,893874,888418,1782292
Sydney,1998,12,8382,8420,16802,1983,1943,3926,10365,10363,20728,Sydney,602246,597247,1199493,302826,341225,644051,905072,938472,1843544
Sydney,1999,1,7800,7850,15650,2013,1977,3990,9813,9827,19640,Sydney,595584,573306,1168890,357204,337569,694773,952788,910875,1863663
Sydney,1999,2,7742,7807,15549,1814,1768,3582,9556,9575,19131,Sydney,556405,545186,1101591,301054,277241,578295,857459,822427,1679886
Sydney,1999,3,8606,8654,17260,1978,1933,3911,10584,10587,21171,Sydney,631246,616630,1247876,289522,321396,610918,920768,938026,1858794
Sydney,1999,4,8288,8286,16574,1871,1835,3706,10159,10121,20280,Sydney,609732,589277,1199009,285944,307828,593772,895676,897105,1792781
Sydney,1999,5,8466,8480,16946,1880,1862,3742,10346,10342,20688,Sydney,590588,569462,1160050,248069,285323,533392,838657,854785,1693442
Sydney,1999,6,8251,8257,16508,1814,1786,3600,10065,10043,20108,Sydney,595061,582303,1177364,256388,283587,539975,851449,865890,1717339
Sydney,1999,7,8900,8905,17805,1974,1954,3928,10874,10859,21733,Sydney,639466,649141,1288607,335859,310224,646083,975325,959365,1934690
Sydney,1999,8,8961,8966,17927,1974,1950,3924,10935,10916,21851,Sydney,658588,626518,1285106,286415,337051,623466,945003,963569,1908572
Sydney,1999,9,8761,8752,17513,1895,1877,3772,10656,10629,21285,Sydney,665867,670659,1336526,298505,322278,620783,964372,992937,1957309
Sydney,1999,10,8887,8903,17790,1949,1921,3870,10836,10824,21660,Sydney,705746,696169,1401915,353335,303862,657197,1059081,1000031,2059112
Sydney,1999,11,8584,8635,17219,1947,1911,3858,10531,10546,21077,Sydney,646674,627297,1273971,307195,318419,625614,953869,945716,1899585
Sydney,1999,12,8677,8686,17363,2034,2003,4037,10711,10689,21400,Sydney,634117,602879,1236996,321849,342036,663885,955966,944915,1900881
Sydney,2000,1,8056,8110,16166,2059,2047,4106,10115,10157,20272,Sydney,600155,618569,1218724,357512,362109,719621,957667,980678,1938345
Sydney,2000,2,8047,8064,16111,1914,1895,3809,9961,9959,19920,Sydney,605977,599847,1205824,328992,311707,640699,934969,911554,1846523
Sydney,2000,3,8708,8718,17426,2065,2028,4093,10773,10746,21519,Sydney,673539,662304,1335843,303770,337919,641689,977309,1000223,1977532
Sydney,2000,4,8272,8283,16555,2073,2035,4108,10345,10318,20663,Sydney,643153,629291,1272444,327665,360247,687912,970818,989538,1960356
Sydney,2000,5,8860,8875,17735,2069,2034,4103,10929,10909,21838,Sydney,635685,621028,1256713,273093,319168,592261,908778,940196,1848974
Sydney,2000,6,9174,9184,18358,2039,1985,4024,11213,11169,22382,Sydney,644226,638600,1282826,280055,303432,583487,924281,942032,1866313
Sydney,2000,7,9566,9566,19132,2191,2141,4332,11757,11707,23464,Sydney,658341,674214,1332555,370847,338758,709605,1029188,1012972,2042160
Sydney,2000,8,9768,9753,19521,2153,2100,4253,11921,11853,23774,Sydney,705777,685351,1391128,305438,344118,649556,1011215,1029469,2040684
Sydney,2000,9,9768,9743,19511,2153,2100,4253,11921,11843,23764,Sydney,782169,741170,1523339,367096,351997,719093,1149265,1093167,2242432
Sydney,2000,10,10109,10127,20236,2169,2143,4312,12278,12270,24548,Sydney,721969,770102,1492071,382128,370847,752975,1104097,1140949,2245046
Sydney,2000,11,9782,9746,19528,2053,2031,4084,11835,11777,23612,Sydney,740580,726262,1466842,351774,370505,722279,1092354,1096767,2189121
Sydney,2000,12,9697,9672,19369,2179,2152,4331,11876,11824,23700,Sydney,735015,726986,1462001,385093,432953,818046,1120108,1159939,2280047
Sydney,2001,1,9436,9430,18866,2154,2115,4269,11590,11545,23135,Sydney,772825,753460,1526285,429519,413148,842667,1202344,1166608,2368952
Sydney,2001,2,9121,9128,18249,1918,1889,3807,11039,11017,22056,Sydney,644418,638229,1282647,347071,326321,673392,991489,964550,1956039
Sydney,2001,3,10489,10486,20975,2138,2095,4233,12627,12581,25208,Sydney,764867,750913,1515780,332452,368819,701271,1097319,1119732,2217051
Sydney,2001,4,9858,9843,19701,2076,2025,4101,11934,11868,23802,Sydney,771142,754067,1525209,336349,368688,705037,1107491,1122755,2230246
Sydney,2001,5,9904,9904,19808,2111,2072,4183,12015,11976,23991,Sydney,710334,695835,1406169,281788,327279,609067,992122,1023114,2015236
Sydney,2001,6,9153,9171,18324,2038,1992,4030,11191,11163,22354,Sydney,679448,672652,1352100,305000,329844,634844,984448,1002496,1986944
Sydney,2001,7,9664,9703,19367,2089,2046,4135,11753,11749,23502,Sydney,759651,765567,1525218,396511,376642,773153,1156162,1142209,2298371
Sydney,2001,8,9844,9839,19683,2054,2013,4067,11898,11852,23750,Sydney,742381,717127,1459508,325629,371671,697300,1068010,1088798,2156808
Sydney,2001,9,7363,7361,14724,1951,1926,3877,9314,9287,18601,Sydney,620948,619817,1240765,315765,329483,645248,936713,949300,1886013
Sydney,2001,10,7411,7430,14841,1974,1934,3908,9385,9364,18749,Sydney,616408,628258,1244666,339550,289458,629008,955958,917716,1873674
Sydney,2001,11,7431,7469,14900,1877,1828,3705,9308,9297,18605,Sydney,620157,615593,1235750,288534,300354,588888,908691,915947,1824638
Sydney,2001,12,7279,7300,14579,2040,1999,4039,9319,9299,18618,Sydney,625983,623216,1249199,351844,377254,729098,977827,1000470,1978297
Sydney,2002,1,7040,7090,14130,1988,1956,3944,9028,9046,18074,Sydney,647747,629361,1277108,381444,371770,753214,1029191,1001131,2030322
Sydney,2002,2,6739,6782,13521,1787,1761,3548,8526,8543,17069,Sydney,592765,588710,1181475,328497,317977,646474,921262,906687,1827949
Sydney,2002,3,6891,6930,13821,1969,1925,3894,8860,8855,17715,Sydney,637468,625572,1263040,336029,359582,695611,973497,985154,1958651
Sydney,2002,4,6784,6832,13616,1908,1872,3780,8692,8704,17396,Sydney,606441,591864,1198305,300847,333360,634207,907288,925224,1832512
Sydney,2002,5,7059,7101,14160,1954,1908,3862,9013,9009,18022,Sydney,596071,587439,1183510,272660,311046,583706,868731,898485,1767216
Sydney,2002,6,6875,6918,13793,1902,1848,3750,8777,8766,17543,Sydney,565985,557427,1123412,281121,311137,592258,847106,868564,1715670
Sydney,2002,7,7693,7699,15392,1983,1972,3955,9676,9671,19347,Sydney,648012,660569,1308581,369163,338385,707548,1017175,998954,2016129
Sydney,2002,8,7589,7571,15160,1965,1951,3916,9554,9522,19076,Sydney,648952,630335,1279287,308310,346303,654613,957262,976638,1933900
Sydney,2002,9,7606,7623,15229,1876,1853,3729,9482,9476,18958,Sydney,644720,645440,1290160,305796,318780,624576,950516,964220,1914736
Sydney,2002,10,7968,7966,15934,1956,1928,3884,9924,9894,19818,Sydney,709813,707018,1416831,382244,320522,702766,1092057,1027540,2119597
Sydney,2002,11,7604,7578,15182,1983,1968,3951,9587,9546,19133,Sydney,669195,655810,1325005,320663,340448,661111,989858,996258,1986116
Sydney,2002,12,7576,7554,15130,2126,2119,4245,9702,9673,19375,Sydney,677706,663488,1341194,355308,395383,750691,1033014,1058871,2091885
Sydney,2003,1,7116,7113,14229,2118,2113,4231,9234,9226,18460,Sydney,672794,660865,1333659,407482,389333,796815,1080276,1050198,2130474
Sydney,2003,2,6833,6830,13663,1916,1904,3820,8749,8734,17483,Sydney,607387,600973,1208360,334481,309670,644151,941868,910643,1852511
Sydney,2003,3,7684,7677,15361,2076,2061,4137,9760,9738,19498,Sydney,671900,664640,1336540,307115,323868,630983,979015,988508,1967523
Sydney,2003,4,7151,7152,14303,1939,1925,3864,9090,9077,18167,Sydney,655777,646027,1301804,268547,284854,553401,924324,930881,1855205
Sydney,2003,5,7383,7382,14765,1861,1840,3701,9244,9222,18466,Sydney,642532,636564,1279096,231588,257885,489473,874120,894449,1768569
Sydney,2003,6,7204,7248,14452,1824,1815,3639,9028,9063,18091,Sydney,640113,632909,1273022,253355,283505,536860,893468,916414,1809882
Sydney,2003,7,7608,7622,15230,2044,2028,4072,9652,9650,19302,Sydney,710102,722300,1432402,364483,333194,697677,1074585,1055494,2130079
Sydney,2003,8,7545,7556,15101,2117,2099,4216,9662,9655,19317,Sydney,701241,688815,1390056,310030,349066,659096,1011271,1037881,2049152
Sydney,2003,9,7853,7854,15707,2109,2097,4206,9962,9951,19913,Sydney,716403,719378,1435781,331797,338971,670768,1048200,1058349,2106549
Sydney,2003,10,8192,8201,16393,2179,2179,4358,10371,10380,20751,Sydney,781669,783249,1564918,382214,324708,706922,1163883,1107957,2271840
Sydney,2003,11,7898,7904,15802,2184,2166,4350,10082,10070,20152,Sydney,754043,739600,1493643,350664,373757,724421,1104707,1113357,2218064
Sydney,2003,12,7739,7737,15476,2279,2267,4546,10018,10004,20022,Sydney,752848,746193,1499041,380581,438693,819274,1133429,1184886,2318315
Sydney,2004,1,7423,7457,14880,2291,2281,4572,9714,9738,19452,Sydney,740180,730981,1471161,435635,417236,852871,1175815,1148217,2324032
Sydney,2004,2,7558,7572,15130,2135,2134,4269,9693,9706,19399,Sydney,690396,686112,1376508,368353,339747,708100,1058749,1025859,2084608
Sydney,2004,3,8320,8320,16640,2317,2318,4635,10637,10638,21275,Sydney,764407,750093,1514500,338145,372811,710956,1102552,1122904,2225456
Sydney,2004,4,7817,7825,15642,2281,2273,4554,10098,10098,20196,Sydney,738347,730672,1469019,347767,375887,723654,1086114,1106559,2192673
Sydney,2004,5,8153,8152,16305,2365,2358,4723,10518,10510,21028,Sydney,715555,705358,1420913,302528,345225,647753,1018083,1050583,2068666
Sydney,2004,6,8189,8218,16407,2285,2288,4573,10474,10506,20980,Sydney,717618,709698,1427316,316365,356497,672862,1033983,1066195,2100178
Sydney,2004,7,8480,8485,16965,2406,2408,4814,10886,10893,21779,Sydney,794005,803495,1597500,424147,375074,799221,1218152,1178569,2396721
Sydney,2004,8,8636,8643,17279,2376,2373,4749,11012,11016,22028,Sydney,802825,790143,1592968,341799,370071,711870,1144624,1160214,2304838
Sydney,2004,9,8575,8579,17154,2337,2336,4673,10912,10915,21827,Sydney,792955,800198,1593153,348401,368103,716504,1141356,1168301,2309657
Sydney,2004,10,8654,8665,17319,2392,2378,4770,11046,11043,22089,Sydney,833327,828760,1662087,419236,351899,771135,1252563,1180659,2433222
Sydney,2004,11,8403,8397,16800,2364,2357,4721,10767,10754,21521,Sydney,792152,780483,1572635,368157,387595,755752,1160309,1168078,2328387
Sydney,2004,12,8434,8437,16871,2536,2527,5063,10970,10964,21934,Sydney,779341,769148,1548489,415329,465818,881147,1194670,1234966,2429636
Sydney,2005,1,7749,7766,15515,2588,2589,5177,10337,10355,20692,Sydney,765225,754662,1519887,496729,456965,953694,1261954,1211627,2473581
Sydney,2005,2,7652,7662,15314,2283,2282,4565,9935,9944,19879,Sydney,732269,725748,1458017,393734,364324,758058,1126003,1090072,2216075
Sydney,2005,3,8471,8464,16935,2472,2461,4933,10943,10925,21868,Sydney,821009,808468,1629477,385399,405235,790634,1206408,1213703,2420111
Sydney,2005,4,8112,8110,16222,2427,2415,4842,10539,10525,21064,Sydney,782910,776208,1559118,362986,392668,755654,1145896,1168876,2314772
Sydney,2005,5,8426,8456,16882,2444,2427,4871,10870,10883,21753,Sydney,752079,738672,1490751,307917,359894,667811,1059996,1098566,2158562
Sydney,2005,6,8221,8239,16460,2376,2360,4736,10597,10599,21196,Sydney,731150,724242,1455392,335529,377683,713212,1066679,1101925,2168604
Sydney,2005,7,8498,8518,17016,2521,2502,5023,11019,11020,22039,Sydney,811517,818050,1629567,455890,400072,855962,1267407,1218122,2485529
Sydney,2005,8,8655,8652,17307,2441,2434,4875,11096,11086,22182,Sydney,808299,791540,1599839,366335,400842,767177,1174634,1192382,2367016
Sydney,2005,9,8519,8509,17028,2422,2406,4828,10941,10915,21856,Sydney,815050,822851,1637901,386191,388594,774785,1201241,1211445,2412686
Sydney,2005,10,8570,8579,17149,2485,2476,4961,11055,11055,22110,Sydney,851732,842282,1694014,440647,360488,801135,1292379,1202770,2495149
Sydney,2005,11,8350,8348,16698,2392,2391,4783,10742,10739,21481,Sydney,830110,812957,1643067,376786,395538,772324,1206896,1208495,2415391
Sydney,2005,12,8259,8256,16515,2556,2553,5109,10815,10809,21624,Sydney,816383,806754,1623137,426049,479488,905537,1242432,1286242,2528674
Sydney,2006,1,7677,7697,15374,2596,2603,5199,10273,10300,20573,Sydney,805166,794957,1600123,511247,457754,969001,1316413,1252711,2569124
Sydney,2006,2,7767,7768,15535,2298,2297,4595,10065,10065,20130,Sydney,738344,733853,1472197,411471,371274,782745,1149815,1105127,2254942
Sydney,2006,3,8717,8718,17435,2496,2502,4998,11213,11220,22433,Sydney,824597,819359,1643956,378684,401512,780196,1203281,1220871,2424152
Sydney,2006,4,8155,8169,16324,2400,2391,4791,10555,10560,21115,Sydney,829796,814262,1644058,390293,425042,815335,1220089,1239304,2459393
Sydney,2006,5,8660,8711,17371,2408,2406,4814,11068,11117,22185,Sydney,800145,787082,1587227,330210,364815,695025,1130355,1151897,2282252
Sydney,2006,6,8259,8271,16530,2339,2326,4665,10598,10597,21195,Sydney,778195,775428,1553623,349258,399074,748332,1127453,1174502,2301955
Sydney,2006,7,8749,8594,17343,2470,2469,4939,11219,11063,22282,Sydney,870269,877332,1747601,469131,393768,862899,1339400,1271100,2610500
Sydney,2006,8,8792,8768,17560,2412,2405,4817,11204,11173,22377,Sydney,855423,839500,1694923,371197,400795,771992,1226620,1240295,2466915
Sydney,2006,9,8654,8659,17313,2366,2360,4726,11020,11019,22039,Sydney,874150,880207,1754357,400559,395302,795861,1274709,1275509,2550218
Sydney,2006,10,8809,8829,17638,2439,2437,4876,11248,11266,22514,Sydney,919862,924316,1844178,467976,397497,865473,1387838,1321813,2709651
Sydney,2006,11,8737,8740,17477,2394,2390,4784,11131,11130,22261,Sydney,905894,898131,1804025,407704,412837,820541,1313598,1310968,2624566
Sydney,2006,12,8473,8454,16927,2513,2505,5018,10986,10959,21945,Sydney,899097,873635,1772732,453427,505143,958570,1352524,1378778,2731302
Sydney,2007,1,8102,8145,16247,2523,2515,5038,10625,10660,21285,Sydney,865607,863803,1729410,523596,479313,1002909,1389203,1343116,2732319
Sydney,2007,2,8003,8016,16019,2295,2285,4580,10298,10301,20599,Sydney,804202,804149,1608351,431862,386756,818618,1236064,1190905,2426969
Sydney,2007,3,9056,9036,18092,2475,2459,4934,11531,11495,23026,Sydney,916442,901634,1818076,428333,444210,872543,1344775,1345844,2690619
Sydney,2007,4,8458,8448,16906,2343,2357,4700,10801,10805,21606,Sydney,890300,870655,1760955,410858,435630,846488,1301158,1306285,2607443
Sydney,2007,5,8964,8960,17924,2394,2374,4768,11358,11334,22692,Sydney,853898,842286,1696184,343849,379611,723460,1197747,1221897,2419644
Sydney,2007,6,8490,8561,17051,2368,2356,4724,10858,10917,21775,Sydney,826499,834486,1660985,372426,412629,785055,1198925,1247115,2446040
Sydney,2007,7,8872,8921,17793,2494,2479,4973,11366,11400,22766,Sydney,927254,930555,1857809,484746,411228,895974,1412000,1341783,2753783
Sydney,2007,8,9211,9236,18447,2475,2460,4935,11686,11696,23382,Sydney,922071,909550,1831621,408691,424699,833390,1330762,1334249,2665011
Sydney,2007,9,8685,8687,17372,2421,2410,4831,11106,11097,22203,Sydney,902820,897645,1800465,418230,428780,847010,1321050,1326425,2647475
Sydney,2007,10,9088,9132,18220,2493,2487,4980,11581,11619,23200,Sydney,975244,986566,1961810,493139,408634,901773,1468383,1395200,2863583
Sydney,2007,11,8854,8889,17743,2457,2453,4910,11311,11342,22653,Sydney,947058,939317,1886375,431052,437608,868660,1378110,1376925,2755035
Sydney,2007,12,8767,8804,17571,2584,2579,5163,11351,11383,22734,Sydney,938335,918679,1857014,460496,521864,982360,1398831,1440543,2839374
Sydney,2008,1,8578,8656,17234,2611,2616,5227,11189,11272,22461,Sydney,906628,910069,1816697,548467,478227,1026694,1455095,1388296,2843391
Sydney,2008,2,8743,8838,17581,2418,2419,4837,11161,11257,22418,Sydney,895723,902132,1797855,475823,411452,887275,1371546,1313584,2685130
Sydney,2008,3,9293,9332,18625,2566,2561,5127,11859,11893,23752,Sydney,979421,970095,1949516,443531,457485,901016,1422952,1427580,2850532
Sydney,2008,4,9099,9182,18281,2476,2469,4945,11575,11651,23226,Sydney,924525,923029,1847554,408788,429247,838035,1333313,1352276,2685589
Sydney,2008,5,9378,9404,18782,2520,2510,5030,11898,11914,23812,Sydney,910979,898618,1809597,375114,408669,783783,1286093,1307287,2593380
Sydney,2008,6,8840,8955,17795,2416,2408,4824,11256,11363,22619,Sydney,863582,860229,1723811,379389,415481,794870,1242971,1275710,2518681
Sydney,2008,7,9397,9448,18845,2589,2577,5166,11986,12025,24011,Sydney,967956,987362,1955318,523633,457958,981591,1491589,1445320,2936909
Sydney,2008,8,9237,9288,18525,2504,2504,5008,11741,11792,23533,Sydney,934693,923241,1857934,414252,435894,850146,1348945,1359135,2708080
Sydney,2008,9,9136,9160,18296,2410,2399,4809,11546,11559,23105,Sydney,914888,927790,1842678,399830,406094,805924,1314718,1333884,2648602
Sydney,2008,10,9533,9562,19095,2543,2531,5074,12076,12093,24169,Sydney,1009860,1016649,2026509,484575,397692,882267,1494435,1414341,2908776
Sydney,2008,11,9009,9024,18033,2509,2488,4997,11518,11512,23030,Sydney,933541,925255,1858796,418604,418200,836804,1352145,1343455,2695600
Sydney,2008,12,8853,8867,17720,2602,2590,5192,11455,11457,22912,Sydney,933356,928606,1861962,453228,511267,964495,1386584,1439873,2826457
Sydney,2009,1,8282,8302,16584,2611,2596,5207,10893,10898,21791,Sydney,917544,929969,1847513,539079,457378,996457,1456623,1387347,2843970
Sydney,2009,2,7958,7982,15940,2273,2257,4530,10231,10239,20470,Sydney,834495,839110,1673605,428010,373914,801924,1262505,1213024,2475529
Sydney,2009,3,8885,8900,17785,2491,2470,4961,11376,11370,22746,Sydney,939082,935750,1874832,410673,411020,821693,1349755,1346770,2696525
Sydney,2009,4,8536,8542,17078,2425,2408,4833,10961,10950,21911,Sydney,920109,921212,1841321,429137,441485,870622,1349246,1362697,2711943
Sydney,2009,5,8601,8606,17207,2434,2414,4848,11035,11020,22055,Sydney,863230,854928,1718158,364220,395190,759410,1227450,1250118,2477568
Sydney,2009,6,8308,8305,16613,2345,2338,4683,10653,10643,21296,Sydney,828894,819146,1648040,363355,404533,767888,1192249,1223679,2415928
Sydney,2009,7,8977,8986,17963,2571,2549,5120,11548,11535,23083,Sydney,930385,960770,1891155,494278,447070,941348,1424663,1407840,2832503
Sydney,2009,8,8770,8783,17553,2565,2541,5106,11335,11324,22659,Sydney,943864,938179,1882043,433893,430252,864145,1377757,1368431,2746188
Sydney,2009,9,8720,8763,17483,2482,2460,4942,11202,11223,22425,Sydney,956042,956379,1912421,443209,436480,879689,1399251,1392859,2792110
Sydney,2009,10,9368,9346,18714,2601,2575,5176,11969,11921,23890,Sydney,1041829,1055951,2097780,523927,451566,975493,1565756,1507517,3073273
Sydney,2009,11,9059,9066,18125,2507,2487,4994,11566,11553,23119,Sydney,1004912,997604,2002516,440305,453940,894245,1445217,1451544,2896761
Sydney,2009,12,8909,8889,17798,2763,2737,5500,11672,11626,23298,Sydney,993441,979947,1973388,498977,563379,1062356,1492418,1543326,3035744
Sydney,2010,1,8512,8539,17051,2796,2776,5572,11308,11315,22623,Sydney,938593,953550,1892143,589167,521511,1110678,1527760,1475061,3002821
Sydney,2010,2,8440,8447,16887,2447,2442,4889,10887,10889,21776,Sydney,940950,936409,1877359,474091,424962,899053,1415041,1361371,2776412
Sydney,2010,3,9618,9619,19237,2668,2641,5309,12286,12260,24546,Sydney,1024000,1027486,2051486,451545,474798,926343,1475545,1502284,2977829
Sydney,2010,4,9448,9477,18925,2517,2518,5035,11965,11995,23960,Sydney,1003151,995055,1998206,441331,445549,886880,1444482,1440604,2885086
Sydney,2010,5,9680,9696,19376,2532,2529,5061,12212,12225,24437,Sydney,954506,949785,1904291,380176,422964,803140,1334682,1372749,2707431
Sydney,2010,6,9285,9278,18563,2491,2488,4979,11776,11766,23542,Sydney,938476,929688,1868164,402125,465000,867125,1340601,1394688,2735289
Sydney,2010,7,9899,9895,19794,2678,2668,5346,12577,12563,25140,Sydney,1028127,1054596,2082723,546386,469414,1015800,1574513,1524010,3098523
Sydney,2010,8,9624,9641,19265,2619,2615,5234,12243,12256,24499,Sydney,1023426,1009868,2033294,457069,471363,928432,1480495,1481231,2961726
Sydney,2010,9,9424,9469,18893,2548,2521,5069,11972,11990,23962,Sydney,1016828,1042725,2059553,473067,489387,962454,1489895,1532112,3022007
Sydney,2010,10,9828,9837,19665,2653,2618,5271,12481,12455,24936,Sydney,1098050,1091897,2189947,549162,459725,1008887,1647212,1551622,3198834
Sydney,2010,11,9579,9592,19171,2612,2582,5194,12191,12174,24365,Sydney,1056752,1051838,2108590,465698,478625,944323,1522450,1530463,3052913
Sydney,2010,12,9692,9713,19405,2794,2763,5557,12486,12476,24962,Sydney,1073348,1055700,2129048,514182,588240,1102422,1587530,1643940,3231470
Sydney,2011,1,8982,9012,17994,2830,2824,5654,11812,11836,23648,Sydney,990667,996394,1987061,617807,541526,1159333,1608474,1537920,3146394
Sydney,2011,2,8625,8648,17273,2504,2497,5001,11129,11145,22274,Sydney,925854,929005,1854859,487786,428500,916286,1413640,1357505,2771145
Sydney,2011,3,9862,9882,19744,2743,2722,5465,12605,12604,25209,Sydney,1039009,1034790,2073799,446942,456003,902945,1485951,1490793,2976744
Sydney,2011,4,9391,9377,18768,2686,2671,5357,12077,12048,24125,Sydney,1024659,1014734,2039393,466420,499769,966189,1491079,1514503,3005582
Sydney,2011,5,9621,9654,19275,2660,2659,5319,12281,12313,24594,Sydney,978205,970336,1948541,409295,443458,852753,1387500,1413794,2801294
Sydney,2011,6,8906,8917,17823,2491,2475,4966,11397,11392,22789,Sydney,901802,905444,1807246,404433,480056,884489,1306235,1385500,2691735
Sydney,2011,7,9529,9550,19079,2800,2791,5591,12329,12341,24670,Sydney,1022596,1041581,2064177,563461,476698,1040159,1586057,1518279,3104336
Sydney,2011,8,9617,9639,19256,2749,2746,5495,12366,12385,24751,Sydney,1010698,993479,2004177,462526,475601,938127,1473224,1469080,2942304
Sydney,2011,9,9370,9394,18764,2686,2677,5363,12056,12071,24127,Sydney,993432,1015818,2009250,482585,511900,994485,1476017,1527718,3003735
Sydney,2011,10,9362,9381,18743,2827,2821,5648,12189,12202,24391,Sydney,1032168,1027640,2059808,566982,463447,1030429,1599150,1491087,3090237
Sydney,2011,11,9428,9455,18883,2716,2700,5416,12144,12155,24299,Sydney,1023583,1019531,2043114,471165,480997,952162,1494748,1500528,2995276
Sydney,2011,12,9358,9365,18723,2867,2859,5726,12225,12224,24449,Sydney,1023737,1010189,2033926,516227,594998,1111225,1539964,1605187,3145151
Sydney,2012,1,8778,8812,17590,2927,2914,5841,11705,11726,23431,Sydney,976748,994534,1971282,636764,544134,1180898,1613512,1538668,3152180
Sydney,2012,2,9108,9133,18241,2626,2628,5254,11734,11761,23495,Sydney,922882,932060,1854942,502187,438793,940980,1425069,1370853,2795922
Sydney,2012,3,9787,9781,19568,2744,2732,5476,12531,12513,25044,Sydney,1045541,1031426,2076967,473869,498448,972317,1519410,1529874,3049284
Sydney,2012,4,9472,9525,18997,2722,2706,5428,12194,12231,24425,Sydney,1002005,1002316,2004321,493981,507349,1001330,1495986,1509665,3005651
Sydney,2012,5,9618,9634,19252,2678,2676,5354,12296,12310,24606,Sydney,986288,970793,1957081,415903,460344,876247,1402191,1431137,2833328
Sydney,2012,6,9135,9121,18256,2681,2685,5366,11816,11806,23622,Sydney,946941,943508,1890449,447918,531028,978946,1394859,1474536,2869395
Sydney,2012,7,10140,10178,20318,2910,2896,5806,13050,13074,26124,Sydney,1049721,1064864,2114585,585208,491435,1076643,1634929,1556299,3191228
Sydney,2012,8,10359,10371,20730,2856,2832,5688,13215,13203,26418,Sydney,1060628,1041343,2101971,490990,513955,1004945,1551618,1555298,3106916
Sydney,2012,9,10088,10103,20191,2813,2803,5616,12901,12906,25807,Sydney,1053607,1069913,2123520,512937,543135,1056072,1566544,1613048,3179592
Sydney,2012,10,10356,10372,20728,2889,2865,5754,13245,13237,26482,Sydney,1111778,1107024,2218802,582555,480934,1063489,1694333,1587958,3282291
Sydney,2012,11,9994,10018,20012,2785,2760,5545,12779,12778,25557,Sydney,1098924,1093331,2192255,503626,522024,1025650,1602550,1615355,3217905
Sydney,2012,12,9763,9760,19523,2970,2959,5929,12733,12719,25452,Sydney,1078993,1053709,2132702,556732,634944,1191676,1635725,1688653,3324378
Sydney,2013,1,9206,9225,18431,2987,2972,5959,12193,12197,24390,Sydney,1021964,1040218,2062182,651121,559445,1210566,1673085,1599663,3272748
Sydney,2013,2,8899,8923,17822,2592,2574,5166,11491,11497,22988,Sydney,938481,940265,1878746,513791,460487,974278,1452272,1400752,2853024
Sydney,2013,3,10014,10008,20022,2881,2865,5746,12895,12873,25768,Sydney,1063795,1050688,2114483,507531,532984,1040515,1571326,1583672,3154998
Sydney,2013,4,10052,10080,20132,2828,2810,5638,12880,12890,25770,Sydney,1054470,1048890,2103360,507852,520156,1028008,1562322,1569046,3131368
Sydney,2013,5,10047,10059,20106,2772,2757,5529,12819,12816,25635,Sydney,1004327,991223,1995550,447696,488558,936254,1452023,1479781,2931804
Sydney,2013,6,9583,9588,19171,2730,2714,5444,12313,12302,24615,Sydney,972477,974320,1946797,466995,542461,1009456,1439472,1516781,2956253
Sydney,2013,7,10355,10383,20738,2981,2971,5952,13336,13354,26690,Sydney,1101767,1102001,2203768,609690,529985,1139675,1711457,1631986,3343443
Sydney,2013,8,10142,10140,20282,2875,2860,5735,13017,13000,26017,Sydney,1076609,1058103,2134712,523344,542194,1065538,1599953,1600297,3200250
Sydney,2013,9,10166,10200,20366,2885,2868,5753,13051,13068,26119,Sydney,1042028,1061600,2103628,536112,561318,1097430,1578140,1622918,3201058
Sydney,2013,10,10474,10476,20950,3000,2981,5981,13474,13457,26931,Sydney,1149680,1144501,2294181,610674,497724,1108398,1760354,1642225,3402579
Sydney,2013,11,9875,9871,19746,2908,2896,5804,12783,12767,25550,Sydney,1088671,1080518,2169189,530129,542880,1073009,1618800,1623398,3242198
Sydney,2013,12,9892,9892,19784,3105,3088,6193,12997,12980,25977,Sydney,1113579,1096486,2210065,578786,671972,1250758,1692365,1768458,3460823
Sydney,2014,1,9313,9305,18618,3115,3101,6216,12428,12406,24834,Sydney,1065915,1082908,2148823,698668,608317,1306985,1764583,1691225,3455808
Sydney,2014,2,8793,8808,17601,2688,2668,5356,11481,11476,22957,Sydney,966175,953742,1919917,541240,495993,1037233,1507415,1449735,2957150
Sydney,2014,3,9938,9958,19896,2983,2961,5944,12921,12919,25840,Sydney,1075212,1065090,2140302,513803,530525,1044328,1589015,1595615,3184630
Sydney,2014,4,9832,9847,19679,2904,2893,5797,12736,12740,25476,Sydney,1054858,1046448,2101306,526287,566949,1093236,1581145,1613397,3194542
Sydney,2014,5,10015,10014,20029,2798,2784,5582,12813,12798,25611,Sydney,1017429,1001898,2019327,483268,509089,992357,1500697,1510987,3011684
Sydney,2014,6,9560,9571,19131,2796,2775,5571,12356,12346,24702,Sydney,972837,972810,1945647,463814,565678,1029492,1436651,1538488,2975139
Sydney,2014,7,10232,10229,20461,2989,2967,5956,13221,13196,26417,Sydney,1088070,1090076,2178146,613345,528745,1142090,1701415,1618821,3320236
Sydney,2014,8,9989,9988,19977,2909,2901,5810,12898,12889,25787,Sydney,1072351,1056340,2128691,524448,551983,1076431,1596799,1608323,3205122
Sydney,2014,9,10077,10073,20150,2838,2836,5674,12915,12909,25824,Sydney,1057089,1070473,2127562,535529,554031,1089560,1592618,1624504,3217122
Sydney,2014,10,10398,10405,20803,2948,2934,5882,13346,13339,26685,Sydney,1174641,1172420,2347061,616131,519670,1135801,1790772,1692090,3482862
Sydney,2014,11,9679,9697,19376,2790,2784,5574,12469,12481,24950,Sydney,1088111,1083123,2171234,542097,546503,1088600,1630208,1629626,3259834
Sydney,2014,12,9877,9910,19787,3095,3090,6185,12972,13000,25972,Sydney,1100833,1088258,2189091,593553,686169,1279722,1694386,1774427,3468813
Sydney,2015,1,9350,9429,18779,3134,3128,6262,12484,12557,25041,Sydney,1039522,1046901,2086423,711721,614666,1326387,1751243,1661567,3412810
Sydney,2015,2,9048,9059,18107,2626,2624,5250,11674,11683,23357,Sydney,973110,970584,1943694,563101,503262,1066363,1536211,1473846,3010057
Sydney,2015,3,10287,10324,20611,2855,2845,5700,13142,13169,26311,Sydney,1105157,1095693,2200850,557245,579473,1136718,1662402,1675166,3337568
Sydney,2015,4,9911,9934,19845,2789,2784,5573,12700,12718,25418,Sydney,1056659,1058151,2114810,547174,551891,1099065,1603833,1610042,3213875
Sydney,2015,5,10079,10110,20189,2725,2717,5442,12804,12827,25631,Sydney,1029545,1017224,2046769,488608,519255,1007863,1518153,1536479,3054632
Sydney,2015,6,9986,10009,19995,2698,2699,5397,12684,12708,25392,Sydney,983350,995667,1979017,487652,572404,1060056,1471002,1568071,3039073
Sydney,2015,7,10618,10650,21268,2940,2929,5869,13558,13579,27137,Sydney,1134247,1139638,2273885,643544,567433,1210977,1777791,1707071,3484862
Sydney,2015,8,10430,10432,20862,2795,2798,5593,13225,13230,26455,Sydney,1080332,1065663,2145995,553594,567291,1120885,1633926,1632954,3266880
Sydney,2015,9,10437,10450,20887,2744,2735,5479,13181,13185,26366,Sydney,1087857,1109278,2197135,572834,579569,1152403,1660691,1688847,3349538
Sydney,2015,10,10653,10644,21297,2877,2872,5749,13530,13516,27046,Sydney,1176002,1166705,2342707,639213,552224,1191437,1815215,1718929,3534144
Sydney,2015,11,10191,10239,20430,2829,2809,5638,13020,13048,26068,Sydney,1135940,1126558,2262498,570432,579909,1150341,1706372,1706467,3412839
Sydney,2015,12,10236,10242,20478,3256,3245,6501,13492,13487,26979,Sydney,1157667,1146169,2303836,643342,745391,1388733,1801009,1891560,3692569
Sydney,2016,1,9548,9598,19146,3333,3326,6659,12881,12924,25805,Sydney,1104447,1113703,2218150,781878,675908,1457786,1886325,1789611,3675936
Sydney,2016,2,9829,9853,19682,2899,2889,5788,12728,12742,25470,Sydney,1056881,1054242,2111123,636639,567917,1204556,1693520,1622159,3315679
Sydney,2016,3,10554,10576,21130,3099,3090,6189,13653,13666,27319,Sydney,1162751,1135735,2298486,601343,625198,1226541,1764094,1760933,3525027
Sydney,2016,4,10138,10180,20318,3013,3006,6019,13151,13186,26337,Sydney,1105980,1120670,2226650,602761,612185,1214946,1708741,1732855,3441596
Sydney,2016,5,10103,10152,20255,2948,2952,5900,13051,13104,26155,Sydney,1072295,1055096,2127391,526968,555830,1082798,1599263,1610926,3210189
Sydney,2016,6,9706,9748,19454,2943,2932,5875,12649,12680,25329,Sydney,1032639,1022740,2055379,524116,616675,1140791,1556755,1639415,3196170
Sydney,2016,7,10579,10620,21199,3248,3246,6494,13827,13866,27693,Sydney,1154741,1177544,2332285,719961,627148,1347109,1874702,1804692,3679394
Sydney,2016,8,10624,10646,21270,3110,3115,6225,13734,13761,27495,Sydney,1112898,1096154,2209052,601925,608827,1210752,1714823,1704981,3419804
Sydney,2016,9,10459,10491,20950,3026,3021,6047,13485,13512,26997,Sydney,1125415,1159911,2285326,617389,630118,1247507,1742804,1790029,3532833
Sydney,2016,10,10541,10566,21107,3154,3151,6305,13695,13717,27412,Sydney,1202970,1174544,2377514,693223,588318,1281541,1896193,1762862,3659055
Sydney,2016,11,10331,10350,20681,3052,3051,6103,13383,13401,26784,Sydney,1170274,1167166,2337440,605826,622927,1228753,1776100,1790093,3566193
Sydney,2016,12,10216,10234,20450,3390,3380,6770,13606,13614,27220,Sydney,1162146,1165002,2327148,681661,787236,1468897,1843807,1952238,3796045
Sydney,2017,1,9584,9647,19231,3496,3485,6981,13080,13132,26212,Sydney,1127330,1128197,2255527,835438,724531,1559969,1962768,1852728,3815496
Sydney,2017,2,9486,9508,18994,2966,2958,5924,12452,12466,24918,Sydney,1029813,1028231,2058044,655651,570218,1225869,1685464,1598449,3283913
Sydney,2017,3,10505,10528,21033,3220,3211,6431,13725,13739,27464,Sydney,1174197,1156629,2330826,614723,629062,1243785,1788920,1785691,3574611
Sydney,2017,4,9921,9955,19876,3167,3158,6325,13088,13113,26201,Sydney,1120311,1122762,2243073,664691,681401,1346092,1785002,1804163,3589165
Sydney,2017,5,10208,10239,20447,3067,3069,6136,13275,13308,26583,Sydney,1095571,1085506,2181077,562979,593638,1156617,1658550,1679144,3337694
Sydney,2017,6,9745,9783,19528,3112,3105,6217,12857,12888,25745,Sydney,1060307,1056841,2117148,569557,673314,1242871,1629864,1730155,3360019
Sydney,2017,7,10518,10554,21072,3650,3652,7302,14168,14206,28374,Sydney,1180867,1187367,2368234,760491,662542,1423033,1941358,1849909,3791267
Sydney,2017,8,10413,10421,20834,3228,3229,6457,13641,13650,27291,Sydney,1125981,1110360,2236341,644683,655860,1300543,1770664,1766220,3536884
Sydney,2017,9,10011,10023,20034,3148,3145,6293,13159,13168,26327,Sydney,1120569,1149275,2269844,657428,669922,1327350,1777997,1819197,3597194
Sydney,2017,10,10467,10488,20955,3260,3255,6515,13727,13743,27470,Sydney,1234112,1210014,2444126,727017,618485,1345502,1961129,1828499,3789628
Sydney,2017,11,10254,10258,20512,3162,3161,6323,13416,13419,26835,Sydney,1206765,1204038,2410803,644589,666967,1311556,1851354,1871005,3722359
Sydney,2017,12,9910,9922,19832,3514,3507,7021,13424,13429,26853,Sydney,1186961,1189870,2376831,720485,834514,1554999,1907446,2024384,3931830
Sydney,2018,1,9462,9505,18967,3587,3582,7169,13049,13087,26136,Sydney,1153562,1141771,2295333,852699,733634,1586333,2006261,1875405,3881666
Sydney,2018,2,9304,9319,18623,3112,3108,6220,12416,12427,24843,Sydney,1065983,1071878,2137861,696311,617701,1314012,1762294,1689579,3451873
Sydney,2018,3,10365,10362,20727,3391,3381,6772,13756,13743,27499,Sydney,1207474,1205485,2412959,676261,692921,1369182,1883735,1898406,3782141
Sydney,2018,4,9897,9933,19830,3326,3323,6649,13223,13256,26479,Sydney,1164271,1149887,2314158,672810,700606,1373416,1837081,1850493,3687574
Sydney,2018,5,10057,10061,20118,3267,3265,6532,13324,13326,26650,Sydney,1115328,1093690,2209018,605693,624178,1229871,1721021,1717868,3438889
Sydney,2018,6,9554,9567,19121,3218,3207,6425,12772,12774,25546,Sydney,1075953,1052376,2128329,592992,702206,1295198,1668945,1754582,3423527
Sydney,2018,7,10325,10397,20722,3547,3539,7086,13872,13936,27808,Sydney,1185423,1217202,2402625,793662,696321,1489983,1979085,1913523,3892608
Sydney,2018,8,10239,10264,20503,3390,3381,6771,13629,13645,27274,Sydney,1169183,1156881,2326064,675440,686667,1362107,1844623,1843548,3688171
Sydney,2018,9,9947,9955,19902,3265,3265,6530,13212,13220,26432,Sydney,1127214,1132581,2259795,672762,684833,1357595,1799976,1817414,3617390
Sydney,2018,10,10630,10683,21313,3448,3448,6896,14078,14131,28209,Sydney,1241043,1241669,2482712,779641,656652,1436293,2020684,1898321,3919005
Sydney,2018,11,10062,10088,20150,3380,3382,6762,13442,13470,26912,Sydney,1190236,1191362,2381598,663086,684189,1347275,1853322,1875551,3728873
Sydney,2018,12,9694,9699,19393,3696,3699,7395,13390,13398,26788,Sydney,1155410,1161411,2316821,734848,866372,1601220,1890258,2027783,3918041
Sydney,2019,1,9444,9482,18926,3769,3764,7533,13213,13246,26459,Sydney,1151296,1138031,2289327,887489,768912,1656401,2038785,1906943,3945728
Sydney,2019,2,9330,9342,18672,3185,3191,6376,12515,12533,25048,Sydney,1041047,1041948,2082995,707952,612960,1320912,1748999,1654908,3403907
Sydney,2019,3,10319,10343,20662,3434,3430,6864,13753,13773,27526,Sydney,1168035,1163665,2331700,656438,672111,1328549,1824473,1835776,3660249
Sydney,2019,4,10086,10104,20190,3366,3379,6745,13452,13483,26935,Sydney,1143091,1140011,2283102,681293,719809,1401102,1824384,1859820,3684204
Sydney,2019,5,10311,10339,20650,3296,3298,6594,13607,13637,27244,Sydney,1112636,1105077,2217713,641103,658543,1299646,1753739,1763620,3517359
Sydney,2019,6,9681,9698,19379,3261,3260,6521,12942,12958,25900,Sydney,1056674,1037459,2094133,609046,697055,1306101,1665720,1734514,3400234
Sydney,2019,7,10668,10690,21358,3494,3493,6987,14162,14183,28345,Sydney,1179466,1208057,2387523,758328,692756,1451084,1937794,1900813,3838607
Sydney,2019,8,10140,10150,20290,3352,3354,6706,13492,13504,26996,Sydney,1154302,1141216,2295518,688054,695834,1383888,1842356,1837050,3679406
Sydney,2019,9,10203,10253,20456,3274,3267,6541,13477,13520,26997,Sydney,1138830,1146456,2285286,668842,689778,1358620,1807672,1836234,3643906
Sydney,2019,10,10827,10830,21657,3447,3450,6897,14274,14280,28554,Sydney,1276535,1267353,2543888,759129,665258,1424387,2035664,1932611,3968275
Sydney,2019,11,10138,10118,20256,3348,3345,6693,13486,13463,26949,Sydney,1190189,1188233,2378422,677641,682256,1359897,1867830,1870489,3738319
Sydney,2019,12,9872,9908,19780,3706,3705,7411,13578,13613,27191,Sydney,1167955,1180842,2348797,728207,871647,1599854,1896162,2052489,3948651
Sydney,2020,1,9316,9372,18688,3776,3771,7547,13092,13143,26235,Sydney,1142353,1131604,2273957,877231,775800,1653031,2019584,1907404,3926988
Sydney,2020,2,9296,9298,18594,2986,2983,5969,12282,12281,24563,Sydney,1003957,983714,1987671,595097,506896,1101993,1599054,1490610,3089664
Sydney,2020,3,7983,8011,15994,2340,2336,4676,10323,10347,20670,Sydney,657237,661525,1318762,341102,344459,685561,998339,1005984,2004323
Sydney,2020,4,981,981,1962,783,778,1561,1764,1759,3523,Sydney,28082,20096,48178,7751,33619,41370,35833,53715,89548
Sydney,2020,5,851,870,1721,932,907,1839,1783,1777,3560,Sydney,33504,28774,62278,10119,20218,30337,43623,48992,92615
Sydney,2020,6,1226,1243,2469,905,901,1806,2131,2144,4275,Sydney,74605,65547,140152,12537,21934,34471,87142,87481,174623
Sydney,2020,7,1993,1990,3983,926,911,1837,2919,2901,5820,Sydney,134227,140497,274724,12877,29798,42675,147104,170295,317399
Sydney,2020,8,1329,1322,2651,1032,1003,2035,2361,2325,4686,Sydney,55176,35022,90198,9825,28770,38595,65001,63792,128793
Sydney,2020,9,1364,1347,2711,990,968,1958,2354,2315,4669,Sydney,51249,45899,97148,10035,24897,34932,61284,70796,132080
Sydney,2020,10,1812,1772,3584,1115,1096,2211,2927,2868,5795,Sydney,96350,89142,185492,13108,23983,37091,109458,113125,222583
Sydney,2020,11,2425,2433,4858,1167,1146,2313,3592,3579,7171,Sydney,158324,148823,307147,15900,24368,40268,174224,173191,347415
Sydney,2020,12,4313,4334,8647,1183,1178,2361,5496,5512,11008,Sydney,322699,336374,659073,16152,26436,42588,338851,362810,701661
Sydney,2021,1,2155,2150,4305,1103,1096,2199,3258,3246,6504,Sydney,114029,82773,196802,11032,20684,31716,125061,103457,228518
Sydney,2021,2,3635,3644,7279,944,936,1880,4579,4580,9159,Sydney,292959,302746,595705,9983,14635,24618,302942,317381,620323
Sydney,2021,3,6332,6359,12691,1078,1068,2146,7410,7427,14837,Sydney,556632,564536,1121168,13957,15381,29338,570589,579917,1150506
Sydney,2021,4,7573,7581,15154,1132,1114,2246,8705,8695,17400,Sydney,750556,738789,1489345,21742,27003,48745,772298,765792,1538090
Sydney,2021,5,7677,7692,15369,1324,1311,2635,9001,9003,18004,Sydney,676101,671249,1347350,41234,42708,83942,717335,713957,1431292
Sydney,2021,6,5999,5998,11997,1231,1210,2441,7230,7208,14438,Sydney,453658,451817,905475,39699,40536,80235,493357,492353,985710
Sydney,2021,7,1888,1879,3767,1113,1094,2207,3001,2973,5974,Sydney,40553,27111,67664,12380,19811,32191,52933,46922,99855
Sydney,2021,8,1218,1204,2422,1122,1094,2216,2340,2298,4638,Sydney,13222,11544,24766,7955,18448,26403,21177,29992,51169
Sydney,2021,9,1167,1166,2333,1098,1054,2152,2265,2220,4485,Sydney,12745,9916,22661,4410,14062,18472,17155,23978,41133
Sydney,2021,10,1226,1228,2454,1132,1106,2238,2358,2334,4692,Sydney,25530,19808,45338,3662,15753,19415,29192,35561,64753
Sydney,2021,11,3252,3255,6507,1241,1223,2464,4493,4478,8971,Sydney,205713,200654,406367,42178,49870,92048,247891,250524,498415
Sydney,2021,12,6500,6488,12988,1434,1407,2841,7934,7895,15829,Sydney,454384,494734,949118,112764,129642,242406,567148,624376,1191524
Sydney,2022,1,5946,5964,11910,1512,1470,2982,7458,7434,14892,Sydney,485546,464651,950197,153721,103167,256888,639267,567818,1207085
Sydney,2022,2,5544,5541,11085,1402,1366,2768,6946,6907,13853,Sydney,494968,506011,1000979,134032,88762,222794,629000,594773,1223773
Sydney,2022,3,7726,7736,15462,1655,1626,3281,9381,9362,18743,Sydney,749213,751972,1501185,177024,160206,337230,926237,912178,1838415
Sydney,2022,4,9314,9316,18630,1768,1761,3529,11082,11077,22159,Sydney,971618,965691,1937309,259434,279098,538532,1231052,1244789,2475841
Sydney,2022,5,9598,9630,19228,1833,1832,3665,11431,11462,22893,Sydney,917829,913466,1831295,287411,289660,577071,1205240,1203126,2408366
Sydney,2022,6,9026,9027,18053,1937,1924,3861,10963,10951,21914,Sydney,939255,934024,1873279,319268,376620,695888,1258523,1310644,2569167
Sydney,2022,7,9203,9236,18439,2296,2283,4579,11499,11519,23018,Sydney,991750,998766,1990516,449878,404429,854307,1441628,1403195,2844823
Sydney,2022,8,9181,9187,18368,2279,2275,4554,11460,11462,22922,Sydney,934771,926384,1861155,420285,385639,805924,1355056,1312023,2667079
Sydney,2022,9,8725,8719,17444,2231,2230,4461,10956,10949,21905,Sydney,962376,987040,1949416,433437,429297,862734,1395813,1416337,2812150
Sydney,2022,10,8990,8988,17978,2410,2405,4815,11400,11393,22793,Sydney,1037067,1008502,2045569,491670,415469,907139,1528737,1423971,2952708
Sydney,2022,11,9065,9086,18151,2594,2593,5187,11659,11679,23338,Sydney,1002829,992588,1995417,484849,489552,974401,1487678,1482140,2969818
Sydney,2022,12,9127,9125,18252,2886,2879,5765,12013,12004,24017,Sydney,964858,971746,1936604,529261,621131,1150392,1494119,1592877,3086996
Sydney,2023,1,8752,8787,17539,2991,3001,5992,11743,11788,23531,Sydney,948915,939497,1888412,671268,574067,1245335,1620183,1513564,3133747
Sydney,2023,2,8526,8544,17070,2648,2643,5291,11174,11187,22361,Sydney,861434,863783,1725217,566934,453954,1020888,1428368,1317737,2746105
Sydney,2023,3,9734,9778,19512,2918,2913,5831,12652,12691,25343,Sydney,1031011,1047451,2078462,551400,551878,1103278,1582411,1599329,3181740
Sydney,2023,4,9099,9106,18205,2956,2940,5896,12055,12046,24101,Sydney,989792,971078,1960870,560311,570535,1130846,1550103,1541613,3091716
Sydney,2023,5,9440,9468,18908,2953,2938,5891,12393,12406,24799,Sydney,966916,964192,1931108,534733,553471,1088204,1501649,1517663,3019312
Sydney,2023,6,9087,9103,18190,3019,3001,6020,12106,12104,24210,Sydney,953000,941898,1894898,543365,626860,1170225,1496365,1568758,3065123
Sydney,2023,7,9473,9492,18965,3260,3264,6524,12733,12756,25489,Sydney,1025041,1047334,2072375,705713,602013,1307726,1730754,1649347,3380101
Sydney,2023,8,9559,9571,19130,3216,3219,6435,12775,12790,25565,Sydney,1017021,1001240,2018261,624566,612723,1237289,1641587,1613963,3255550
Sydney,2023,9,9301,9323,18624,3154,3150,6304,12455,12473,24928,Sydney,1035511,1058562,2094073,638554,640991,1279545,1674065,1699553,3373618
Sydney,2023,10,9449,9469,18918,3219,3202,6421,12668,12671,25339,Sydney,1106033,1077919,2183952,695855,594999,1290854,1801888,1672918,3474806
Sydney,2023,11,9086,9100,18186,3263,3256,6519,12349,12356,24705,Sydney,1080530,1067998,2148528,624043,641640,1265683,1704573,1709638,3414211
Sydney,2023,12,8959,8971,17930,3740,3726,7466,12699,12697,25396,Sydney,1039226,1043350,2082576,680443,818725,1499168,1719669,1862075,3581744
Sydney,2024,1,8854,8887,17741,3770,3762,7532,12624,12649,25273,Sydney,1015444,1015279,2030723,853678,701745,1555423,1869122,1717024,3586146
Sydney,2024,2,8619,8615,17234,3254,3248,6502,11873,11863,23736,Sydney,999591,991141,1990732,708756,597237,1305993,1708347,1588378,3296725
Sydney,2024,3,9310,9322,18632,3375,3380,6755,12685,12702,25387,Sydney,1069650,1063723,2133373,633865,672069,1305934,1703515,1735792,3439307
Sydney,2024,4,9304,9304,18608,3259,3251,6510,12563,12555,25118,Sydney,1020395,1027326,2047721,646591,663606,1310197,1666986,1690932,3357918
Sydney,2024,5,9409,9425,18834,3221,3202,6423,12630,12627,25257,Sydney,1010450,996124,2006574,599358,617617,1216975,1609808,1613741,3223549
Sydney,2024,6,8793,8803,17596,3157,3158,6315,11950,11961,23911,Sydney,969690,941819,1911509,589647,683744,1273391,1559337,1625563,3184900
Sydney,2024,7,9575,9625,19200,3386,3379,6765,12961,13004,25965,Sydney,1046005,1085587,2131592,746729,648790,1395519,1792734,1734377,3527111
Sydney,2024,8,8986,9000,17986,3287,3284,6571,12273,12284,24557,Sydney,1043441,1026873,2070314,641894,658433,1300327,1685335,1685306,3370641
Sydney,2024,9,8945,8971,17916,3210,3204,6414,12155,12175,24330,Sydney,1041837,1049191,2091028,668361,694792,1363153,1710198,1743983,3454181
Sydney,2024,10,9399,9425,18824,3340,3329,6669,12739,12754,25493,Sydney,1161905,1144870,2306775,753747,655141,1408888,1915652,1800011,3715663
Sydney,2024,11,8795,8781,17576,3321,3315,6636,12116,12096,24212,Sydney,1092224,1084473,2176697,668969,699082,1368051,1761193,1783555,3544748
Sydney,2024,12,8727,8745,17472,3687,3684,7371,12414,12429,24843,Sydney,1076107,1083747,2159854,720211,879579,1599790,1796318,1963326,3759644
Sydney,2025,1,8259,8292,16551,3824,3810,7634,12083,12102,24185,Sydney,1065796,1070652,2136448,912257,789368,1701625,1978053,1860020,3838073
Sydney,2025,2,7861,7874,15735,3231,3216,6447,11092,11090,22182,Sydney,948000,928841,1876841,730795,590082,1320877,1678795,1518923,3197718
Sydney,2025,3,8623,8643,17266,3378,3339,6717,12001,11982,23983,Sydney,1029027,1032150,2061177,655331,659931,1315262,1684358,1692081,3376439
Sydney,2025,4,8914,8945,17859,3318,3283,6601,12232,12228,24460,Sydney,1063493,1067978,2131471,670335,720564,1390899,1733828,1788542,3522370
Sydney,2025,5,8864,8866,17730,3272,3231,6503,12136,12097,24233,Sydney,1021289,1011431,2032720,640137,648323,1288460,1661426,1659754,3321180
Sydney,2025,6,8516,8539,17055,3280,3231,6511,11796,11770,23566,Sydney,962779,956845,1919624,610293,688177,1298470,1573072,1645022,3218094
Townsville,1985,1,694,689,1383,9,10,19,703,699,1402,Townsville,39736,38836,78572,1358,990,2348,41094,39826,80920
Townsville,1985,2,623,625,1248,8,8,16,631,633,1264,Townsville,27330,27425,54755,849,825,1674,28179,28250,56429
Townsville,1985,3,710,715,1425,8,8,16,718,723,1441,Townsville,33913,33861,67774,808,748,1556,34721,34609,69330
Townsville,1985,4,682,688,1370,9,9,18,691,697,1388,Townsville,35619,34814,70433,869,952,1821,36488,35766,72254
Townsville,1985,5,795,799,1594,9,9,18,804,808,1612,Townsville,41194,40990,82184,1146,892,2038,42340,41882,84222
Townsville,1985,6,733,735,1468,8,8,16,741,743,1484,Townsville,39653,39529,79182,1299,1208,2507,40952,40737,81689
Townsville,1985,7,792,791,1583,10,10,20,802,801,1603,Townsville,44583,44332,88915,1957,1353,3310,46540,45685,92225
Townsville,1985,8,779,778,1557,8,8,16,787,786,1573,Townsville,49148,48552,97700,1031,1142,2173,50179,49694,99873
Townsville,1985,9,764,772,1536,9,8,17,773,780,1553,Townsville,45118,47448,92566,956,1041,1997,46074,48489,94563
Townsville,1985,10,732,737,1469,9,10,19,741,747,1488,Townsville,45357,45607,90964,1123,1014,2137,46480,46621,93101
Townsville,1985,11,741,741,1482,8,8,16,749,749,1498,Townsville,40173,40860,81033,712,930,1642,40885,41790,82675
Townsville,1985,12,746,740,1486,9,9,18,755,749,1504,Townsville,39808,41305,81113,874,1461,2335,40682,42766,83448
Townsville,1986,1,706,717,1423,9,9,18,715,726,1441,Townsville,42868,41945,84813,1613,1015,2628,44481,42960,87441
Townsville,1986,2,566,570,1136,8,8,16,574,578,1152,Townsville,30630,30780,61410,735,707,1442,31365,31487,62852
Townsville,1986,3,677,679,1356,8,8,16,685,687,1372,Townsville,38188,38193,76381,931,759,1690,39119,38952,78071
Townsville,1986,4,653,641,1294,13,13,26,666,654,1320,Townsville,40102,38860,78962,855,921,1776,40957,39781,80738
Townsville,1986,5,764,752,1516,16,15,31,780,767,1547,Townsville,43146,42692,85838,1060,1053,2113,44206,43745,87951
Townsville,1986,6,693,694,1387,17,16,33,710,710,1420,Townsville,41880,42013,83893,1677,1241,2918,43557,43254,86811
Townsville,1986,7,731,730,1461,14,14,28,745,744,1489,Townsville,46926,46532,93458,1683,1321,3004,48609,47853,96462
Townsville,1986,8,771,748,1519,14,14,28,785,762,1547,Townsville,49942,49533,99475,1461,1683,3144,51403,51216,102619
Townsville,1986,9,738,714,1452,16,15,31,754,729,1483,Townsville,41574,43988,85562,1254,1539,2793,42828,45527,88355
Townsville,1986,10,780,753,1533,13,13,26,793,766,1559,Townsville,43626,43397,87023,1344,1273,2617,44970,44670,89640
Townsville,1986,11,750,720,1470,13,14,27,763,734,1497,Townsville,39255,39825,79080,1366,1431,2797,40621,41256,81877
Townsville,1986,12,755,734,1489,13,13,26,768,747,1515,Townsville,36608,38421,75029,1192,1531,2723,37800,39952,77752
Townsville,1987,1,733,715,1448,14,16,30,747,731,1478,Townsville,39181,38335,77516,1476,1326,2802,40657,39661,80318
Townsville,1987,2,638,628,1266,12,12,24,650,640,1290,Townsville,32502,32708,65210,823,838,1661,33325,33546,66871
Townsville,1987,3,721,700,1421,12,12,24,733,712,1445,Townsville,37211,37068,74279,926,970,1896,38137,38038,76175
Townsville,1987,4,720,694,1414,11,10,21,731,704,1435,Townsville,40508,40282,80790,942,744,1686,41450,41026,82476
Townsville,1987,5,773,748,1521,9,12,21,782,760,1542,Townsville,41483,41249,82732,1066,1160,2226,42549,42409,84958
Townsville,1987,6,677,671,1348,8,8,16,685,679,1364,Townsville,40886,40144,81030,982,768,1750,41868,40912,82780
Townsville,1987,7,724,721,1445,9,9,18,733,730,1463,Townsville,46504,46960,93464,1147,967,2114,47651,47927,95578
Townsville,1987,8,708,704,1412,9,9,18,717,713,1430,Townsville,45007,45254,90261,1088,1175,2263,46095,46429,92524
Townsville,1987,9,687,688,1375,12,12,24,699,700,1399,Townsville,41241,42421,83662,923,1205,2128,42164,43626,85790
Townsville,1987,10,713,715,1428,14,14,28,727,729,1456,Townsville,44126,44566,88692,1290,1069,2359,45416,45635,91051
Townsville,1987,11,636,634,1270,13,13,26,649,647,1296,Townsville,41208,42416,83624,842,899,1741,42050,43315,85365
Townsville,1987,12,640,639,1279,13,12,25,653,651,1304,Townsville,37450,38974,76424,778,825,1603,38228,39799,78027
Townsville,1988,1,629,625,1254,19,20,39,648,645,1293,Townsville,40267,39141,79408,1097,958,2055,41364,40099,81463
Townsville,1988,2,566,565,1131,12,13,25,578,578,1156,Townsville,34926,34627,69553,670,706,1376,35596,35333,70929
Townsville,1988,3,660,657,1317,13,12,25,673,669,1342,Townsville,40661,40960,81621,824,663,1487,41485,41623,83108
Townsville,1988,4,741,672,1413,15,15,30,756,687,1443,Townsville,37677,37552,75229,863,753,1616,38540,38305,76845
Townsville,1988,5,724,721,1445,14,14,28,738,735,1473,Townsville,41309,41137,82446,893,734,1627,42202,41871,84073
Townsville,1988,6,704,699,1403,12,12,24,716,711,1427,Townsville,40659,39971,80630,1083,730,1813,41742,40701,82443
Townsville,1988,7,727,725,1452,14,14,28,741,739,1480,Townsville,46801,46272,93073,1292,895,2187,48093,47167,95260
Townsville,1988,8,721,716,1437,14,15,29,735,731,1466,Townsville,45260,46155,91415,1124,1026,2150,46384,47181,93565
Townsville,1988,9,749,724,1473,15,14,29,764,738,1502,Townsville,44594,45196,89790,1107,1181,2288,45701,46377,92078
Townsville,1988,10,736,754,1490,13,15,28,749,769,1518,Townsville,40936,41469,82405,966,1046,2012,41902,42515,84417
Townsville,1988,11,676,688,1364,19,18,37,695,706,1401,Townsville,33391,34393,67784,630,806,1436,34021,35199,69220
Townsville,1988,12,703,693,1396,26,24,50,729,717,1446,Townsville,34199,35056,69255,874,1053,1927,35073,36109,71182
Townsville,1989,1,679,671,1350,21,22,43,700,693,1393,Townsville,35788,34845,70633,932,830,1762,36720,35675,72395
Townsville,1989,2,608,638,1246,21,21,42,629,659,1288,Townsville,28836,29165,58001,700,692,1392,29536,29857,59393
Townsville,1989,3,684,691,1375,24,24,48,708,715,1423,Townsville,35106,34885,69991,661,748,1409,35767,35633,71400
Townsville,1989,4,701,713,1414,23,22,45,724,735,1459,Townsville,31989,32280,64269,782,734,1516,32771,33014,65785
Townsville,1989,5,743,805,1548,22,22,44,765,827,1592,Townsville,30286,29883,60169,595,723,1318,30881,30606,61487
Townsville,1989,6,703,707,1410,23,24,47,726,731,1457,Townsville,35669,34007,69676,897,859,1756,36566,34866,71432
Townsville,1989,7,714,718,1432,24,23,47,738,741,1479,Townsville,36028,36678,72706,1115,960,2075,37143,37638,74781
Townsville,1989,8,551,550,1101,21,20,41,572,570,1142,Townsville,21336,21805,43141,849,835,1684,22185,22640,44825
Townsville,1989,9,314,318,632,23,24,47,337,342,679,Townsville,6650,6590,13240,981,1145,2126,7631,7735,15366
Townsville,1989,10,348,357,705,21,20,41,369,377,746,Townsville,8879,8956,17835,779,807,1586,9658,9763,19421
Townsville,1989,11,306,304,610,18,17,35,324,321,645,Townsville,9084,8793,17877,682,658,1340,9766,9451,19217
Townsville,1989,12,314,311,625,14,15,29,328,326,654,Townsville,10555,11572,22127,766,1062,1828,11321,12634,23955
Townsville,1990,1,347,343,690,12,12,24,359,355,714,Townsville,16614,15616,32230,899,775,1674,17513,16391,33904
Townsville,1990,2,365,357,722,12,12,24,377,369,746,Townsville,17247,17337,34584,701,611,1312,17948,17948,35896
Townsville,1990,3,426,431,857,16,15,31,442,446,888,Townsville,20316,20687,41003,901,895,1796,21217,21582,42799
Townsville,1990,4,460,458,918,12,13,25,472,471,943,Townsville,23459,23051,46510,769,815,1584,24228,23866,48094
Townsville,1990,5,490,489,979,13,13,26,503,502,1005,Townsville,22457,22076,44533,789,705,1494,23246,22781,46027
Townsville,1990,6,530,533,1063,14,14,28,544,547,1091,Townsville,24832,24215,49047,890,924,1814,25722,25139,50861
Townsville,1990,7,534,533,1067,13,14,27,547,547,1094,Townsville,26227,26019,52246,897,817,1714,27124,26836,53960
Townsville,1990,8,549,548,1097,13,13,26,562,561,1123,Townsville,25114,25604,50718,741,850,1591,25855,26454,52309
Townsville,1990,9,516,519,1035,16,15,31,532,534,1066,Townsville,24763,24646,49409,831,993,1824,25594,25639,51233
Townsville,1990,10,538,535,1073,13,13,26,551,548,1099,Townsville,21939,22436,44375,623,694,1317,22562,23130,45692
Townsville,1990,11,488,482,970,13,13,26,501,495,996,Townsville,16891,17142,34033,428,386,814,17319,17528,34847
Townsville,1990,12,429,424,853,14,14,28,443,438,881,Townsville,17343,19025,36368,491,680,1171,17834,19705,37539
Townsville,1991,1,641,640,1281,18,18,36,659,658,1317,Townsville,22049,21634,43683,669,416,1085,22718,22050,44768
Townsville,1991,2,575,575,1150,12,12,24,587,587,1174,Townsville,18533,19140,37673,491,396,887,19024,19536,38560
Townsville,1991,3,644,645,1289,14,14,28,658,659,1317,Townsville,18794,18883,37677,461,447,908,19255,19330,38585
Townsville,1991,4,608,609,1217,0,0,0,608,609,1217,Townsville,18443,17866,36309,0,0,0,18443,17866,36309
Townsville,1991,5,618,617,1235,0,0,0,618,617,1235,Townsville,18889,18898,37787,0,0,0,18889,18898,37787
Townsville,1991,6,607,606,1213,0,0,0,607,606,1213,Townsville,20642,19604,40246,0,0,0,20642,19604,40246
Townsville,1991,7,630,629,1259,0,0,0,630,629,1259,Townsville,22673,22330,45003,0,0,0,22673,22330,45003
Townsville,1991,8,657,651,1308,0,0,0,657,651,1308,Townsville,22059,22875,44934,0,0,0,22059,22875,44934
Townsville,1991,9,606,603,1209,0,0,0,606,603,1209,Townsville,22764,23030,45794,0,0,0,22764,23030,45794
Townsville,1991,10,631,628,1259,0,0,0,631,628,1259,Townsville,21174,21929,43103,0,0,0,21174,21929,43103
Townsville,1991,11,611,616,1227,0,0,0,611,616,1227,Townsville,18455,19863,38318,0,0,0,18455,19863,38318
Townsville,1991,12,612,608,1220,0,0,0,612,608,1220,Townsville,19949,21963,41912,0,0,0,19949,21963,41912
Townsville,1992,1,597,595,1192,0,0,0,597,595,1192,Townsville,19344,17882,37226,0,0,0,19344,17882,37226
Townsville,1992,2,564,571,1135,0,0,0,564,571,1135,Townsville,16213,16007,32220,0,0,0,16213,16007,32220
Townsville,1992,3,558,555,1113,0,0,0,558,555,1113,Townsville,17029,16373,33402,0,0,0,17029,16373,33402
Townsville,1992,4,561,560,1121,0,0,0,561,560,1121,Townsville,19559,19575,39134,0,0,0,19559,19575,39134
Townsville,1992,5,572,571,1143,0,0,0,572,571,1143,Townsville,20197,19914,40111,0,0,0,20197,19914,40111
Townsville,1992,6,554,559,1113,0,0,0,554,559,1113,Townsville,20874,19748,40622,0,0,0,20874,19748,40622
Townsville,1992,7,598,597,1195,0,0,0,598,597,1195,Townsville,23235,23208,46443,0,0,0,23235,23208,46443
Townsville,1992,8,585,587,1172,0,0,0,585,587,1172,Townsville,20575,21520,42095,0,0,0,20575,21520,42095
Townsville,1992,9,600,606,1206,0,0,0,600,606,1206,Townsville,25189,26066,51255,0,0,0,25189,26066,51255
Townsville,1992,10,640,650,1290,0,0,0,640,650,1290,Townsville,26999,27965,54964,0,0,0,26999,27965,54964
Townsville,1992,11,620,621,1241,8,8,16,628,629,1257,Townsville,24337,24441,48778,136,175,311,24473,24616,49089
Townsville,1992,12,621,626,1247,10,10,20,631,636,1267,Townsville,25809,27566,53375,226,368,594,26035,27934,53969
Townsville,1993,1,601,604,1205,8,8,16,609,612,1221,Townsville,25058,23962,49020,250,149,399,25308,24111,49419
Townsville,1993,2,562,564,1126,8,8,16,570,572,1142,Townsville,20494,20333,40827,220,204,424,20714,20537,41251
Townsville,1993,3,592,594,1186,8,8,16,600,602,1202,Townsville,20624,20073,40697,187,157,344,20811,20230,41041
Townsville,1993,4,574,577,1151,9,9,18,583,586,1169,Townsville,20748,21127,41875,101,111,212,20849,21238,42087
Townsville,1993,5,555,560,1115,8,8,16,563,568,1131,Townsville,20298,20222,40520,90,149,239,20388,20371,40759
Townsville,1993,6,560,556,1116,9,9,18,569,565,1134,Townsville,21757,20604,42361,144,207,351,21901,20811,42712
Townsville,1993,7,587,589,1176,11,11,22,598,600,1198,Townsville,23466,23072,46538,279,246,525,23745,23318,47063
Townsville,1993,8,590,592,1182,10,10,20,600,602,1202,Townsville,20985,21804,42789,198,225,423,21183,22029,43212
Townsville,1993,9,625,634,1259,8,8,16,633,642,1275,Townsville,21786,23188,44974,199,296,495,21985,23484,45469
Townsville,1993,10,631,631,1262,9,9,18,640,640,1280,Townsville,21775,21513,43288,262,179,441,22037,21692,43729
Townsville,1993,11,621,625,1246,8,8,16,629,633,1262,Townsville,19365,19840,39205,208,244,452,19573,20084,39657
Townsville,1993,12,621,619,1240,8,8,16,629,627,1256,Townsville,19549,21672,41221,297,504,801,19846,22176,42022
Townsville,1994,1,635,632,1267,10,10,20,645,642,1287,Townsville,20156,18876,39032,362,271,633,20518,19147,39665
Townsville,1994,2,575,577,1152,8,8,16,583,585,1168,Townsville,17045,17087,34132,214,244,458,17259,17331,34590
Townsville,1994,3,657,657,1314,9,9,18,666,666,1332,Townsville,20547,20657,41204,141,205,346,20688,20862,41550
Townsville,1994,4,629,631,1260,5,5,10,634,636,1270,Townsville,22229,21744,43973,111,252,363,22340,21996,44336
Townsville,1994,5,655,654,1309,4,4,8,659,658,1317,Townsville,21989,22270,44259,80,109,189,22069,22379,44448
Townsville,1994,6,641,641,1282,4,4,8,645,645,1290,Townsville,24760,23426,48186,143,288,431,24903,23714,48617
Townsville,1994,7,643,647,1290,5,5,10,648,652,1300,Townsville,28002,26973,54975,215,309,524,28217,27282,55499
Townsville,1994,8,651,649,1300,4,4,8,655,653,1308,Townsville,23996,25405,49401,95,186,281,24091,25591,49682
Townsville,1994,9,669,674,1343,4,4,8,673,678,1351,Townsville,25542,26737,52279,144,207,351,25686,26944,52630
Townsville,1994,10,701,702,1403,5,5,10,706,707,1413,Townsville,25241,25777,51018,232,223,455,25473,26000,51473
Townsville,1994,11,671,672,1343,0,0,0,671,672,1343,Townsville,21707,22459,44166,0,0,0,21707,22459,44166
Townsville,1994,12,663,666,1329,0,0,0,663,666,1329,Townsville,21108,24132,45240,0,0,0,21108,24132,45240
Townsville,1995,1,656,652,1308,0,0,0,656,652,1308,Townsville,23165,21227,44392,0,0,0,23165,21227,44392
Townsville,1995,2,588,591,1179,0,0,0,588,591,1179,Townsville,19211,18770,37981,0,0,0,19211,18770,37981
Townsville,1995,3,681,681,1362,0,0,0,681,681,1362,Townsville,21727,21692,43419,0,0,0,21727,21692,43419
Townsville,1995,4,662,660,1322,0,0,0,662,660,1322,Townsville,25594,25133,50727,0,0,0,25594,25133,50727
Townsville,1995,5,680,679,1359,0,0,0,680,679,1359,Townsville,24519,24646,49165,0,0,0,24519,24646,49165
Townsville,1995,6,676,678,1354,0,0,0,676,678,1354,Townsville,26370,25943,52313,0,0,0,26370,25943,52313
Townsville,1995,7,739,740,1479,0,0,0,739,740,1479,Townsville,28138,27315,55453,0,0,0,28138,27315,55453
Townsville,1995,8,743,746,1489,0,0,0,743,746,1489,Townsville,25666,27342,53008,0,0,0,25666,27342,53008
Townsville,1995,9,722,722,1444,0,0,0,722,722,1444,Townsville,27400,28093,55493,0,0,0,27400,28093,55493
Townsville,1995,10,739,741,1480,0,0,0,739,741,1480,Townsville,25624,26804,52428,0,0,0,25624,26804,52428
Townsville,1995,11,701,697,1398,0,0,0,701,697,1398,Townsville,23221,24058,47279,0,0,0,23221,24058,47279
Townsville,1995,12,692,696,1388,0,0,0,692,696,1388,Townsville,23289,26330,49619,0,0,0,23289,26330,49619
Townsville,1996,1,717,716,1433,0,0,0,717,716,1433,Townsville,24488,22280,46768,0,0,0,24488,22280,46768
Townsville,1996,2,649,649,1298,0,0,0,649,649,1298,Townsville,19403,19430,38833,0,0,0,19403,19430,38833
Townsville,1996,3,708,709,1417,0,0,0,708,709,1417,Townsville,22722,22799,45521,0,0,0,22722,22799,45521
Townsville,1996,4,712,712,1424,0,0,0,712,712,1424,Townsville,25671,25038,50709,0,0,0,25671,25038,50709
Townsville,1996,5,734,732,1466,0,0,0,734,732,1466,Townsville,24916,24705,49621,0,0,0,24916,24705,49621
Townsville,1996,6,694,693,1387,0,0,0,694,693,1387,Townsville,26821,26562,53383,0,0,0,26821,26562,53383
Townsville,1996,7,760,761,1521,0,0,0,760,761,1521,Townsville,29100,28922,58022,0,0,0,29100,28922,58022
Townsville,1996,8,730,727,1457,0,0,0,730,727,1457,Townsville,26156,27056,53212,0,0,0,26156,27056,53212
Townsville,1996,9,742,742,1484,0,0,0,742,742,1484,Townsville,27287,28934,56221,0,0,0,27287,28934,56221
Townsville,1996,10,800,799,1599,0,0,0,800,799,1599,Townsville,27777,28290,56067,0,0,0,27777,28290,56067
Townsville,1996,11,786,796,1582,0,0,0,786,796,1582,Townsville,23058,24447,47505,0,0,0,23058,24447,47505
Townsville,1996,12,778,778,1556,0,0,0,778,778,1556,Townsville,23277,25907,49184,0,0,0,23277,25907,49184
Townsville,1997,1,755,758,1513,0,0,0,755,758,1513,Townsville,24960,22144,47104,0,0,0,24960,22144,47104
Townsville,1997,2,681,684,1365,0,0,0,681,684,1365,Townsville,19422,19698,39120,0,0,0,19422,19698,39120
Townsville,1997,3,730,731,1461,0,0,0,730,731,1461,Townsville,23518,23507,47025,0,0,0,23518,23507,47025
Townsville,1997,4,742,739,1481,0,0,0,742,739,1481,Townsville,25327,24873,50200,0,0,0,25327,24873,50200
Townsville,1997,5,758,754,1512,4,1,5,762,755,1517,Townsville,25108,24589,49697,18,0,18,25126,24589,49715
Townsville,1997,6,734,738,1472,13,14,27,747,752,1499,Townsville,27355,26620,53975,36,40,76,27391,26660,54051
Townsville,1997,7,795,792,1587,12,12,24,807,804,1611,Townsville,29062,28894,57956,24,37,61,29086,28931,58017
Townsville,1997,8,769,771,1540,15,15,30,784,786,1570,Townsville,27762,28913,56675,25,28,53,27787,28941,56728
Townsville,1997,9,756,756,1512,2,0,2,758,756,1514,Townsville,28341,28910,57251,3,26,29,28344,28936,57280
Townsville,1997,10,782,781,1563,9,7,16,791,788,1579,Townsville,27971,29010,56981,0,3,3,27971,29013,56984
Townsville,1997,11,732,734,1466,0,0,0,732,734,1466,Townsville,23465,23835,47300,0,0,0,23465,23835,47300
Townsville,1997,12,728,730,1458,0,0,0,728,730,1458,Townsville,24021,26780,50801,0,0,0,24021,26780,50801
Townsville,1998,1,695,691,1386,0,0,0,695,691,1386,Townsville,24561,22106,46667,0,0,0,24561,22106,46667
Townsville,1998,2,616,614,1230,0,0,0,616,614,1230,Townsville,21132,21103,42235,0,0,0,21132,21103,42235
Townsville,1998,3,688,689,1377,0,0,0,688,689,1377,Townsville,24351,23782,48133,0,0,0,24351,23782,48133
Townsville,1998,4,690,682,1372,0,0,0,690,682,1372,Townsville,26027,25882,51909,0,0,0,26027,25882,51909
Townsville,1998,5,704,707,1411,0,0,0,704,707,1411,Townsville,27227,26801,54028,0,0,0,27227,26801,54028
Townsville,1998,6,702,697,1399,0,0,0,702,697,1399,Townsville,29237,28583,57820,0,0,0,29237,28583,57820
Townsville,1998,7,780,782,1562,0,0,0,780,782,1562,Townsville,30290,29851,60141,0,0,0,30290,29851,60141
Townsville,1998,8,796,796,1592,0,0,0,796,796,1592,Townsville,28392,29369,57761,0,0,0,28392,29369,57761
Townsville,1998,9,753,758,1511,0,0,0,753,758,1511,Townsville,28637,29899,58536,0,0,0,28637,29899,58536
Townsville,1998,10,777,780,1557,6,6,12,783,786,1569,Townsville,28168,28958,57126,23,42,65,28191,29000,57191
Townsville,1998,11,749,747,1496,7,7,14,756,754,1510,Townsville,25362,25261,50623,53,58,111,25415,25319,50734
Townsville,1998,12,749,751,1500,9,9,18,758,760,1518,Townsville,24024,27609,51633,171,69,240,24195,27678,51873
Townsville,1999,1,699,700,1399,8,5,13,707,705,1412,Townsville,25122,22056,47178,88,54,142,25210,22110,47320
Townsville,1999,2,645,643,1288,6,6,12,651,649,1300,Townsville,22026,21590,43616,37,63,100,22063,21653,43716
Townsville,1999,3,742,740,1482,0,0,0,742,740,1482,Townsville,27235,27322,54557,0,0,0,27235,27322,54557
Townsville,1999,4,740,741,1481,0,0,0,740,741,1481,Townsville,27754,27271,55025,0,0,0,27754,27271,55025
Townsville,1999,5,746,748,1494,0,0,0,746,748,1494,Townsville,28323,27519,55842,0,0,0,28323,27519,55842
Townsville,1999,6,757,755,1512,0,0,0,757,755,1512,Townsville,30196,29972,60168,0,0,0,30196,29972,60168
Townsville,1999,7,775,777,1552,0,0,0,775,777,1552,Townsville,31796,32175,63971,0,0,0,31796,32175,63971
Townsville,1999,8,750,753,1503,0,0,0,750,753,1503,Townsville,30178,30504,60682,0,0,0,30178,30504,60682
Townsville,1999,9,745,740,1485,0,0,0,745,740,1485,Townsville,30640,31511,62151,0,0,0,30640,31511,62151
Townsville,1999,10,744,743,1487,0,0,0,744,743,1487,Townsville,28852,29822,58674,0,0,0,28852,29822,58674
Townsville,1999,11,719,714,1433,0,0,0,719,714,1433,Townsville,26144,26288,52432,0,0,0,26144,26288,52432
Townsville,1999,12,710,709,1419,0,0,0,710,709,1419,Townsville,25086,28676,53762,0,0,0,25086,28676,53762
Townsville,2000,1,693,686,1379,0,0,0,693,686,1379,Townsville,26145,23184,49329,0,0,0,26145,23184,49329
Townsville,2000,2,734,724,1458,0,0,0,734,724,1458,Townsville,24135,24290,48425,0,0,0,24135,24290,48425
Townsville,2000,3,824,817,1641,0,0,0,824,817,1641,Townsville,27341,27690,55031,0,0,0,27341,27690,55031
Townsville,2000,4,727,723,1450,0,0,0,727,723,1450,Townsville,27213,27223,54436,0,0,0,27213,27223,54436
Townsville,2000,5,809,805,1614,0,0,0,809,805,1614,Townsville,30385,29047,59432,0,0,0,30385,29047,59432
Townsville,2000,6,787,786,1573,0,0,0,787,786,1573,Townsville,31785,31528,63313,0,0,0,31785,31528,63313
Townsville,2000,7,802,796,1598,0,0,0,802,796,1598,Townsville,32108,31720,63828,0,0,0,32108,31720,63828
Townsville,2000,8,819,814,1633,0,0,0,819,814,1633,Townsville,30491,31186,61677,0,0,0,30491,31186,61677
Townsville,2000,9,791,788,1579,0,0,0,791,788,1579,Townsville,31193,32573,63766,0,0,0,31193,32573,63766
Townsville,2000,10,844,843,1687,0,0,0,844,843,1687,Townsville,30639,30399,61038,0,0,0,30639,30399,61038
Townsville,2000,11,815,821,1636,0,0,0,815,821,1636,Townsville,26759,27357,54116,0,0,0,26759,27357,54116
Townsville,2000,12,760,763,1523,0,0,0,760,763,1523,Townsville,27143,29954,57097,0,0,0,27143,29954,57097
Townsville,2001,1,720,712,1432,0,0,0,720,712,1432,Townsville,29397,26795,56192,0,0,0,29397,26795,56192
Townsville,2001,2,724,733,1457,0,0,0,724,733,1457,Townsville,23123,22948,46071,0,0,0,23123,22948,46071
Townsville,2001,3,829,830,1659,0,0,0,829,830,1659,Townsville,29143,29436,58579,0,0,0,29143,29436,58579
Townsville,2001,4,825,816,1641,0,0,0,825,816,1641,Townsville,35201,34248,69449,0,0,0,35201,34248,69449
Townsville,2001,5,863,861,1724,0,0,0,863,861,1724,Townsville,35638,35290,70928,0,0,0,35638,35290,70928
Townsville,2001,6,723,721,1444,0,0,0,723,721,1444,Townsville,34820,34347,69167,0,0,0,34820,34347,69167
Townsville,2001,7,571,548,1119,0,0,0,571,548,1119,Townsville,37021,36088,73109,0,0,0,37021,36088,73109
Townsville,2001,8,566,556,1122,0,0,0,566,556,1122,Townsville,33343,34919,68262,0,0,0,33343,34919,68262
Townsville,2001,9,500,490,990,0,0,0,500,490,990,Townsville,28621,29514,58135,0,0,0,28621,29514,58135
Townsville,2001,10,522,515,1037,2,1,3,524,516,1040,Townsville,29186,28813,57999,1,8,9,29187,28821,58008
Townsville,2001,11,562,551,1113,8,8,16,570,559,1129,Townsville,26444,27455,53899,44,44,88,26488,27499,53987
Townsville,2001,12,551,542,1093,8,7,15,559,549,1108,Townsville,26478,28374,54852,23,27,50,26501,28401,54902
Townsville,2002,1,527,517,1044,0,0,0,527,517,1044,Townsville,26206,24676,50882,0,0,0,26206,24676,50882
Townsville,2002,2,495,486,981,0,0,0,495,486,981,Townsville,23355,23746,47101,0,0,0,23355,23746,47101
Townsville,2002,3,525,520,1045,0,0,0,525,520,1045,Townsville,27227,27139,54366,0,0,0,27227,27139,54366
Townsville,2002,4,525,514,1039,0,0,0,525,514,1039,Townsville,27947,27374,55321,0,0,0,27947,27374,55321
Townsville,2002,5,537,534,1071,0,0,0,537,534,1071,Townsville,29609,29707,59316,0,0,0,29609,29707,59316
Townsville,2002,6,502,497,999,0,0,0,502,497,999,Townsville,31357,31120,62477,0,0,0,31357,31120,62477
Townsville,2002,7,572,565,1137,0,0,0,572,565,1137,Townsville,36541,35832,72373,0,0,0,36541,35832,72373
Townsville,2002,8,648,643,1291,0,0,0,648,643,1291,Townsville,32799,34003,66802,0,0,0,32799,34003,66802
Townsville,2002,9,627,619,1246,0,0,0,627,619,1246,Townsville,33682,34020,67702,0,0,0,33682,34020,67702
Townsville,2002,10,646,640,1286,0,0,0,646,640,1286,Townsville,34581,34975,69556,0,0,0,34581,34975,69556
Townsville,2002,11,618,613,1231,0,0,0,618,613,1231,Townsville,29970,30630,60600,0,0,0,29970,30630,60600
Townsville,2002,12,604,597,1201,0,0,0,604,597,1201,Townsville,29768,32560,62328,0,0,0,29768,32560,62328
Townsville,2003,1,648,640,1288,0,0,0,648,640,1288,Townsville,30443,28506,58949,0,0,0,30443,28506,58949
Townsville,2003,2,615,605,1220,0,0,0,615,605,1220,Townsville,26380,26457,52837,0,0,0,26380,26457,52837
Townsville,2003,3,672,663,1335,0,0,0,672,663,1335,Townsville,32186,31724,63910,0,0,0,32186,31724,63910
Townsville,2003,4,643,639,1282,0,0,0,643,639,1282,Townsville,33436,33358,66794,0,0,0,33436,33358,66794
Townsville,2003,5,696,690,1386,0,0,0,696,690,1386,Townsville,33215,33208,66423,0,0,0,33215,33208,66423
Townsville,2003,6,651,654,1305,0,0,0,651,654,1305,Townsville,34960,35136,70096,0,0,0,34960,35136,70096
Townsville,2003,7,694,692,1386,0,0,0,694,692,1386,Townsville,41404,41573,82977,0,0,0,41404,41573,82977
Townsville,2003,8,705,712,1417,0,0,0,705,712,1417,Townsville,37094,38681,75775,0,0,0,37094,38681,75775
Townsville,2003,9,708,705,1413,0,0,0,708,705,1413,Townsville,37073,38542,75615,0,0,0,37073,38542,75615
Townsville,2003,10,745,747,1492,0,0,0,745,747,1492,Townsville,40332,41325,81657,0,0,0,40332,41325,81657
Townsville,2003,11,717,715,1432,0,0,0,717,715,1432,Townsville,34562,35787,70349,0,0,0,34562,35787,70349
Townsville,2003,12,723,722,1445,0,0,0,723,722,1445,Townsville,35555,38462,74017,0,0,0,35555,38462,74017
Townsville,2004,1,719,717,1436,0,0,0,719,717,1436,Townsville,35801,34138,69939,0,0,0,35801,34138,69939
Townsville,2004,2,684,680,1364,0,0,0,684,680,1364,Townsville,31798,32100,63898,0,0,0,31798,32100,63898
Townsville,2004,3,747,745,1492,0,0,0,747,745,1492,Townsville,38013,37766,75779,0,0,0,38013,37766,75779
Townsville,2004,4,734,734,1468,0,0,0,734,734,1468,Townsville,41978,42079,84057,0,0,0,41978,42079,84057
Townsville,2004,5,768,769,1537,0,0,0,768,769,1537,Townsville,39840,39629,79469,0,0,0,39840,39629,79469
Townsville,2004,6,761,759,1520,0,0,0,761,759,1520,Townsville,45192,44665,89857,0,0,0,45192,44665,89857
Townsville,2004,7,801,805,1606,0,0,0,801,805,1606,Townsville,50019,49765,99784,0,0,0,50019,49765,99784
Townsville,2004,8,788,790,1578,0,0,0,788,790,1578,Townsville,46035,46360,92395,0,0,0,46035,46360,92395
Townsville,2004,9,786,790,1576,0,0,0,786,790,1576,Townsville,45452,46924,92376,0,0,0,45452,46924,92376
Townsville,2004,10,784,787,1571,0,0,0,784,787,1571,Townsville,44324,44752,89076,0,0,0,44324,44752,89076
Townsville,2004,11,757,762,1519,0,0,0,757,762,1519,Townsville,40596,40698,81294,0,0,0,40596,40698,81294
Townsville,2004,12,741,752,1493,0,0,0,741,752,1493,Townsville,41544,44797,86341,0,0,0,41544,44797,86341
Townsville,2005,1,780,783,1563,0,0,0,780,783,1563,Townsville,40206,37934,78140,0,0,0,40206,37934,78140
Townsville,2005,2,791,795,1586,0,0,0,791,795,1586,Townsville,35858,35631,71489,0,0,0,35858,35631,71489
Townsville,2005,3,909,921,1830,0,0,0,909,921,1830,Townsville,43246,43456,86702,0,0,0,43246,43456,86702
Townsville,2005,4,1004,1010,2014,0,0,0,1004,1010,2014,Townsville,46654,46135,92789,0,0,0,46654,46135,92789
Townsville,2005,5,941,947,1888,0,0,0,941,947,1888,Townsville,44301,44215,88516,0,0,0,44301,44215,88516
Townsville,2005,6,936,941,1877,0,0,0,936,941,1877,Townsville,48238,48147,96385,0,0,0,48238,48147,96385
Townsville,2005,7,946,953,1899,0,0,0,946,953,1899,Townsville,50033,50108,100141,0,0,0,50033,50108,100141
Townsville,2005,8,973,974,1947,0,0,0,973,974,1947,Townsville,48439,48549,96988,0,0,0,48439,48549,96988
Townsville,2005,9,909,917,1826,0,0,0,909,917,1826,Townsville,49412,50011,99423,0,0,0,49412,50011,99423
Townsville,2005,10,934,940,1874,0,0,0,934,940,1874,Townsville,47485,47663,95148,0,0,0,47485,47663,95148
Townsville,2005,11,986,990,1976,0,0,0,986,990,1976,Townsville,46188,46359,92547,0,0,0,46188,46359,92547
Townsville,2005,12,927,930,1857,0,0,0,927,930,1857,Townsville,48146,50415,98561,0,0,0,48146,50415,98561
Townsville,2006,1,896,893,1789,0,0,0,896,893,1789,Townsville,45839,43444,89283,0,0,0,45839,43444,89283
Townsville,2006,2,859,855,1714,0,0,0,859,855,1714,Townsville,39515,39660,79175,0,0,0,39515,39660,79175
Townsville,2006,3,935,934,1869,2,1,3,937,935,1872,Townsville,47297,47575,94872,0,0,0,47297,47575,94872
Townsville,2006,4,881,884,1765,0,1,1,881,885,1766,Townsville,50923,51919,102842,0,0,0,50923,51919,102842
Townsville,2006,5,923,921,1844,1,1,2,924,922,1846,Townsville,52029,51644,103673,0,0,0,52029,51644,103673
Townsville,2006,6,896,894,1790,0,0,0,896,894,1790,Townsville,54384,54253,108637,0,0,0,54384,54253,108637
Townsville,2006,7,936,934,1870,0,0,0,936,934,1870,Townsville,58467,58046,116513,0,0,0,58467,58046,116513
Townsville,2006,8,940,937,1877,0,0,0,940,937,1877,Townsville,55652,55541,111193,0,0,0,55652,55541,111193
Townsville,2006,9,905,904,1809,0,0,0,905,904,1809,Townsville,56964,58044,115008,0,0,0,56964,58044,115008
Townsville,2006,10,938,939,1877,0,0,0,938,939,1877,Townsville,57624,56943,114567,0,0,0,57624,56943,114567
Townsville,2006,11,894,891,1785,0,0,0,894,891,1785,Townsville,51998,52889,104887,0,0,0,51998,52889,104887
Townsville,2006,12,847,846,1693,0,0,0,847,846,1693,Townsville,51043,54627,105670,0,0,0,51043,54627,105670
Townsville,2007,1,827,825,1652,0,0,0,827,825,1652,Townsville,47587,44664,92251,0,0,0,47587,44664,92251
Townsville,2007,2,849,848,1697,0,0,0,849,848,1697,Townsville,43387,43898,87285,0,0,0,43387,43898,87285
Townsville,2007,3,927,925,1852,0,0,0,927,925,1852,Townsville,50975,50783,101758,0,0,0,50975,50783,101758
Townsville,2007,4,796,791,1587,0,0,0,796,791,1587,Townsville,53589,53913,107502,0,0,0,53589,53913,107502
Townsville,2007,5,863,865,1728,0,0,0,863,865,1728,Townsville,54844,55356,110200,0,0,0,54844,55356,110200
Townsville,2007,6,836,845,1681,0,0,0,836,845,1681,Townsville,56133,55921,112054,0,0,0,56133,55921,112054
Townsville,2007,7,842,849,1691,0,0,0,842,849,1691,Townsville,62281,60980,123261,0,0,0,62281,60980,123261
Townsville,2007,8,862,859,1721,0,0,0,862,859,1721,Townsville,57939,58168,116107,0,0,0,57939,58168,116107
Townsville,2007,9,800,800,1600,0,0,0,800,800,1600,Townsville,57165,57885,115050,0,0,0,57165,57885,115050
Townsville,2007,10,882,878,1760,0,0,0,882,878,1760,Townsville,59770,60228,119998,0,0,0,59770,60228,119998
Townsville,2007,11,853,853,1706,0,0,0,853,853,1706,Townsville,54943,55655,110598,0,0,0,54943,55655,110598
Townsville,2007,12,838,831,1669,0,0,0,838,831,1669,Townsville,55984,58108,114092,0,0,0,55984,58108,114092
Townsville,2008,1,802,800,1602,0,0,0,802,800,1602,Townsville,53300,51206,104506,0,0,0,53300,51206,104506
Townsville,2008,2,810,813,1623,0,0,0,810,813,1623,Townsville,49147,50193,99340,0,0,0,49147,50193,99340
Townsville,2008,3,850,852,1702,0,0,0,850,852,1702,Townsville,56699,55670,112369,0,0,0,56699,55670,112369
Townsville,2008,4,814,818,1632,0,0,0,814,818,1632,Townsville,57457,57522,114979,0,0,0,57457,57522,114979
Townsville,2008,5,860,862,1722,0,0,0,860,862,1722,Townsville,58836,58264,117100,0,0,0,58836,58264,117100
Townsville,2008,6,844,848,1692,0,0,0,844,848,1692,Townsville,58786,59773,118559,0,0,0,58786,59773,118559
Townsville,2008,7,910,906,1816,0,0,0,910,906,1816,Townsville,66567,65491,132058,0,0,0,66567,65491,132058
Townsville,2008,8,896,898,1794,0,0,0,896,898,1794,Townsville,61954,62011,123965,0,0,0,61954,62011,123965
Townsville,2008,9,826,821,1647,0,0,0,826,821,1647,Townsville,63045,62160,125205,0,0,0,63045,62160,125205
Townsville,2008,10,861,864,1725,0,0,0,861,864,1725,Townsville,64279,63513,127792,0,0,0,64279,63513,127792
Townsville,2008,11,825,831,1656,0,0,0,825,831,1656,Townsville,57619,57549,115168,0,0,0,57619,57549,115168
Townsville,2008,12,817,826,1643,0,0,0,817,826,1643,Townsville,59348,61366,120714,0,0,0,59348,61366,120714
Townsville,2009,1,731,745,1476,0,0,0,731,745,1476,Townsville,54834,51765,106599,0,0,0,54834,51765,106599
Townsville,2009,2,759,772,1531,0,0,0,759,772,1531,Townsville,46833,47178,94011,0,0,0,46833,47178,94011
Townsville,2009,3,876,889,1765,0,0,0,876,889,1765,Townsville,56789,56637,113426,0,0,0,56789,56637,113426
Townsville,2009,4,977,978,1955,0,0,0,977,978,1955,Townsville,61354,60487,121841,0,0,0,61354,60487,121841
Townsville,2009,5,1017,1021,2038,0,0,0,1017,1021,2038,Townsville,64684,63709,128393,0,0,0,64684,63709,128393
Townsville,2009,6,993,1005,1998,0,0,0,993,1005,1998,Townsville,63939,62856,126795,0,0,0,63939,62856,126795
Townsville,2009,7,1059,1073,2132,0,0,0,1059,1073,2132,Townsville,72573,70681,143254,0,0,0,72573,70681,143254
Townsville,2009,8,1003,1007,2010,0,0,0,1003,1007,2010,Townsville,67166,66240,133406,0,0,0,67166,66240,133406
Townsville,2009,9,993,1007,2000,0,0,0,993,1007,2000,Townsville,64553,65331,129884,0,0,0,64553,65331,129884
Townsville,2009,10,1100,1111,2211,0,0,0,1100,1111,2211,Townsville,67100,66383,133483,0,0,0,67100,66383,133483
Townsville,2009,11,1132,1136,2268,0,0,0,1132,1136,2268,Townsville,62942,62726,125668,0,0,0,62942,62726,125668
Townsville,2009,12,1066,1087,2153,0,0,0,1066,1087,2153,Townsville,61371,64099,125470,0,0,0,61371,64099,125470
Townsville,2010,1,1037,1043,2080,0,0,0,1037,1043,2080,Townsville,57683,54094,111777,0,0,0,57683,54094,111777
Townsville,2010,2,893,909,1802,0,0,0,893,909,1802,Townsville,54481,54482,108963,0,0,0,54481,54482,108963
Townsville,2010,3,995,1008,2003,0,0,0,995,1008,2003,Townsville,61328,59317,120645,0,0,0,61328,59317,120645
Townsville,2010,4,1131,1140,2271,0,0,0,1131,1140,2271,Townsville,63419,62319,125738,0,0,0,63419,62319,125738
Townsville,2010,5,1223,1234,2457,0,0,0,1223,1234,2457,Townsville,63472,62951,126423,0,0,0,63472,62951,126423
Townsville,2010,6,1222,1232,2454,0,0,0,1222,1232,2454,Townsville,66906,66752,133658,0,0,0,66906,66752,133658
Townsville,2010,7,1287,1306,2593,0,0,0,1287,1306,2593,Townsville,74752,73971,148723,0,0,0,74752,73971,148723
Townsville,2010,8,1315,1321,2636,0,0,0,1315,1321,2636,Townsville,73506,72594,146100,0,0,0,73506,72594,146100
Townsville,2010,9,1232,1251,2483,0,0,0,1232,1251,2483,Townsville,71311,73482,144793,0,0,0,71311,73482,144793
Townsville,2010,10,1242,1253,2495,0,0,0,1242,1253,2495,Townsville,72820,73249,146069,0,0,0,72820,73249,146069
Townsville,2010,11,1262,1280,2542,0,0,0,1262,1280,2542,Townsville,65417,67350,132767,0,0,0,65417,67350,132767
Townsville,2010,12,1202,1231,2433,7,8,15,1209,1239,2448,Townsville,68741,74353,143094,432,882,1314,69173,75235,144408
Townsville,2011,1,1077,1086,2163,9,8,17,1086,1094,2180,Townsville,63002,56390,119392,1124,818,1942,64126,57208,121334
Townsville,2011,2,1054,1066,2120,8,8,16,1062,1074,2136,Townsville,52145,51796,103941,567,593,1160,52712,52389,105101
Townsville,2011,3,1229,1244,2473,7,7,14,1236,1251,2487,Townsville,66595,67266,133861,537,617,1154,67132,67883,135015
Townsville,2011,4,1173,1185,2358,4,5,9,1177,1190,2367,Townsville,67086,66172,133258,437,567,1004,67523,66739,134262
Townsville,2011,5,1250,1264,2514,5,4,9,1255,1268,2523,Townsville,68038,68072,136110,524,321,845,68562,68393,136955
Townsville,2011,6,1215,1214,2429,4,4,8,1219,1218,2437,Townsville,66706,67428,134134,355,399,754,67061,67827,134888
Townsville,2011,7,1242,1255,2497,5,5,10,1247,1260,2507,Townsville,76522,74194,150716,611,514,1125,77133,74708,151841
Townsville,2011,8,1285,1300,2585,4,4,8,1289,1304,2593,Townsville,70256,72262,142518,400,340,740,70656,72602,143258
Townsville,2011,9,1223,1237,2460,4,4,8,1227,1241,2468,Townsville,70603,72577,143180,476,290,766,71079,72867,143946
Townsville,2011,10,1173,1168,2341,2,3,5,1175,1171,2346,Townsville,69682,69745,139427,15,87,102,69697,69832,139529
Townsville,2011,11,1179,1191,2370,0,0,0,1179,1191,2370,Townsville,65601,67450,133051,0,0,0,65601,67450,133051
Townsville,2011,12,1108,1123,2231,0,0,0,1108,1123,2231,Townsville,66509,71194,137703,0,0,0,66509,71194,137703
Townsville,2012,1,1016,1031,2047,0,0,0,1016,1031,2047,Townsville,62176,57171,119347,0,0,0,62176,57171,119347
Townsville,2012,2,1130,1151,2281,0,0,0,1130,1151,2281,Townsville,58957,58549,117506,0,0,0,58957,58549,117506
Townsville,2012,3,1170,1184,2354,0,0,0,1170,1184,2354,Townsville,65382,67338,132720,0,0,0,65382,67338,132720
Townsville,2012,4,1124,1134,2258,0,0,0,1124,1134,2258,Townsville,67048,64734,131782,0,0,0,67048,64734,131782
Townsville,2012,5,1181,1202,2383,0,0,0,1181,1202,2383,Townsville,68538,68825,137363,0,0,0,68538,68825,137363
Townsville,2012,6,1128,1144,2272,0,0,0,1128,1144,2272,Townsville,69123,69402,138525,0,0,0,69123,69402,138525
Townsville,2012,7,1179,1194,2373,0,0,0,1179,1194,2373,Townsville,74222,72849,147071,0,0,0,74222,72849,147071
Townsville,2012,8,1216,1239,2455,0,0,0,1216,1239,2455,Townsville,68534,70183,138717,0,0,0,68534,70183,138717
Townsville,2012,9,1143,1156,2299,0,0,0,1143,1156,2299,Townsville,67250,68960,136210,0,0,0,67250,68960,136210
Townsville,2012,10,1215,1227,2442,0,0,0,1215,1227,2442,Townsville,72062,71252,143314,0,0,0,72062,71252,143314
Townsville,2012,11,1180,1193,2373,0,0,0,1180,1193,2373,Townsville,65396,67853,133249,0,0,0,65396,67853,133249
Townsville,2012,12,1068,1074,2142,0,0,0,1068,1074,2142,Townsville,64520,69414,133934,0,0,0,64520,69414,133934
Townsville,2013,1,1040,1060,2100,0,0,0,1040,1060,2100,Townsville,61932,56480,118412,0,0,0,61932,56480,118412
Townsville,2013,2,1040,1060,2100,0,0,0,1040,1060,2100,Townsville,53701,53918,107619,0,0,0,53701,53918,107619
Townsville,2013,3,1146,1157,2303,0,0,0,1146,1157,2303,Townsville,61612,61684,123296,0,0,0,61612,61684,123296
Townsville,2013,4,1125,1139,2264,0,0,0,1125,1139,2264,Townsville,64547,62765,127312,0,0,0,64547,62765,127312
Townsville,2013,5,1203,1228,2431,0,0,0,1203,1228,2431,Townsville,64213,64376,128589,0,0,0,64213,64376,128589
Townsville,2013,6,1093,1108,2201,0,0,0,1093,1108,2201,Townsville,65780,66216,131996,0,0,0,65780,66216,131996
Townsville,2013,7,1195,1212,2407,0,0,0,1195,1212,2407,Townsville,75176,72844,148020,0,0,0,75176,72844,148020
Townsville,2013,8,1173,1197,2370,0,0,0,1173,1197,2370,Townsville,67861,69454,137315,0,0,0,67861,69454,137315
Townsville,2013,9,1143,1152,2295,0,0,0,1143,1152,2295,Townsville,68135,69670,137805,0,0,0,68135,69670,137805
Townsville,2013,10,1199,1214,2413,0,0,0,1199,1214,2413,Townsville,70418,69925,140343,0,0,0,70418,69925,140343
Townsville,2013,11,1094,1118,2212,0,0,0,1094,1118,2212,Townsville,59143,61744,120887,0,0,0,59143,61744,120887
Townsville,2013,12,1059,1076,2135,0,0,0,1059,1076,2135,Townsville,65561,69424,134985,0,0,0,65561,69424,134985
Townsville,2014,1,1001,1017,2018,0,0,0,1001,1017,2018,Townsville,58441,53757,112198,0,0,0,58441,53757,112198
Townsville,2014,2,988,1005,1993,0,0,0,988,1005,1993,Townsville,50287,50424,100711,0,0,0,50287,50424,100711
Townsville,2014,3,1038,1057,2095,0,0,0,1038,1057,2095,Townsville,58520,57261,115781,0,0,0,58520,57261,115781
Townsville,2014,4,1002,1017,2019,0,0,0,1002,1017,2019,Townsville,60736,61524,122260,0,0,0,60736,61524,122260
Townsville,2014,5,1104,1127,2231,0,0,0,1104,1127,2231,Townsville,62178,61671,123849,0,0,0,62178,61671,123849
Townsville,2014,6,1070,1089,2159,0,0,0,1070,1089,2159,Townsville,64444,64334,128778,0,0,0,64444,64334,128778
Townsville,2014,7,1148,1165,2313,0,0,0,1148,1165,2313,Townsville,72058,70381,142439,0,0,0,72058,70381,142439
Townsville,2014,8,1106,1126,2232,0,0,0,1106,1126,2232,Townsville,65323,66678,132001,0,0,0,65323,66678,132001
Townsville,2014,9,1106,1120,2226,0,0,0,1106,1120,2226,Townsville,65984,68438,134422,0,0,0,65984,68438,134422
Townsville,2014,10,1140,1160,2300,0,0,0,1140,1160,2300,Townsville,68153,67986,136139,0,0,0,68153,67986,136139
Townsville,2014,11,1044,1061,2105,0,0,0,1044,1061,2105,Townsville,57638,59537,117175,0,0,0,57638,59537,117175
Townsville,2014,12,1018,1032,2050,0,0,0,1018,1032,2050,Townsville,64541,67547,132088,0,0,0,64541,67547,132088
Townsville,2015,1,1018,1018,2036,0,0,0,1018,1018,2036,Townsville,57879,54030,111909,0,0,0,57879,54030,111909
Townsville,2015,2,976,980,1956,0,0,0,976,980,1956,Townsville,48886,49553,98439,0,0,0,48886,49553,98439
Townsville,2015,3,1083,1085,2168,0,0,0,1083,1085,2168,Townsville,59989,58009,117998,0,0,0,59989,58009,117998
Townsville,2015,4,1024,1025,2049,0,0,0,1024,1025,2049,Townsville,61695,62149,123844,0,0,0,61695,62149,123844
Townsville,2015,5,1042,1042,2084,0,0,0,1042,1042,2084,Townsville,62664,61362,124026,0,0,0,62664,61362,124026
Townsville,2015,6,1017,1018,2035,0,0,0,1017,1018,2035,Townsville,63967,63610,127577,0,0,0,63967,63610,127577
Townsville,2015,7,1116,1116,2232,0,0,0,1116,1116,2232,Townsville,73303,71720,145023,0,0,0,73303,71720,145023
Townsville,2015,8,1088,1089,2177,0,0,0,1088,1089,2177,Townsville,64519,66566,131085,0,0,0,64519,66566,131085
Townsville,2015,9,1067,1068,2135,12,13,25,1079,1081,2160,Townsville,66864,67845,134709,1111,1698,2809,67975,69543,137518
Townsville,2015,10,1070,1074,2144,13,13,26,1083,1087,2170,Townsville,67865,67814,135679,1815,1720,3535,69680,69534,139214
Townsville,2015,11,1025,1024,2049,5,6,11,1030,1030,2060,Townsville,59754,61357,121111,348,881,1229,60102,62238,122340
Townsville,2015,12,989,990,1979,14,13,27,1003,1003,2006,Townsville,62377,66334,128711,1571,1979,3550,63948,68313,132261
Townsville,2016,1,964,965,1929,13,13,26,977,978,1955,Townsville,58001,53823,111824,1864,1370,0,59865,55193,111824
Townsville,2016,2,987,990,1977,12,13,25,999,1003,2002,Townsville,49452,48711,98163,1352,1370,0,50804,50081,98163
Townsville,2016,3,1049,1045,2094,13,12,25,1062,1057,2119,Townsville,58566,58563,117129,1555,1604,0,60121,60167,117129
Townsville,2016,4,1021,1025,2046,12,13,25,1033,1038,2071,Townsville,61298,59331,120629,1417,1604,0,62715,60935,120629
Townsville,2016,5,1059,1061,2120,14,13,27,1073,1074,2147,Townsville,63397,62570,125967,1685,1933,0,65082,64503,125967
Townsville,2016,6,1065,1065,2130,13,13,26,1078,1078,2156,Townsville,64868,64899,129767,1663,2044,0,66531,66943,129767
Townsville,2016,7,1089,1087,2176,13,13,26,1102,1100,2202,Townsville,72641,70220,142861,1973,1919,0,74614,72139,142861
Townsville,2016,8,1157,1153,2310,12,13,25,1169,1166,2335,Townsville,64208,66056,130264,1609,1800,0,65817,67856,130264
Townsville,2016,9,1095,1098,2193,13,12,25,1108,1110,2218,Townsville,66576,68269,134845,1969,1734,0,68545,70003,134845
Townsville,2016,10,1080,1078,2158,13,14,27,1093,1092,2185,Townsville,64602,64935,129537,2053,1842,0,66655,66777,129537
Townsville,2016,11,1071,1056,2127,12,12,24,1083,1068,2151,Townsville,58528,59861,118389,1523,1763,0,60051,61624,118389
Townsville,2016,12,1015,1019,2034,13,13,26,1028,1032,2060,Townsville,61979,66646,128625,1746,2087,0,63725,68733,128625
Townsville,2017,1,1014,1015,2029,14,13,27,1028,1028,2056,Townsville,57767,53413,111180,2224,1623,0,59991,55036,111180
Townsville,2017,2,970,974,1944,12,12,24,982,986,1968,Townsville,48518,48312,96830,1677,1594,0,50195,49906,96830
Townsville,2017,3,1019,1020,2039,12,12,24,1031,1032,2063,Townsville,56804,58317,115121,1603,1632,0,58407,59949,115121
Townsville,2017,4,1002,1002,2004,21,21,42,1023,1023,2046,Townsville,64609,62128,126737,2025,2257,0,66634,64385,126737
Townsville,2017,5,1088,1084,2172,22,23,45,1110,1107,2217,Townsville,60639,61928,122567,1954,2370,0,62593,64298,122567
Townsville,2017,6,1073,1075,2148,22,21,43,1095,1096,2191,Townsville,66427,66254,132681,2106,2123,0,68533,68377,132681
Townsville,2017,7,1123,1121,2244,22,23,45,1145,1144,2289,Townsville,76628,73840,150468,2452,2457,0,79080,76297,150468
Townsville,2017,8,1162,1149,2311,22,21,43,1184,1170,2354,Townsville,69682,70924,140606,2373,2231,0,72055,73155,140606
Townsville,2017,9,1079,1066,2145,21,22,43,1100,1088,2188,Townsville,68660,71256,139916,2197,2368,0,70857,73624,139916
Townsville,2017,10,1095,1078,2173,23,21,44,1118,1099,2217,Townsville,70105,69779,139884,2278,2100,0,72383,71879,139884
Townsville,2017,11,1055,1062,2117,18,18,36,1073,1080,2153,Townsville,62743,66059,128802,1622,1747,0,64365,67806,128802
Townsville,2017,12,983,996,1979,21,21,42,1004,1017,2021,Townsville,65924,70774,136698,1467,2055,0,67391,72829,136698
Townsville,2018,1,1030,1031,2061,22,23,45,1052,1054,2106,Townsville,62969,57216,120185,2279,2327,0,65248,59543,120185
Townsville,2018,2,938,943,1881,20,20,40,958,963,1921,Townsville,51968,52403,104371,2180,2140,0,54148,54543,104371
Townsville,2018,3,1016,1029,2045,18,17,35,1034,1046,2080,Townsville,67182,67984,135166,1744,1355,0,68926,69339,135166
Townsville,2018,4,986,991,1977,9,9,18,995,1000,1995,Townsville,63974,63336,127310,415,443,0,64389,63779,127310
Townsville,2018,5,1057,1061,2118,8,8,16,1065,1069,2134,Townsville,66895,67054,133949,263,284,0,67158,67338,133949
Townsville,2018,6,1007,1012,2019,9,9,18,1016,1021,2037,Townsville,65091,65021,130112,375,318,0,65466,65339,130112
Townsville,2018,7,1075,1072,2147,9,9,18,1084,1081,2165,Townsville,80489,78946,159435,425,383,0,80914,79329,159435
Townsville,2018,8,1060,1069,2129,9,9,18,1069,1078,2147,Townsville,72455,74122,146577,354,318,0,72809,74440,146577
Townsville,2018,9,993,998,1991,8,8,16,1001,1006,2007,Townsville,67395,69792,137187,252,332,0,67647,70124,137187
Townsville,2018,10,1050,1055,2105,0,0,0,1050,1055,2105,Townsville,70570,69634,140204,0,0,0,70570,69634,140204
Townsville,2018,11,995,1000,1995,0,0,0,995,1000,1995,Townsville,63340,65756,129096,0,0,0,63340,65756,129096
Townsville,2018,12,888,890,1778,0,0,0,888,890,1778,Townsville,63038,67481,130519,0,0,0,63038,67481,130519
Townsville,2019,1,927,931,1858,0,0,0,927,931,1858,Townsville,61344,56845,118189,0,0,0,61344,56845,118189
Townsville,2019,2,812,813,1625,0,0,0,812,813,1625,Townsville,50268,49998,100266,0,0,0,50268,49998,100266
Townsville,2019,3,967,958,1925,0,0,0,967,958,1925,Townsville,62804,63951,126755,0,0,0,62804,63951,126755
Townsville,2019,4,992,998,1990,0,0,0,992,998,1990,Townsville,67238,66720,133958,0,0,0,67238,66720,133958
Townsville,2019,5,1079,1088,2167,0,0,0,1079,1088,2167,Townsville,67451,67615,135066,0,0,0,67451,67615,135066
Townsville,2019,6,998,1002,2000,0,0,0,998,1002,2000,Townsville,68347,66772,135119,0,0,0,68347,66772,135119
Townsville,2019,7,1078,1089,2167,0,0,0,1078,1089,2167,Townsville,78060,76324,154384,0,0,0,78060,76324,154384
Townsville,2019,8,1060,1070,2130,0,0,0,1060,1070,2130,Townsville,72244,74283,146527,0,0,0,72244,74283,146527
Townsville,2019,9,1042,1053,2095,0,0,0,1042,1053,2095,Townsville,71820,73743,145563,0,0,0,71820,73743,145563
Townsville,2019,10,1072,1079,2151,0,0,0,1072,1079,2151,Townsville,72692,73110,145802,0,0,0,72692,73110,145802
Townsville,2019,11,1005,1011,2016,0,0,0,1005,1011,2016,Townsville,64379,66370,130749,0,0,0,64379,66370,130749
Townsville,2019,12,970,963,1933,0,0,0,970,963,1933,Townsville,67064,71298,138362,0,0,0,67064,71298,138362
Townsville,2020,1,958,964,1922,0,0,0,958,964,1922,Townsville,63574,59105,122679,0,0,0,63574,59105,122679
Townsville,2020,2,921,927,1848,0,0,0,921,927,1848,Townsville,53546,51590,105136,0,0,0,53546,51590,105136
Townsville,2020,3,877,878,1755,0,0,0,877,878,1755,Townsville,44037,43063,87100,0,0,0,44037,43063,87100
Townsville,2020,4,221,219,440,0,0,0,221,219,440,Townsville,3786,4068,7854,0,0,0,3786,4068,7854
Townsville,2020,5,237,238,475,0,0,0,237,238,475,Townsville,4672,4575,9247,0,0,0,4672,4575,9247
Townsville,2020,6,323,321,644,0,0,0,323,321,644,Townsville,11330,11590,22920,0,0,0,11330,11590,22920
Townsville,2020,7,551,553,1104,0,0,0,551,553,1104,Townsville,28925,27368,56293,0,0,0,28925,27368,56293
Townsville,2020,8,610,615,1225,0,0,0,610,615,1225,Townsville,27166,27623,54789,0,0,0,27166,27623,54789
Townsville,2020,9,670,674,1344,0,0,0,670,674,1344,Townsville,30779,30772,61551,0,0,0,30779,30772,61551
Townsville,2020,10,691,702,1393,0,0,0,691,702,1393,Townsville,33293,34139,67432,0,0,0,33293,34139,67432
Townsville,2020,11,708,716,1424,0,0,0,708,716,1424,Townsville,34426,34806,69232,0,0,0,34426,34806,69232
Townsville,2020,12,739,745,1484,0,0,0,739,745,1484,Townsville,46643,47427,94070,0,0,0,46643,47427,94070
Townsville,2021,1,667,670,1337,0,0,0,667,670,1337,Townsville,36601,36701,73302,0,0,0,36601,36701,73302
Townsville,2021,2,703,710,1413,0,0,0,703,710,1413,Townsville,35876,36302,72178,0,0,0,35876,36302,72178
Townsville,2021,3,832,836,1668,0,0,0,832,836,1668,Townsville,47197,46734,93931,0,0,0,47197,46734,93931
Townsville,2021,4,780,804,1584,0,0,0,780,804,1584,Townsville,54512,54531,109043,0,0,0,54512,54531,109043
Townsville,2021,5,839,846,1685,0,0,0,839,846,1685,Townsville,56918,55921,112839,0,0,0,56918,55921,112839
Townsville,2021,6,863,885,1748,0,0,0,863,885,1748,Townsville,55616,55914,111530,0,0,0,55616,55914,111530
Townsville,2021,7,855,867,1722,0,0,0,855,867,1722,Townsville,45465,45386,90851,0,0,0,45465,45386,90851
Townsville,2021,8,750,751,1501,0,0,0,750,751,1501,Townsville,28531,30449,58980,0,0,0,28531,30449,58980
Townsville,2021,9,848,851,1699,0,0,0,848,851,1699,Townsville,44252,45090,89342,0,0,0,44252,45090,89342
Townsville,2021,10,849,856,1705,0,0,0,849,856,1705,Townsville,42096,42471,84567,0,0,0,42096,42471,84567
Townsville,2021,11,908,908,1816,0,0,0,908,908,1816,Townsville,42950,43775,86725,0,0,0,42950,43775,86725
Townsville,2021,12,972,981,1953,0,0,0,972,981,1953,Townsville,52968,53049,106017,0,0,0,52968,53049,106017
Townsville,2022,1,822,828,1650,0,0,0,822,828,1650,Townsville,40703,39849,80552,0,0,0,40703,39849,80552
Townsville,2022,2,754,756,1510,0,0,0,754,756,1510,Townsville,37643,38041,75684,0,0,0,37643,38041,75684
Townsville,2022,3,991,992,1983,0,0,0,991,992,1983,Townsville,52878,53425,106303,0,0,0,52878,53425,106303
Townsville,2022,4,955,958,1913,0,0,0,955,958,1913,Townsville,67765,67181,134946,0,0,0,67765,67181,134946
Townsville,2022,5,1056,1047,2103,0,0,0,1056,1047,2103,Townsville,67961,66930,134891,0,0,0,67961,66930,134891
Townsville,2022,6,1079,1081,2160,0,0,0,1079,1081,2160,Townsville,73181,72557,145738,0,0,0,73181,72557,145738
Townsville,2022,7,1027,1032,2059,0,0,0,1027,1032,2059,Townsville,77032,76450,153482,0,0,0,77032,76450,153482
Townsville,2022,8,1075,1077,2152,0,0,0,1075,1077,2152,Townsville,70474,71884,142358,0,0,0,70474,71884,142358
Townsville,2022,9,999,1005,2004,0,0,0,999,1005,2004,Townsville,72163,73570,145733,0,0,0,72163,73570,145733
Townsville,2022,10,1012,1021,2033,0,0,0,1012,1021,2033,Townsville,71632,72223,143855,0,0,0,71632,72223,143855
Townsville,2022,11,1030,1038,2068,0,0,0,1030,1038,2068,Townsville,63881,66759,130640,0,0,0,63881,66759,130640
Townsville,2022,12,966,970,1936,0,0,0,966,970,1936,Townsville,63600,66405,130005,0,0,0,63600,66405,130005
Townsville,2023,1,961,960,1921,0,0,0,961,960,1921,Townsville,60780,57776,118556,0,0,0,60780,57776,118556
Townsville,2023,2,922,924,1846,0,0,0,922,924,1846,Townsville,54278,54972,109250,0,0,0,54278,54972,109250
Townsville,2023,3,1078,1084,2162,0,0,0,1078,1084,2162,Townsville,70734,70157,140891,0,0,0,70734,70157,140891
Townsville,2023,4,1002,1007,2009,0,0,0,1002,1007,2009,Townsville,68197,67452,135649,0,0,0,68197,67452,135649
Townsville,2023,5,1121,1121,2242,0,0,0,1121,1121,2242,Townsville,72574,71584,144158,0,0,0,72574,71584,144158
Townsville,2023,6,1063,1072,2135,0,0,0,1063,1072,2135,Townsville,78209,76273,154482,0,0,0,78209,76273,154482
Townsville,2023,7,1063,1061,2124,0,0,0,1063,1061,2124,Townsville,81864,80540,162404,0,0,0,81864,80540,162404
Townsville,2023,8,1109,1115,2224,0,0,0,1109,1115,2224,Townsville,76129,79501,155630,0,0,0,76129,79501,155630
Townsville,2023,9,1037,1041,2078,0,0,0,1037,1041,2078,Townsville,71745,73575,145320,0,0,0,71745,73575,145320
Townsville,2023,10,1086,1085,2171,0,0,0,1086,1085,2171,Townsville,73485,73111,146596,0,0,0,73485,73111,146596
Townsville,2023,11,1056,1059,2115,0,0,0,1056,1059,2115,Townsville,68318,70954,139272,0,0,0,68318,70954,139272
Townsville,2023,12,949,953,1902,0,0,0,949,953,1902,Townsville,68243,70691,138934,0,0,0,68243,70691,138934
Townsville,2024,1,903,902,1805,0,0,0,903,902,1805,Townsville,59516,55811,115327,0,0,0,59516,55811,115327
Townsville,2024,2,909,913,1822,0,0,0,909,913,1822,Townsville,59792,60575,120367,0,0,0,59792,60575,120367
Townsville,2024,3,1005,1010,2015,0,0,0,1005,1010,2015,Townsville,68045,67585,135630,0,0,0,68045,67585,135630
Townsville,2024,4,995,1006,2001,0,0,0,995,1006,2001,Townsville,69222,67664,136886,0,0,0,69222,67664,136886
Townsville,2024,5,1018,1024,2042,0,0,0,1018,1024,2042,Townsville,68461,67488,135949,0,0,0,68461,67488,135949
Townsville,2024,6,955,954,1909,0,0,0,955,954,1909,Townsville,69554,69469,139023,0,0,0,69554,69469,139023
Townsville,2024,7,1105,1107,2212,0,0,0,1105,1107,2212,Townsville,79717,78193,157910,0,0,0,79717,78193,157910
Townsville,2024,8,1069,1072,2141,0,0,0,1069,1072,2141,Townsville,75227,76604,151831,0,0,0,75227,76604,151831
Townsville,2024,9,1045,1047,2092,0,0,0,1045,1047,2092,Townsville,73559,74515,148074,0,0,0,73559,74515,148074
Townsville,2024,10,1084,1086,2170,0,0,0,1084,1086,2170,Townsville,73639,75355,148994,0,0,0,73639,75355,148994
Townsville,2024,11,985,989,1974,0,0,0,985,989,1974,Townsville,68409,69864,138273,0,0,0,68409,69864,138273
Townsville,2024,12,956,958,1914,0,0,0,956,958,1914,Townsville,65348,69895,135243,0,0,0,65348,69895,135243
Townsville,2025,1,920,921,1841,0,0,0,920,921,1841,Townsville,64627,61428,126055,0,0,0,64627,61428,126055
Townsville,2025,2,871,871,1742,0,0,0,871,871,1742,Townsville,56371,56912,113283,0,0,0,56371,56912,113283
Townsville,2025,3,938,939,1877,0,0,0,938,939,1877,Townsville,62856,62194,125050,0,0,0,62856,62194,125050
Townsville,2025,4,996,1008,2004,0,0,0,996,1008,2004,Townsville,67919,68073,135992,0,0,0,67919,68073,135992
Townsville,2025,5,1004,1015,2019,0,0,0,1004,1015,2019,Townsville,69854,68354,138208,0,0,0,69854,68354,138208
Townsville,2025,6,980,999,1979,0,0,0,980,999,1979,Townsville,69950,69353,139303,0,0,0,69950,69353,139303
All Australian Airports,1985,1,34670,34670,69340,1759,1731,3490,36429,36401,72830,All Australian Airports,1192395,1192395,2384790,263795,208770,472565,1456190,1401165,2857355
All Australian Airports,1985,2,31181,31181,62362,1599,1578,3177,32780,32759,65539,All Australian Airports,957067,957067,1914134,204953,179222,384175,1162020,1136289,2298309
All Australian Airports,1985,3,35812,35812,71624,1762,1750,3512,37574,37562,75136,All Australian Airports,1125440,1125440,2250880,209513,231582,441095,1334953,1357022,2691975
All Australian Airports,1985,4,34463,34463,68926,1693,1670,3363,36156,36133,72289,All Australian Airports,1134341,1134341,2268682,182673,214403,397076,1317014,1348744,2665758
All Australian Airports,1985,5,37863,37863,75726,1774,1749,3523,39637,39612,79249,All Australian Airports,1261049,1261049,2522098,198902,224350,423252,1459951,1485399,2945350
All Australian Airports,1985,6,34215,34215,68430,1715,1696,3411,35930,35911,71841,All Australian Airports,1103678,1103678,2207356,193943,209080,403023,1297621,1312758,2610379
All Australian Airports,1985,7,34088,34088,68176,1673,1640,3313,35761,35728,71489,All Australian Airports,1072786,1072786,2145572,206179,196596,402775,1278965,1269382,2548347
All Australian Airports,1985,8,37299,37299,74598,1800,1779,3579,39099,39078,78177,All Australian Airports,1273956,1273956,2547912,216594,229109,445703,1490550,1503065,2993615
All Australian Airports,1985,9,35965,35965,71930,1742,1721,3463,37707,37686,75393,All Australian Airports,1287769,1287769,2575538,243608,197542,441150,1531377,1485311,3016688
All Australian Airports,1985,10,37207,37207,74414,1767,1753,3520,38974,38960,77934,All Australian Airports,1254244,1254244,2508488,249262,178319,427581,1503506,1432563,2936069
All Australian Airports,1985,11,35955,35955,71910,1834,1823,3657,37789,37778,75567,All Australian Airports,1213429,1213429,2426858,233980,211234,445214,1447409,1424663,2872072
All Australian Airports,1985,12,36472,36472,72944,1945,1938,3883,38417,38410,76827,All Australian Airports,1221294,1221294,2442588,243329,273435,516764,1464623,1494729,2959352
All Australian Airports,1986,1,35804,35804,71608,1981,1969,3950,37785,37773,75558,All Australian Airports,1274458,1274458,2548916,292576,237224,529800,1567034,1511682,3078716
All Australian Airports,1986,2,31883,31883,63766,1718,1706,3424,33601,33589,67190,All Australian Airports,1085561,1085561,2171122,223688,188004,411692,1309249,1273565,2582814
All Australian Airports,1986,3,35225,35225,70450,1926,1924,3850,37151,37149,74300,All Australian Airports,1232739,1232739,2465478,225416,241557,466973,1458155,1474296,2932451
All Australian Airports,1986,4,35040,35040,70080,1941,1941,3882,36981,36981,73962,All Australian Airports,1210883,1210883,2421766,208330,243972,452302,1419213,1454855,2874068
All Australian Airports,1986,5,36834,36834,73668,2051,2044,4095,38885,38878,77763,All Australian Airports,1273662,1273662,2547324,214800,239637,454437,1488462,1513299,3001761
All Australian Airports,1986,6,34678,34678,69356,1979,1977,3956,36657,36655,73312,All Australian Airports,1143147,1143147,2286294,209651,220335,429986,1352798,1363482,2716280
All Australian Airports,1986,7,35573,35573,71146,2035,2027,4062,37608,37600,75208,All Australian Airports,1184132,1184132,2368264,239617,228905,468522,1423749,1413037,2836786
All Australian Airports,1986,8,36781,36781,73562,2079,2073,4152,38860,38854,77714,All Australian Airports,1338199,1338199,2676398,255503,261532,517035,1593702,1599731,3193433
All Australian Airports,1986,9,36729,36729,73458,1913,1906,3819,38642,38635,77277,All Australian Airports,1293720,1293720,2587440,266920,221479,488399,1560640,1515199,3075839
All Australian Airports,1986,10,36695,36695,73390,2133,2119,4252,38828,38814,77642,All Australian Airports,1326396,1326396,2652792,282320,213632,495952,1608716,1540028,3148744
All Australian Airports,1986,11,34938,34938,69876,2153,2148,4301,37091,37086,74177,All Australian Airports,1214455,1214455,2428910,274844,250773,525617,1489299,1465228,2954527
All Australian Airports,1986,12,37517,37517,75034,2241,2234,4475,39758,39751,79509,All Australian Airports,1253728,1253728,2507456,280169,297553,577722,1533897,1551281,3085178
All Australian Airports,1987,1,35518,35518,71036,2303,2297,4600,37821,37815,75636,All Australian Airports,1306407,1306407,2612814,336241,278842,615083,1642648,1585249,3227897
All Australian Airports,1987,2,33194,33194,66388,2035,2026,4061,35229,35220,70449,All Australian Airports,1135705,1135705,2271410,263562,233605,497167,1399267,1369310,2768577
All Australian Airports,1987,3,35950,35950,71900,2207,2203,4410,38157,38153,76310,All Australian Airports,1241299,1241299,2482598,246336,274131,520467,1487635,1515430,3003065
All Australian Airports,1987,4,35736,35736,71472,2122,2112,4234,37858,37848,75706,All Australian Airports,1321084,1321084,2642168,245843,258248,504091,1566927,1579332,3146259
All Australian Airports,1987,5,34216,34216,68432,2221,2212,4433,36437,36428,72865,All Australian Airports,1208563,1208563,2417126,234032,269714,503746,1442595,1478277,2920872
All Australian Airports,1987,6,34302,34302,68604,2113,2111,4224,36415,36413,72828,All Australian Airports,1178189,1178189,2356378,229533,251647,481180,1407722,1429836,2837558
All Australian Airports,1987,7,36872,36872,73744,2256,2240,4496,39128,39112,78240,All Australian Airports,1386508,1386508,2773016,304662,273355,578017,1691170,1659863,3351033
All Australian Airports,1987,8,35812,35812,71624,2269,2259,4528,38081,38071,76152,All Australian Airports,1316872,1316872,2633744,290267,292715,582982,1607139,1609587,3216726
All Australian Airports,1987,9,36264,36264,72528,2198,2190,4388,38462,38454,76916,All Australian Airports,1378347,1378347,2756694,293051,284202,577253,1671398,1662549,3333947
All Australian Airports,1987,10,37469,37469,74938,2328,2308,4636,39797,39777,79574,All Australian Airports,1460138,1460138,2920276,358523,261408,619931,1818661,1721546,3540207
All Australian Airports,1987,11,36667,36667,73334,2286,2274,4560,38953,38941,77894,All Australian Airports,1338374,1338374,2676748,311171,278325,589496,1649545,1616699,3266244
All Australian Airports,1987,12,37913,37913,75826,2457,2437,4894,40370,40350,80720,All Australian Airports,1330040,1330040,2660080,323057,321962,645019,1653097,1652002,3305099
All Australian Airports,1988,1,35486,35486,70972,2530,2512,5042,38016,37998,76014,All Australian Airports,1363561,1363561,2727122,371659,322979,694638,1735220,1686540,3421760
All Australian Airports,1988,2,33515,33515,67030,2278,2245,4523,35793,35760,71553,All Australian Airports,1222706,1222706,2445412,302167,265724,567891,1524873,1488430,3013303
All Australian Airports,1988,3,37193,37193,74386,2350,2330,4680,39543,39523,79066,All Australian Airports,1373375,1373375,2746750,298283,310622,608905,1671658,1683997,3355655
All Australian Airports,1988,4,35852,35852,71704,2410,2385,4795,38262,38237,76499,All Australian Airports,1315299,1315299,2630598,288218,297783,586001,1603517,1613082,3216599
All Australian Airports,1988,5,36162,36162,72324,2506,2482,4988,38668,38644,77312,All Australian Airports,1349328,1349328,2698656,264494,307690,572184,1613822,1657018,3270840
All Australian Airports,1988,6,36417,36417,72834,2430,2408,4838,38847,38825,77672,All Australian Airports,1346807,1346807,2693614,287424,302002,589426,1634231,1648809,3283040
All Australian Airports,1988,7,39467,39467,78934,2570,2551,5121,42037,42018,84055,All Australian Airports,1542634,1542634,3085268,366504,320304,686808,1909138,1862938,3772076
All Australian Airports,1988,8,40066,40066,80132,2547,2520,5067,42613,42586,85199,All Australian Airports,1502451,1502451,3004902,340569,339043,679612,1843020,1841494,3684514
All Australian Airports,1988,9,40441,40441,80882,2469,2435,4904,42910,42876,85786,All Australian Airports,1600562,1600562,3201124,348421,346881,695302,1948983,1947443,3896426
All Australian Airports,1988,10,39981,39981,79962,2597,2577,5174,42578,42558,85136,All Australian Airports,1545842,1545842,3091684,392404,312920,705324,1938246,1858762,3797008
All Australian Airports,1988,11,37938,37938,75876,2643,2616,5259,40581,40554,81135,All Australian Airports,1357601,1357601,2715202,341635,312110,653745,1699236,1669711,3368947
All Australian Airports,1988,12,37962,37962,75924,2885,2858,5743,40847,40820,81667,All Australian Airports,1339087,1339087,2678174,353341,373605,726946,1692428,1712692,3405120
All Australian Airports,1989,1,37156,37156,74312,2936,2896,5832,40092,40052,80144,All Australian Airports,1317565,1317565,2635130,406078,353027,759105,1723643,1670592,3394235
All Australian Airports,1989,2,34391,34391,68782,2594,2558,5152,36985,36949,73934,All Australian Airports,1152626,1152626,2305252,325524,279992,605516,1478150,1432618,2910768
All Australian Airports,1989,3,37501,37501,75002,2747,2700,5447,40248,40201,80449,All Australian Airports,1394457,1394457,2788914,310085,342512,652597,1704542,1736969,3441511
All Australian Airports,1989,4,35663,35663,71326,2762,2727,5489,38425,38390,76815,All Australian Airports,1256371,1256371,2512742,299136,315425,614561,1555507,1571796,3127303
All Australian Airports,1989,5,36759,36759,73518,2778,2715,5493,39537,39474,79011,All Australian Airports,1221574,1221574,2443148,254512,299689,554201,1476086,1521263,2997349
All Australian Airports,1989,6,35108,35108,70216,2646,2604,5250,37754,37712,75466,All Australian Airports,1267056,1267056,2534112,284425,312446,596871,1551481,1579502,3130983
All Australian Airports,1989,7,36075,36075,72150,2799,2749,5548,38874,38824,77698,All Australian Airports,1376939,1376939,2753878,370111,317490,687601,1747050,1694429,3441479
All Australian Airports,1989,8,28818,28818,57636,2824,2778,5602,31642,31596,63238,All Australian Airports,893167,893167,1786334,324349,338415,662764,1217516,1231582,2449098
All Australian Airports,1989,9,22160,22160,44320,2823,2772,5595,24983,24932,49915,All Australian Airports,364884,364884,729768,341728,341420,683148,706612,706304,1412916
All Australian Airports,1989,10,26147,26147,52294,2929,2867,5796,29076,29014,58090,All Australian Airports,599969,599969,1199938,391321,292732,684053,991290,892701,1883991
All Australian Airports,1989,11,27709,27709,55418,2917,2862,5779,30626,30571,61197,All Australian Airports,764842,764842,1529684,343052,311100,654152,1107894,1075942,2183836
All Australian Airports,1989,12,28833,28833,57666,3029,2993,6022,31862,31826,63688,All Australian Airports,946235,946235,1892470,365371,411163,776534,1311606,1357398,2669004
All Australian Airports,1990,1,30592,30592,61184,3074,3027,6101,33666,33619,67285,All Australian Airports,1108884,1108884,2217768,434987,370070,805057,1543871,1478954,3022825
All Australian Airports,1990,2,28707,28707,57414,2779,2728,5507,31486,31435,62921,All Australian Airports,1015822,1015822,2031644,348203,294226,642429,1364025,1310048,2674073
All Australian Airports,1990,3,32357,32357,64714,3040,2992,6032,35397,35349,70746,All Australian Airports,1187096,1187096,2374192,323246,351298,674544,1510342,1538394,3048736
All Australian Airports,1990,4,33873,33873,67746,2940,2890,5830,36813,36763,73576,All Australian Airports,1261914,1261914,2523828,335754,370333,706087,1597668,1632247,3229915
All Australian Airports,1990,5,35219,35219,70438,3024,2993,6017,38243,38212,76455,All Australian Airports,1166929,1166929,2333858,290503,331581,622084,1457432,1498510,2955942
All Australian Airports,1990,6,34105,34105,68210,2934,2897,5831,37039,37002,74041,All Australian Airports,1174963,1174963,2349926,306690,347626,654316,1481653,1522589,3004242
All Australian Airports,1990,7,36419,36419,72838,3056,3016,6072,39475,39435,78910,All Australian Airports,1358027,1358027,2716054,396377,351530,747907,1754404,1709557,3463961
All Australian Airports,1990,8,35941,35941,71882,3074,3038,6112,39015,38979,77994,All Australian Airports,1304999,1304999,2609998,362706,365264,727970,1667705,1670263,3337968
All Australian Airports,1990,9,36236,36236,72472,2971,2953,5924,39207,39189,78396,All Australian Airports,1395204,1395204,2790408,365425,370343,735768,1760629,1765547,3526176
All Australian Airports,1990,10,39250,39250,78500,3114,3091,6205,42364,42341,84705,All Australian Airports,1462192,1462192,2924384,415331,311123,726454,1877523,1773315,3650838
All Australian Airports,1990,11,37188,37188,74376,3122,3087,6209,40310,40275,80585,All Australian Airports,1367879,1367879,2735758,350086,333334,683420,1717965,1701213,3419178
All Australian Airports,1990,12,35305,35305,70610,3273,3244,6517,38578,38549,77127,All Australian Airports,1396142,1396142,2792284,373740,422449,796189,1769882,1818591,3588473
All Australian Airports,1991,1,37068,37068,74136,3293,3281,6574,40361,40349,80710,All Australian Airports,1487428,1487428,2974856,436936,366581,803517,1924364,1854009,3778373
All Australian Airports,1991,2,33831,33831,67662,2933,2916,5849,36764,36747,73511,All Australian Airports,1197027,1197027,2394054,323487,294390,617877,1520514,1491417,3011931
All Australian Airports,1991,3,37322,37322,74644,3235,3218,6453,40557,40540,81097,All Australian Airports,1364028,1364028,2728056,319028,348723,667751,1683056,1712751,3395807
All Australian Airports,1991,4,38070,38070,76140,2910,2897,5807,40980,40967,81947,All Australian Airports,1424785,1424785,2849570,300563,320391,620954,1725348,1745176,3470524
All Australian Airports,1991,5,39047,39047,78094,2987,2967,5954,42034,42014,84048,All Australian Airports,1352652,1352652,2705304,289444,326351,615795,1642096,1679003,3321099
All Australian Airports,1991,6,38506,38506,77012,2991,2974,5965,41497,41480,82977,All Australian Airports,1426404,1426404,2852808,324042,356867,680909,1750446,1783271,3533717
All Australian Airports,1991,7,41158,41158,82316,3100,3088,6188,44258,44246,88504,All Australian Airports,1760937,1760937,3521874,409725,364182,773907,2170662,2125119,4295781
All Australian Airports,1991,8,39839,39839,79678,3109,3092,6201,42948,42931,85879,All Australian Airports,1709216,1709216,3418432,371301,375371,746672,2080517,2084587,4165104
All Australian Airports,1991,9,39849,39849,79698,2993,2988,5981,42842,42837,85679,All Australian Airports,1870074,1870074,3740148,378629,382911,761540,2248703,2252985,4501688
All Australian Airports,1991,10,42247,42247,84494,3088,3075,6163,45335,45322,90657,All Australian Airports,1950933,1950933,3901866,435723,353070,788793,2386656,2304003,4690659
All Australian Airports,1991,11,41630,41630,83260,3139,3134,6273,44769,44764,89533,All Australian Airports,1820650,1820650,3641300,381203,378711,759914,2201853,2199361,4401214
All Australian Airports,1991,12,41254,41254,82508,3310,3300,6610,44564,44554,89118,All Australian Airports,1841607,1841607,3683214,383963,430985,814948,2225570,2272592,4498162
All Australian Airports,1992,1,40729,40729,81458,3330,3325,6655,44059,44054,88113,All Australian Airports,1806414,1806414,3612828,452237,384720,836957,2258651,2191134,4449785
All Australian Airports,1992,2,38030,38030,76060,3112,3112,6224,41142,41142,82284,All Australian Airports,1480280,1480280,2960560,380351,342690,723041,1860631,1822970,3683601
All Australian Airports,1992,3,41314,41314,82628,3304,3298,6602,44618,44612,89230,All Australian Airports,1578324,1578324,3156648,343875,376487,720362,1922199,1954811,3877010
All Australian Airports,1992,4,41245,41245,82490,3278,3262,6540,44523,44507,89030,All Australian Airports,1659060,1659060,3318120,358914,390167,749081,2017974,2049227,4067201
All Australian Airports,1992,5,41861,41861,83722,3377,3373,6750,45238,45234,90472,All Australian Airports,1532455,1532455,3064910,320192,363908,684100,1852647,1896363,3749010
All Australian Airports,1992,6,41584,41584,83168,3250,3243,6493,44834,44827,89661,All Australian Airports,1515243,1515243,3030486,322929,360645,683574,1838172,1875888,3714060
All Australian Airports,1992,7,43983,43983,87966,3372,3349,6721,47355,47332,94687,All Australian Airports,1749523,1749523,3499046,435768,393798,829566,2185291,2143321,4328612
All Australian Airports,1992,8,42167,42167,84334,3415,3406,6821,45582,45573,91155,All Australian Airports,1637838,1637838,3275676,376059,380893,756952,2013897,2018731,4032628
All Australian Airports,1992,9,44195,44195,88390,3334,3322,6656,47529,47517,95046,All Australian Airports,1791688,1791688,3583376,386283,400593,786876,2177971,2192281,4370252
All Australian Airports,1992,10,45739,45739,91478,3484,3482,6966,49223,49221,98444,All Australian Airports,1883093,1883093,3766186,457934,355498,813432,2341027,2238591,4579618
All Australian Airports,1992,11,43473,43473,86946,3530,3503,7033,47003,46976,93979,All Australian Airports,1758142,1758142,3516284,405635,397517,803152,2163777,2155659,4319436
All Australian Airports,1992,12,44472,44472,88944,3774,3755,7529,48246,48227,96473,All Australian Airports,1793321,1793321,3586642,430288,490547,920835,2223609,2283868,4507477
All Australian Airports,1993,1,42926,42926,85852,3729,3727,7456,46655,46653,93308,All Australian Airports,1879330,1879330,3758660,516585,438365,954950,2395915,2317695,4713610
All Australian Airports,1993,2,40449,40449,80898,3389,3381,6770,43838,43830,87668,All Australian Airports,1582441,1582441,3164882,405308,356814,762122,1987749,1939255,3927004
All Australian Airports,1993,3,44596,44596,89192,3665,3650,7315,48261,48246,96507,All Australian Airports,1729121,1729121,3458242,389293,413113,802406,2118414,2142234,4260648
All Australian Airports,1993,4,44170,44170,88340,3572,3557,7129,47742,47727,95469,All Australian Airports,1816245,1816245,3632490,385172,416542,801714,2201417,2232787,4434204
All Australian Airports,1993,5,43563,43563,87126,3680,3680,7360,47243,47243,94486,All Australian Airports,1646109,1646109,3292218,356028,408986,765014,2002137,2055095,4057232
All Australian Airports,1993,6,43146,43146,86292,3526,3519,7045,46672,46665,93337,All Australian Airports,1656336,1656336,3312672,358340,403706,762046,2014676,2060042,4074718
All Australian Airports,1993,7,44088,44088,88176,3717,3705,7422,47805,47793,95598,All Australian Airports,1816327,1816327,3632654,472768,403100,875868,2289095,2219427,4508522
All Australian Airports,1993,8,44230,44230,88460,3673,3652,7325,47903,47882,95785,All Australian Airports,1798686,1798686,3597372,413429,426981,840410,2212115,2225667,4437782
All Australian Airports,1993,9,44372,44372,88744,3606,3583,7189,47978,47955,95933,All Australian Airports,1904842,1904842,3809684,421487,429754,851241,2326329,2334596,4660925
All Australian Airports,1993,10,46191,46191,92382,3776,3746,7522,49967,49937,99904,All Australian Airports,1981066,1981066,3962132,506269,405797,912066,2487335,2386863,4874198
All Australian Airports,1993,11,44565,44565,89130,3558,3536,7094,48123,48101,96224,All Australian Airports,1895808,1895808,3791616,432614,438218,870832,2328422,2334026,4662448
All Australian Airports,1993,12,45216,45216,90432,3786,3755,7541,49002,48971,97973,All Australian Airports,1896132,1896132,3792264,470552,509064,979616,2366684,2405196,4771880
All Australian Airports,1994,1,43413,43413,86826,3803,3786,7589,47216,47199,94415,All Australian Airports,1959240,1959240,3918480,527407,469469,996876,2486647,2428709,4915356
All Australian Airports,1994,2,40735,40735,81470,3390,3363,6753,44125,44098,88223,All Australian Airports,1752119,1752119,3504238,460291,417938,878229,2212410,2170057,4382467
All Australian Airports,1994,3,46486,46486,92972,3679,3655,7334,50165,50141,100306,All Australian Airports,2017836,2017836,4035672,457106,479516,936622,2474942,2497352,4972294
All Australian Airports,1994,4,44427,44427,88854,3510,3498,7008,47937,47925,95862,All Australian Airports,1942669,1942669,3885338,420003,448911,868914,2362672,2391580,4754252
All Australian Airports,1994,5,45655,45655,91310,3628,3603,7231,49283,49258,98541,All Australian Airports,1822666,1822666,3645332,359926,418249,778175,2182592,2240915,4423507
All Australian Airports,1994,6,44993,44993,89986,3528,3506,7034,48521,48499,97020,All Australian Airports,1881521,1881521,3763042,398165,434962,833127,2279686,2316483,4596169
All Australian Airports,1994,7,47448,47448,94896,3714,3695,7409,51162,51143,102305,All Australian Airports,2115581,2115581,4231162,522764,453194,975958,2638345,2568775,5207120
All Australian Airports,1994,8,47616,47616,95232,3651,3632,7283,51267,51248,102515,All Australian Airports,2052569,2052569,4105138,451024,470159,921183,2503593,2522728,5026321
All Australian Airports,1994,9,46950,46950,93900,3646,3619,7265,50596,50569,101165,All Australian Airports,2161239,2161239,4322478,466412,464745,931157,2627651,2625984,5253635
All Australian Airports,1994,10,48357,48357,96714,3812,3778,7590,52169,52135,104304,All Australian Airports,2251862,2251862,4503724,543192,444819,988011,2795054,2696681,5491735
All Australian Airports,1994,11,46359,46359,92718,3804,3767,7571,50163,50126,100289,All Australian Airports,2114914,2114914,4229828,468686,465186,933872,2583600,2580100,5163700
All Australian Airports,1994,12,47584,47584,95168,3962,3927,7889,51546,51511,103057,All Australian Airports,2074197,2074197,4148394,516874,554602,1071476,2591071,2628799,5219870
All Australian Airports,1995,1,45318,45318,90636,4010,3970,7980,49328,49288,98616,All Australian Airports,2198830,2198830,4397660,589329,519315,1108644,2788159,2718145,5506304
All Australian Airports,1995,2,42933,42933,85866,3606,3570,7176,46539,46503,93042,All Australian Airports,1910419,1910419,3820838,490333,439366,929699,2400752,2349785,4750537
All Australian Airports,1995,3,48138,48138,96276,3947,3920,7867,52085,52058,104143,All Australian Airports,2088894,2088894,4177788,466598,502616,969214,2555492,2591510,5147002
All Australian Airports,1995,4,47166,47166,94332,3881,3849,7730,51047,51015,102062,All Australian Airports,2126236,2126236,4252472,469570,498096,967666,2595806,2624332,5220138
All Australian Airports,1995,5,48249,48249,96498,3979,3947,7926,52228,52196,104424,All Australian Airports,1976056,1976056,3952112,407934,461791,869725,2383990,2437847,4821837
All Australian Airports,1995,6,47164,47164,94328,3900,3862,7762,51064,51026,102090,All Australian Airports,2020555,2020555,4041110,437595,461553,899148,2458150,2482108,4940258
All Australian Airports,1995,7,48695,48695,97390,4074,4024,8098,52769,52719,105488,All Australian Airports,2230135,2230135,4460270,576773,503218,1079991,2806908,2733353,5540261
All Australian Airports,1995,8,49143,49143,98286,4050,3998,8048,53193,53141,106334,All Australian Airports,2259507,2259507,4519014,498982,518535,1017517,2758489,2778042,5536531
All Australian Airports,1995,9,48004,48004,96008,3915,3875,7790,51919,51879,103798,All Australian Airports,2301857,2301857,4603714,494221,500676,994897,2796078,2802533,5598611
All Australian Airports,1995,10,49797,49797,99594,4076,4022,8098,53873,53819,107692,All Australian Airports,2363451,2363451,4726902,574700,466206,1040906,2938151,2829657,5767808
All Australian Airports,1995,11,48511,48511,97022,4017,3981,7998,52528,52492,105020,All Australian Airports,2257961,2257961,4515922,510998,506151,1017149,2768959,2764112,5533071
All Australian Airports,1995,12,47825,47825,95650,4266,4228,8494,52091,52053,104144,All Australian Airports,2223827,2223827,4447654,564233,604419,1168652,2788060,2828246,5616306
All Australian Airports,1996,1,48089,48089,96178,4270,4240,8510,52359,52329,104688,All Australian Airports,2298728,2298728,4597456,625708,558520,1184228,2924436,2857248,5781684
All Australian Airports,1996,2,46132,46132,92264,4061,4023,8084,50193,50155,100348,All Australian Airports,2046935,2046935,4093870,565345,496045,1061390,2612280,2542980,5155260
All Australian Airports,1996,3,49265,49265,98530,4250,4214,8464,53515,53479,106994,All Australian Airports,2235848,2235848,4471696,528958,570914,1099872,2764806,2806762,5571568
All Australian Airports,1996,4,48457,48457,96914,4154,4125,8279,52611,52582,105193,All Australian Airports,2255828,2255828,4511656,523996,537998,1061994,2779824,2793826,5573650
All Australian Airports,1996,5,49839,49839,99678,4252,4199,8451,54091,54038,108129,All Australian Airports,2142058,2142058,4284116,430732,485036,915768,2572790,2627094,5199884
All Australian Airports,1996,6,47315,47315,94630,4173,4121,8294,51488,51436,102924,All Australian Airports,2151907,2151907,4303814,497238,539849,1037087,2649145,2691756,5340901
All Australian Airports,1996,7,50956,50956,101912,4374,4345,8719,55330,55301,110631,All Australian Airports,2344926,2344926,4689852,600167,531934,1132101,2945093,2876860,5821953
All Australian Airports,1996,8,50246,50246,100492,4355,4309,8664,54601,54555,109156,All Australian Airports,2305139,2305139,4610278,539877,566540,1106417,2845016,2871679,5716695
All Australian Airports,1996,9,49027,49027,98054,4271,4210,8481,53298,53237,106535,All Australian Airports,2385737,2385737,4771474,543871,549898,1093769,2929608,2935635,5865243
All Australian Airports,1996,10,51330,51330,102660,4350,4301,8651,55680,55631,111311,All Australian Airports,2485662,2485662,4971324,638351,516377,1154728,3124013,3002039,6126052
All Australian Airports,1996,11,49277,49277,98554,4346,4292,8638,53623,53569,107192,All Australian Airports,2279292,2279292,4558584,573063,559022,1132085,2852355,2838314,5690669
All Australian Airports,1996,12,48858,48858,97716,4567,4521,9088,53425,53379,106804,All Australian Airports,2299767,2299767,4599534,623712,664036,1287748,2923479,2963803,5887282
All Australian Airports,1997,1,47507,47507,95014,4551,4521,9072,52058,52028,104086,All Australian Airports,2295584,2295584,4591168,675571,614026,1289597,2971155,2909610,5880765
All Australian Airports,1997,2,44937,44937,89874,4089,4048,8137,49026,48985,98011,All Australian Airports,2053807,2053807,4107614,593466,525705,1119171,2647273,2579512,5226785
All Australian Airports,1997,3,48835,48835,97670,4458,4401,8859,53293,53236,106529,All Australian Airports,2309410,2309410,4618820,582353,615104,1197457,2891763,2924514,5816277
All Australian Airports,1997,4,47851,47851,95702,4240,4194,8434,52091,52045,104136,All Australian Airports,2265485,2265485,4530970,528376,564554,1092930,2793861,2830039,5623900
All Australian Airports,1997,5,48564,48564,97128,4377,4324,8701,52941,52888,105829,All Australian Airports,2135558,2135558,4271116,477793,541424,1019217,2613351,2676982,5290333
All Australian Airports,1997,6,47092,47092,94184,4259,4195,8454,51351,51287,102638,All Australian Airports,2146095,2146095,4292190,519046,574214,1093260,2665141,2720309,5385450
All Australian Airports,1997,7,50638,50638,101276,4502,4444,8946,55140,55082,110222,All Australian Airports,2389183,2389183,4778366,684123,590935,1275058,3073306,2980118,6053424
All Australian Airports,1997,8,49701,49701,99402,4494,4439,8933,54195,54140,108335,All Australian Airports,2399677,2399677,4799354,561304,600551,1161855,2960981,3000228,5961209
All Australian Airports,1997,9,49254,49254,98508,4288,4218,8506,53542,53472,107014,All Australian Airports,2406584,2406584,4813168,575532,572064,1147596,2982116,2978648,5960764
All Australian Airports,1997,10,50964,50964,101928,4499,4432,8931,55463,55396,110859,All Australian Airports,2553594,2553594,5107188,672911,554111,1227022,3226505,3107705,6334210
All Australian Airports,1997,11,48079,48079,96158,4494,4452,8946,52573,52531,105104,All Australian Airports,2288842,2288842,4577684,594835,594323,1189158,2883677,2883165,5766842
All Australian Airports,1997,12,48301,48301,96602,4668,4615,9283,52969,52916,105885,All Australian Airports,2266256,2266256,4532512,608928,653606,1262534,2875184,2919862,5795046
All Australian Airports,1998,1,46997,46997,93994,4654,4619,9273,51651,51616,103267,All Australian Airports,2318659,2318659,4637318,680064,614301,1294365,2998723,2932960,5931683
All Australian Airports,1998,2,44341,44341,88682,4124,4084,8208,48465,48425,96890,All Australian Airports,2047282,2047282,4094564,568733,515811,1084544,2616015,2563093,5179108
All Australian Airports,1998,3,49365,49365,98730,4490,4429,8919,53855,53794,107649,All Australian Airports,2320728,2320728,4641456,535256,573299,1108555,2855984,2894027,5750011
All Australian Airports,1998,4,48119,48119,96238,4386,4349,8735,52505,52468,104973,All Australian Airports,2313393,2313393,4626786,564847,602595,1167442,2878240,2915988,5794228
All Australian Airports,1998,5,48726,48726,97452,4537,4487,9024,53263,53213,106476,All Australian Airports,2209356,2209356,4418712,500921,563877,1064798,2710277,2773233,5483510
All Australian Airports,1998,6,47376,47376,94752,4294,4247,8541,51670,51623,103293,All Australian Airports,2223474,2223474,4446948,530216,566970,1097186,2753690,2790444,5544134
All Australian Airports,1998,7,50304,50304,100608,4510,4474,8984,54814,54778,109592,All Australian Airports,2410901,2410901,4821802,664791,582535,1247326,3075692,2993436,6069128
All Australian Airports,1998,8,49760,49760,99520,4566,4503,9069,54326,54263,108589,All Australian Airports,2368495,2368495,4736990,581496,621787,1203283,2949991,2990282,5940273
All Australian Airports,1998,9,49751,49751,99502,4400,4348,8748,54151,54099,108250,All Australian Airports,2418346,2418346,4836692,601615,591979,1193594,3019961,3010325,6030286
All Australian Airports,1998,10,50954,50954,101908,4568,4519,9087,55522,55473,110995,All Australian Airports,2571842,2571842,5143684,692703,586039,1278742,3264545,3157881,6422426
All Australian Airports,1998,11,49204,49204,98408,4324,4269,8593,53528,53473,107001,All Australian Airports,2331596,2331596,4663192,595261,597381,1192642,2926857,2928977,5855834
All Australian Airports,1998,12,49616,49616,99232,4494,4463,8957,54110,54079,108189,All Australian Airports,2332538,2332538,4665076,637411,667417,1304828,2969949,2999955,5969904
All Australian Airports,1999,1,47314,47314,94628,4559,4539,9098,51873,51853,103726,All Australian Airports,2308083,2308083,4616166,711690,663273,1374963,3019773,2971356,5991129
All Australian Airports,1999,2,45302,45302,90604,4098,4059,8157,49400,49361,98761,All Australian Airports,2081309,2081309,4162618,608912,533862,1142774,2690221,2615171,5305392
All Australian Airports,1999,3,50772,50772,101544,4484,4443,8927,55256,55215,110471,All Australian Airports,2399634,2399634,4799268,602150,626197,1228347,3001784,3025831,6027615
All Australian Airports,1999,4,48842,48842,97684,4312,4262,8574,53154,53104,106258,All Australian Airports,2334765,2334765,4669530,575080,609590,1184670,2909845,2944355,5854200
All Australian Airports,1999,5,49547,49547,99094,4383,4345,8728,53930,53892,107822,All Australian Airports,2269470,2269470,4538940,517783,562137,1079920,2787253,2831607,5618860
All Australian Airports,1999,6,48368,48368,96736,4180,4149,8329,52548,52517,105065,All Australian Airports,2318684,2318684,4637368,542817,590155,1132972,2861501,2908839,5770340
All Australian Airports,1999,7,49836,49836,99672,4496,4461,8957,54332,54297,108629,All Australian Airports,2497419,2497419,4994838,706613,611044,1317657,3204032,3108463,6312495
All Australian Airports,1999,8,50098,50098,100196,4491,4447,8938,54589,54545,109134,All Australian Airports,2488412,2488412,4976824,611009,672827,1283836,3099421,3161239,6260660
All Australian Airports,1999,9,49297,49297,98594,4347,4301,8648,53644,53598,107242,All Australian Airports,2608033,2608033,5216066,645896,643786,1289682,3253929,3251819,6505748
All Australian Airports,1999,10,50302,50302,100604,4482,4431,8913,54784,54733,109517,All Australian Airports,2693690,2693690,5387380,734824,611518,1346342,3428514,3305208,6733722
All Australian Airports,1999,11,48839,48839,97678,4392,4333,8725,53231,53172,106403,All Australian Airports,2429967,2429967,4859934,643641,637963,1281604,3073608,3067930,6141538
All Australian Airports,1999,12,49095,49095,98190,4598,4562,9160,53693,53657,107350,All Australian Airports,2386381,2386381,4772762,641908,681888,1323796,3028289,3068269,6096558
All Australian Airports,2000,1,46320,46320,92640,4673,4641,9314,50993,50961,101954,All Australian Airports,2370043,2370043,4740086,719427,685967,1405394,3089470,3056010,6145480
All Australian Airports,2000,2,45871,45871,91742,4351,4313,8664,50222,50184,100406,All Australian Airports,2257069,2257069,4514138,666259,590819,1257078,2923328,2847888,5771216
All Australian Airports,2000,3,50400,50400,100800,4623,4576,9199,55023,54976,109999,All Australian Airports,2535211,2535211,5070422,626792,664433,1291225,3162003,3199644,6361647
All Australian Airports,2000,4,47852,47852,95704,4615,4575,9190,52467,52427,104894,All Australian Airports,2479731,2479731,4959462,670585,705170,1375755,3150316,3184901,6335217
All Australian Airports,2000,5,50984,50984,101968,4631,4582,9213,55615,55566,111181,All Australian Airports,2422777,2422777,4845554,559444,629995,1189439,2982221,3052772,6034993
All Australian Airports,2000,6,50583,50583,101166,4527,4471,8998,55110,55054,110164,All Australian Airports,2497790,2497790,4995580,590606,631280,1221886,3088396,3129070,6217466
All Australian Airports,2000,7,51801,51801,103602,4848,4796,9644,56649,56597,113246,All Australian Airports,2535504,2535504,5071008,765264,667776,1433040,3300768,3203280,6504048
All Australian Airports,2000,8,53116,53116,106232,4797,4741,9538,57913,57857,115770,All Australian Airports,2642954,2642954,5285908,653600,692941,1346541,3296554,3335895,6632449
All Australian Airports,2000,9,51541,51541,103082,4734,4675,9409,56275,56216,112491,All Australian Airports,2849341,2849341,5698682,709223,683155,1392378,3558564,3532496,7091060
All Australian Airports,2000,10,53691,53691,107382,4808,4770,9578,58499,58461,116960,All Australian Airports,2823124,2823124,5646248,784022,701143,1485165,3607146,3524267,7131413
All Australian Airports,2000,11,52127,52127,104254,4643,4609,9252,56770,56736,113506,All Australian Airports,2692183,2692183,5384366,729698,730454,1460152,3421881,3422637,6844518
All Australian Airports,2000,12,51494,51494,102988,4946,4909,9855,56440,56403,112843,All Australian Airports,2726423,2726423,5452846,789820,839801,1629621,3516243,3566224,7082467
All Australian Airports,2001,1,50819,50819,101638,4906,4861,9767,55725,55680,111405,All Australian Airports,2847491,2847491,5694982,855773,798087,1653860,3703264,3645578,7348842
All Australian Airports,2001,2,47966,47966,95932,4289,4238,8527,52255,52204,104459,All Australian Airports,2352787,2352787,4705574,703576,615353,1318929,3056363,2968140,6024503
All Australian Airports,2001,3,54166,54166,108332,4779,4715,9494,58945,58881,117826,All Australian Airports,2782038,2782038,5564076,688265,723252,1411517,3470303,3505290,6975593
All Australian Airports,2001,4,51824,51824,103648,4685,4637,9322,56509,56461,112970,All Australian Airports,2842533,2842533,5685066,695693,729635,1425328,3538226,3572168,7110394
All Australian Airports,2001,5,52923,52923,105846,4711,4674,9385,57634,57597,115231,All Australian Airports,2673538,2673538,5347076,582571,656184,1238755,3256109,3329722,6585831
All Australian Airports,2001,6,48870,48870,97740,4579,4552,9131,53449,53422,106871,All Australian Airports,2632742,2632742,5265484,647013,684205,1331218,3279755,3316947,6596702
All Australian Airports,2001,7,49879,49879,99758,4679,4647,9326,54558,54526,109084,All Australian Airports,2907667,2907667,5815334,819763,727134,1546897,3727430,3634801,7362231
All Australian Airports,2001,8,50611,50611,101222,4651,4628,9279,55262,55239,110501,All Australian Airports,2787460,2787460,5574920,688655,739708,1428363,3476115,3527168,7003283
All Australian Airports,2001,9,38495,38495,76990,4456,4423,8879,42951,42918,85869,All Australian Airports,2347364,2347364,4694728,691070,687638,1378708,3038434,3035002,6073436
All Australian Airports,2001,10,38548,38548,77096,4505,4472,8977,43053,43020,86073,All Australian Airports,2294948,2294948,4589896,728889,607169,1336058,3023837,2902117,5925954
All Australian Airports,2001,11,39859,39859,79718,4246,4214,8460,44105,44073,88178,All Australian Airports,2321690,2321690,4643380,617609,620179,1237788,2939299,2941869,5881168
All Australian Airports,2001,12,39967,39967,79934,4595,4570,9165,44562,44537,89099,All Australian Airports,2396555,2396555,4793110,730275,762019,1492294,3126830,3158574,6285404
All Australian Airports,2002,1,39227,39227,78454,4491,4483,8974,43718,43710,87428,All Australian Airports,2471797,2471797,4943594,782505,745134,1527639,3254302,3216931,6471233
All Australian Airports,2002,2,37123,37123,74246,4004,3997,8001,41127,41120,82247,All Australian Airports,2261521,2261521,4523042,691276,625125,1316401,2952797,2886646,5839443
All Australian Airports,2002,3,38889,38889,77778,4403,4389,8792,43292,43278,86570,All Australian Airports,2468809,2468809,4937618,718368,729751,1448119,3187177,3198560,6385737
All Australian Airports,2002,4,38199,38199,76398,4177,4165,8342,42376,42364,84740,All Australian Airports,2340454,2340454,4680908,624593,673756,1298349,2965047,3014210,5979257
All Australian Airports,2002,5,39751,39751,79502,4350,4337,8687,44101,44088,88189,All Australian Airports,2324569,2324569,4649138,574897,636866,1211763,2899466,2961435,5860901
All Australian Airports,2002,6,38148,38148,76296,4246,4219,8465,42394,42367,84761,All Australian Airports,2240713,2240713,4481426,605461,658503,1263964,2846174,2899216,5745390
All Australian Airports,2002,7,41669,41669,83338,4526,4517,9043,46195,46186,92381,All Australian Airports,2572593,2572593,5145186,778916,685532,1464448,3351509,3258125,6609634
All Australian Airports,2002,8,41566,41566,83132,4531,4510,9041,46097,46076,92173,All Australian Airports,2528899,2528899,5057798,672938,713414,1386352,3201837,3242313,6444150
All Australian Airports,2002,9,41303,41303,82606,4336,4309,8645,45639,45612,91251,All Australian Airports,2573222,2573222,5146444,675669,682676,1358345,3248891,3255898,6504789
All Australian Airports,2002,10,42712,42712,85424,4487,4459,8946,47199,47171,94370,All Australian Airports,2766103,2766103,5532206,803668,654313,1457981,3569771,3420416,6990187
All Australian Airports,2002,11,40119,40119,80238,4493,4469,8962,44612,44588,89200,All Australian Airports,2551573,2551573,5103146,693245,696741,1389986,3244818,3248314,6493132
All Australian Airports,2002,12,40005,40005,80010,4704,4683,9387,44709,44688,89397,All Australian Airports,2603142,2603142,5206284,750231,808795,1559026,3353373,3411937,6765310
All Australian Airports,2003,1,38983,38983,77966,4692,4674,9366,43675,43657,87332,All Australian Airports,2607689,2607689,5215378,829075,769151,1598226,3436764,3376840,6813604
All Australian Airports,2003,2,36770,36770,73540,4223,4200,8423,40993,40970,81963,All Australian Airports,2351278,2351278,4702556,701588,612085,1313673,3052866,2963363,6016229
All Australian Airports,2003,3,40344,40344,80688,4593,4577,9170,44937,44921,89858,All Australian Airports,2622464,2622464,5244928,649712,663428,1313140,3272176,3285892,6558068
All Australian Airports,2003,4,38308,38308,76616,4364,4351,8715,42672,42659,85331,All Australian Airports,2577357,2577357,5154714,560217,582709,1142926,3137574,3160066,6297640
All Australian Airports,2003,5,39779,39779,79558,4176,4156,8332,43955,43935,87890,All Australian Airports,2544617,2544617,5089234,479079,524420,1003499,3023696,3069037,6092733
All Australian Airports,2003,6,38473,38473,76946,4028,4027,8055,42501,42500,85001,All Australian Airports,2522579,2522579,5045158,533464,587351,1120815,3056043,3109930,6165973
All Australian Airports,2003,7,40636,40636,81272,4442,4446,8888,45078,45082,90160,All Australian Airports,2832204,2832204,5664408,754724,666609,1421333,3586928,3498813,7085741
All Australian Airports,2003,8,40065,40065,80130,4564,4548,9112,44629,44613,89242,All Australian Airports,2781432,2781432,5562864,658166,714121,1372287,3439598,3495553,6935151
All Australian Airports,2003,9,40751,40751,81502,4535,4525,9060,45286,45276,90562,All Australian Airports,2875928,2875928,5751856,713500,714859,1428359,3589428,3590787,7180215
All Australian Airports,2003,10,42368,42368,84736,4760,4746,9506,47128,47114,94242,All Australian Airports,3087097,3087097,6174194,816054,678996,1495050,3903151,3766093,7669244
All Australian Airports,2003,11,40736,40736,81472,4873,4865,9738,45609,45601,91210,All Australian Airports,2929558,2929558,5859116,750684,773851,1524535,3680242,3703409,7383651
All Australian Airports,2003,12,40874,40874,81748,5103,5096,10199,45977,45970,91947,All Australian Airports,2975574,2975574,5951148,816867,900021,1716888,3792441,3875595,7668036
All Australian Airports,2004,1,40201,40201,80402,5183,5180,10363,45384,45381,90765,All Australian Airports,2953134,2953134,5906268,920113,858477,1778590,3873247,3811611,7684858
All Australian Airports,2004,2,39684,39684,79368,4810,4822,9632,44494,44506,89000,All Australian Airports,2708843,2708843,5417686,790773,686908,1477681,3499616,3395751,6895367
All Australian Airports,2004,3,43506,43506,87012,5181,5182,10363,48687,48688,97375,All Australian Airports,3013823,3013823,6027646,736297,778057,1514354,3750120,3791880,7542000
All Australian Airports,2004,4,41603,41603,83206,5112,5107,10219,46715,46710,93425,All Australian Airports,2964379,2964379,5928758,753982,794895,1548877,3718361,3759274,7477635
All Australian Airports,2004,5,42649,42649,85298,5282,5282,10564,47931,47931,95862,All Australian Airports,2932377,2932377,5864754,651521,728844,1380365,3583898,3661221,7245119
All Australian Airports,2004,6,43109,43109,86218,5145,5153,10298,48254,48262,96516,All Australian Airports,3020527,3020527,6041054,696054,776913,1472967,3716581,3797440,7514021
All Australian Airports,2004,7,45090,45090,90180,5528,5524,11052,50618,50614,101232,All Australian Airports,3319111,3319111,6638222,936438,793611,1730049,4255549,4112722,8368271
All Australian Airports,2004,8,45825,45825,91650,5482,5495,10977,51307,51320,102627,All Australian Airports,3303114,3303114,6606228,764352,817993,1582345,4067466,4121107,8188573
All Australian Airports,2004,9,45293,45293,90586,5385,5388,10773,50678,50681,101359,All Australian Airports,3321828,3321828,6643656,797626,805829,1603455,4119454,4127657,8247111
All Australian Airports,2004,10,46046,46046,92092,5562,5557,11119,51608,51603,103211,All Australian Airports,3446699,3446699,6893398,927928,773544,1701472,4374627,4220243,8594870
All Australian Airports,2004,11,45062,45062,90124,5477,5472,10949,50539,50534,101073,All Australian Airports,3231481,3231481,6462962,823002,845498,1668500,4054483,4076979,8131462
All Australian Airports,2004,12,45610,45610,91220,5830,5827,11657,51440,51437,102877,All Australian Airports,3217478,3217478,6434956,909487,1002908,1912395,4126965,4220386,8347351
All Australian Airports,2005,1,43186,43186,86372,5863,5867,11730,49049,49053,98102,All Australian Airports,3190906,3190906,6381812,1060578,945553,2006131,4251484,4136459,8387943
All Australian Airports,2005,2,41587,41587,83174,5219,5215,10434,46806,46802,93608,All Australian Airports,2968374,2968374,5936748,864702,763893,1628595,3833076,3732267,7565343
All Australian Airports,2005,3,45764,45764,91528,5649,5644,11293,51413,51408,102821,All Australian Airports,3397851,3397851,6795702,861116,879480,1740596,4258967,4277331,8536298
All Australian Airports,2005,4,44687,44687,89374,5543,5529,11072,50230,50216,100446,All Australian Airports,3328368,3328368,6656736,798150,838242,1636392,4126518,4166610,8293128
All Australian Airports,2005,5,46024,46024,92048,5635,5623,11258,51659,51647,103306,All Australian Airports,3192886,3192886,6385772,691481,793283,1484764,3884367,3986169,7870536
All Australian Airports,2005,6,44920,44920,89840,5522,5517,11039,50442,50437,100879,All Australian Airports,3168242,3168242,6336484,762552,852487,1615039,3930794,4020729,7951523
All Australian Airports,2005,7,46220,46220,92440,5829,5823,11652,52049,52043,104092,All Australian Airports,3529690,3529690,7059380,1020181,858978,1879159,4549871,4388668,8938539
All Australian Airports,2005,8,46988,46988,93976,5699,5691,11390,52687,52679,105366,All Australian Airports,3461486,3461486,6922972,830999,891251,1722250,4292485,4352737,8645222
All Australian Airports,2005,9,45658,45658,91316,5537,5528,11065,51195,51186,102381,All Australian Airports,3562317,3562317,7124634,881772,860179,1741951,4444089,4422496,8866585
All Australian Airports,2005,10,46516,46516,93032,5667,5666,11333,52183,52182,104365,All Australian Airports,3647540,3647540,7295080,973132,804152,1777284,4620672,4451692,9072364
All Australian Airports,2005,11,45156,45156,90312,5348,5347,10695,50504,50503,101007,All Australian Airports,3457713,3457713,6915426,827355,863017,1690372,4285068,4320730,8605798
All Australian Airports,2005,12,44885,44885,89770,5683,5679,11362,50568,50564,101132,All Australian Airports,3464337,3464337,6928674,931155,1024711,1955866,4395492,4489048,8884540
All Australian Airports,2006,1,42745,42745,85490,5767,5769,11536,48512,48514,97026,All Australian Airports,3437991,3437991,6875982,1089012,952277,2041289,4527003,4390268,8917271
All Australian Airports,2006,2,41432,41432,82864,5125,5122,10247,46557,46554,93111,All Australian Airports,3060873,3060873,6121746,886500,775376,1661876,3947373,3836249,7783622
All Australian Airports,2006,3,46659,46659,93318,5555,5557,11112,52214,52216,104430,All Australian Airports,3489784,3489784,6979568,839841,858257,1698098,4329625,4348041,8677666
All Australian Airports,2006,4,43688,43688,87376,5345,5342,10687,49033,49030,98063,All Australian Airports,3506049,3506049,7012098,841414,905572,1746986,4347463,4411621,8759084
All Australian Airports,2006,5,46887,46887,93774,5379,5372,10751,52266,52259,104525,All Australian Airports,3427576,3427576,6855152,718313,794689,1513002,4145889,4222265,8368154
All Australian Airports,2006,6,44576,44576,89152,5291,5271,10562,49867,49847,99714,All Australian Airports,3404918,3404918,6809836,783796,885022,1668818,4188714,4289940,8478654
All Australian Airports,2006,7,45832,45832,91664,5646,5634,11280,51478,51466,102944,All Australian Airports,3803789,3803789,7607578,1027914,854156,1882070,4831703,4657945,9489648
All Australian Airports,2006,8,46511,46511,93022,5551,5544,11095,52062,52055,104117,All Australian Airports,3719762,3719762,7439524,837360,887264,1724624,4557122,4607026,9164148
All Australian Airports,2006,9,45325,45325,90650,5443,5433,10876,50768,50758,101526,All Australian Airports,3809933,3809933,7619866,908725,889284,1798009,4718658,4699217,9417875
All Australian Airports,2006,10,46024,46024,92048,5513,5512,11025,51537,51536,103073,All Australian Airports,4002941,4002941,8005882,1025314,862386,1887700,5028255,4865327,9893582
All Australian Airports,2006,11,45139,45139,90278,5456,5448,10904,50595,50587,101182,All Australian Airports,3851065,3851065,7702130,890377,892661,1783038,4741442,4743726,9485168
All Australian Airports,2006,12,44084,44084,88168,5741,5734,11475,49825,49818,99643,All Australian Airports,3787100,3787100,7574200,994238,1087336,2081574,4781338,4874436,9655774
All Australian Airports,2007,1,42620,42620,85240,5758,5751,11509,48378,48371,96749,All Australian Airports,3718489,3718489,7436978,1126388,1008044,2134432,4844877,4726533,9571410
All Australian Airports,2007,2,41158,41158,82316,5190,5171,10361,46348,46329,92677,All Australian Airports,3354416,3354416,6708832,936238,815606,1751844,4290654,4170022,8460676
All Australian Airports,2007,3,46572,46572,93144,5683,5659,11342,52255,52231,104486,All Australian Airports,3845355,3845355,7690710,939244,949218,1888462,4784599,4794573,9579172
All Australian Airports,2007,4,43939,43939,87878,5424,5429,10853,49363,49368,98731,All Australian Airports,3778119,3778119,7556238,895544,940058,1835602,4673663,4718177,9391840
All Australian Airports,2007,5,46717,46717,93434,5534,5522,11056,52251,52239,104490,All Australian Airports,3685294,3685294,7370588,768333,842185,1610518,4453627,4527479,8981106
All Australian Airports,2007,6,44699,44699,89398,5459,5439,10898,50158,50138,100296,All Australian Airports,3616292,3616292,7232584,838202,921692,1759894,4454494,4537984,8992478
All Australian Airports,2007,7,46523,46523,93046,5724,5710,11434,52247,52233,104480,All Australian Airports,4046509,4046509,8093018,1064144,917921,1982065,5110653,4964430,10075083
All Australian Airports,2007,8,47743,47743,95486,5681,5657,11338,53424,53400,106824,All Australian Airports,4005460,4005460,8010920,919038,946558,1865596,4924498,4952018,9876516
All Australian Airports,2007,9,45192,45192,90384,5555,5541,11096,50747,50733,101480,All Australian Airports,3954503,3954503,7909006,943556,964058,1907614,4898059,4918561,9816620
All Australian Airports,2007,10,47704,47704,95408,5721,5706,11427,53425,53410,106835,All Australian Airports,4257419,4257419,8514838,1085834,895869,1981703,5343253,5153288,10496541
All Australian Airports,2007,11,46390,46390,92780,5621,5611,11232,52011,52001,104012,All Australian Airports,4070303,4070303,8140606,950742,952034,1902776,5021045,5022337,10043382
All Australian Airports,2007,12,46121,46121,92242,5994,5990,11984,52115,52111,104226,All Australian Airports,4053151,4053151,8106302,1009543,1145630,2155173,5062694,5198781,10261475
All Australian Airports,2008,1,45726,45726,91452,6036,6036,12072,51762,51762,103524,All Australian Airports,4044248,4044248,8088496,1187381,1019944,2207325,5231629,5064192,10295821
All Australian Airports,2008,2,44869,44869,89738,5559,5548,11107,50428,50417,100845,All Australian Airports,3835280,3835280,7670560,1018866,864662,1883528,4854146,4699942,9554088
All Australian Airports,2008,3,47416,47416,94832,5871,5866,11737,53287,53282,106569,All Australian Airports,4233548,4233548,8467096,977974,990109,1968083,5211522,5223657,10435179
All Australian Airports,2008,4,46685,46685,93370,5772,5758,11530,52457,52443,104900,All Australian Airports,4063065,4063065,8126130,909650,937104,1846754,4972715,5000169,9972884
All Australian Airports,2008,5,48466,48466,96932,5932,5924,11856,54398,54390,108788,All Australian Airports,3986696,3986696,7973392,837552,908433,1745985,4824248,4895129,9719377
All Australian Airports,2008,6,46462,46462,92924,5776,5769,11545,52238,52231,104469,All Australian Airports,3877865,3877865,7755730,869243,948728,1817971,4747108,4826593,9573701
All Australian Airports,2008,7,48863,48863,97726,6174,6165,12339,55037,55028,110065,All Australian Airports,4334177,4334177,8668354,1147127,980606,2127733,5481304,5314783,10796087
All Australian Airports,2008,8,48244,48244,96488,6030,6034,12064,54274,54278,108552,All Australian Airports,4168798,4168798,8337596,944922,980102,1925024,5113720,5148900,10262620
All Australian Airports,2008,9,47568,47568,95136,5886,5879,11765,53454,53447,106901,All Australian Airports,4161343,4161343,8322686,933138,938860,1871998,5094481,5100203,10194684
All Australian Airports,2008,10,49758,49758,99516,6151,6128,12279,55909,55886,111795,All Australian Airports,4498198,4498198,8996396,1104613,904177,2008790,5602811,5402375,11005186
All Australian Airports,2008,11,47299,47299,94598,6043,6027,12070,53342,53326,106668,All Australian Airports,4138604,4138604,8277208,942575,947361,1889936,5081179,5085965,10167144
All Australian Airports,2008,12,47004,47004,94008,6502,6476,12978,53506,53480,106986,All Australian Airports,4159061,4159061,8318122,1013369,1165534,2178903,5172430,5324595,10497025
All Australian Airports,2009,1,44493,44493,88986,6506,6480,12986,50999,50973,101972,All Australian Airports,4158230,4158230,8316460,1223646,1025778,2249424,5381876,5184008,10565884
All Australian Airports,2009,2,41580,41580,83160,5634,5599,11233,47214,47179,94393,All Australian Airports,3619150,3619150,7238300,969607,823540,1793147,4588757,4442690,9031447
All Australian Airports,2009,3,46527,46527,93054,6182,6149,12331,52709,52676,105385,All Australian Airports,4159504,4159504,8319008,937697,933843,1871540,5097201,5093347,10190548
All Australian Airports,2009,4,45622,45622,91244,6046,6016,12062,51668,51638,103306,All Australian Airports,4137771,4137771,8275542,971404,1004204,1975608,5109175,5141975,10251150
All Australian Airports,2009,5,46550,46550,93100,6058,6030,12088,52608,52580,105188,All Australian Airports,3938304,3938304,7876608,842073,922435,1764508,4780377,4860739,9641116
All Australian Airports,2009,6,45535,45535,91070,5921,5898,11819,51456,51433,102889,All Australian Airports,3791029,3791029,7582058,853975,975920,1829895,4645004,4766949,9411953
All Australian Airports,2009,7,48421,48421,96842,6366,6335,12701,54787,54756,109543,All Australian Airports,4276480,4276480,8552960,1140351,999000,2139351,5416831,5275480,10692311
All Australian Airports,2009,8,47006,47006,94012,6405,6370,12775,53411,53376,106787,All Australian Airports,4198264,4198264,8396528,994466,1005333,1999799,5192730,5203597,10396327
All Australian Airports,2009,9,46917,46917,93834,6220,6196,12416,53137,53113,106250,All Australian Airports,4260649,4260649,8521298,1041573,1045194,2086767,5302222,5305843,10608065
All Australian Airports,2009,10,48808,48808,97616,6453,6421,12874,55261,55229,110490,All Australian Airports,4499689,4499689,8999378,1195265,1022497,2217762,5694954,5522186,11217140
All Australian Airports,2009,11,46958,46958,93916,6256,6232,12488,53214,53190,106404,All Australian Airports,4266795,4266795,8533590,1021470,1054438,2075908,5288265,5321233,10609498
All Australian Airports,2009,12,46886,46886,93772,6764,6730,13494,53650,53616,107266,All Australian Airports,4210377,4210377,8420754,1115592,1287599,2403191,5325969,5497976,10823945
All Australian Airports,2010,1,45369,45369,90738,6867,6842,13709,52236,52211,104447,All Australian Airports,4086578,4086578,8173156,1331612,1151057,2482669,5418190,5237635,10655825
All Australian Airports,2010,2,43979,43979,87958,6069,6050,12119,50048,50029,100077,All Australian Airports,3912268,3912268,7824536,1078500,951627,2030127,4990768,4863895,9854663
All Australian Airports,2010,3,50283,50283,100566,6628,6589,13217,56911,56872,113783,All Australian Airports,4409569,4409569,8819138,1052707,1092822,2145529,5462276,5502391,10964667
All Australian Airports,2010,4,49779,49779,99558,6319,6315,12634,56098,56094,112192,All Australian Airports,4352983,4352983,8705966,1026383,1036390,2062773,5379366,5389373,10768739
All Australian Airports,2010,5,50649,50649,101298,6392,6390,12782,57041,57039,114080,All Australian Airports,4154942,4154942,8309884,893089,993010,1886099,5048031,5147952,10195983
All Australian Airports,2010,6,49279,49279,98558,6322,6322,12644,55601,55601,111202,All Australian Airports,4159573,4159573,8319146,963769,1131910,2095679,5123342,5291483,10414825
All Australian Airports,2010,7,52565,52565,105130,6869,6857,13726,59434,59422,118856,All Australian Airports,4634703,4634703,9269406,1299592,1101544,2401136,5934295,5736247,11670542
All Australian Airports,2010,8,51655,51655,103310,6713,6713,13426,58368,58368,116736,All Australian Airports,4521396,4521396,9042792,1083502,1130243,2213745,5604898,5651639,11256537
All Australian Airports,2010,9,50847,50847,101694,6536,6503,13039,57383,57350,114733,All Australian Airports,4615203,4615203,9230406,1142673,1173690,2316363,5757876,5788893,11546769
All Australian Airports,2010,10,52211,52211,104422,6685,6653,13338,58896,58864,117760,All Australian Airports,4833354,4833354,9666708,1288712,1084487,2373199,6122066,5917841,12039907
All Australian Airports,2010,11,51123,51123,102246,6530,6500,13030,57653,57623,115276,All Australian Airports,4600472,4600472,9200944,1084692,1120950,2205642,5685164,5721422,11406586
All Australian Airports,2010,12,52122,52122,104244,7061,7039,14100,59183,59161,118344,All Australian Airports,4693401,4693401,9386802,1184169,1393185,2577354,5877570,6086586,11964156
All Australian Airports,2011,1,48440,48440,96880,7219,7210,14429,55659,55650,111309,All Australian Airports,4388340,4388340,8776680,1460356,1248767,2709123,5848696,5637107,11485803
All Australian Airports,2011,2,45609,45609,91218,6282,6268,12550,51891,51877,103768,All Australian Airports,3924439,3924439,7848878,1139969,980257,2120226,5064408,4904696,9969104
All Australian Airports,2011,3,52333,52333,104666,6874,6835,13709,59207,59168,118375,All Australian Airports,4536913,4536913,9073826,1055726,1055897,2111623,5592639,5592810,11185449
All Australian Airports,2011,4,50323,50323,100646,6772,6757,13529,57095,57080,114175,All Australian Airports,4526766,4526766,9053532,1097300,1188149,2285449,5624066,5714915,11338981
All Australian Airports,2011,5,51782,51782,103564,6791,6785,13576,58573,58567,117140,All Australian Airports,4380299,4380299,8760598,1010388,1069097,2079485,5390687,5449396,10840083
All Australian Airports,2011,6,48585,48585,97170,6338,6318,12656,54923,54903,109826,All Australian Airports,4096086,4096086,8192172,991794,1164150,2155944,5087880,5260236,10348116
All Australian Airports,2011,7,51895,51895,103790,7039,7026,14065,58934,58921,117855,All Australian Airports,4686082,4686082,9372164,1366044,1165850,2531894,6052126,5851932,11904058
All Australian Airports,2011,8,52557,52557,105114,6940,6949,13889,59497,59506,119003,All Australian Airports,4552397,4552397,9104794,1144506,1164418,2308924,5696903,5716815,11413718
All Australian Airports,2011,9,50999,50999,101998,6735,6720,13455,57734,57719,115453,All Australian Airports,4549405,4549405,9098810,1167424,1234511,2401935,5716829,5783916,11500745
All Australian Airports,2011,10,51209,51209,102418,6965,6968,13933,58174,58177,116351,All Australian Airports,4693787,4693787,9387574,1356836,1119499,2476335,6050623,5813286,11863909
All Australian Airports,2011,11,51000,51000,102000,6707,6675,13382,57707,57675,115382,All Australian Airports,4579713,4579713,9159426,1141680,1161292,2302972,5721393,5741005,11462398
All Australian Airports,2011,12,50824,50824,101648,7193,7182,14375,58017,58006,116023,All Australian Airports,4557463,4557463,9114926,1219820,1451279,2671099,5777283,6008742,11786025
All Australian Airports,2012,1,49228,49228,98456,7340,7322,14662,56568,56550,113118,All Australian Airports,4474618,4474618,8949236,1522951,1280575,2803526,5997569,5755193,11752762
All Australian Airports,2012,2,49322,49322,98644,6471,6469,12940,55793,55791,111584,All Australian Airports,4123005,4123005,8246010,1202079,1018688,2220767,5325084,5141693,10466777
All Australian Airports,2012,3,53209,53209,106418,6797,6775,13572,60006,59984,119990,All Australian Airports,4655194,4655194,9310388,1140970,1184391,2325361,5796164,5839585,11635749
All Australian Airports,2012,4,51372,51372,102744,6807,6802,13609,58179,58174,116353,All Australian Airports,4531527,4531527,9063054,1176642,1202602,2379244,5708169,5734129,11442298
All Australian Airports,2012,5,52545,52545,105090,6628,6623,13251,59173,59168,118341,All Australian Airports,4462782,4462782,8925564,1001277,1097826,2099103,5464059,5560608,11024667
All Australian Airports,2012,6,50057,50057,100114,6664,6676,13340,56721,56733,113454,All Australian Airports,4358016,4358016,8716032,1093857,1267331,2361188,5451873,5625347,11077220
All Australian Airports,2012,7,54770,54770,109540,7306,7282,14588,62076,62052,124128,All Australian Airports,4841514,4841514,9683028,1411426,1183757,2595183,6252940,6025271,12278211
All Australian Airports,2012,8,55522,55522,111044,7185,7145,14330,62707,62667,125374,All Australian Airports,4756651,4756651,9513302,1191135,1227542,2418677,5947786,5984193,11931979
All Australian Airports,2012,9,53425,53425,106850,6980,6964,13944,60405,60389,120794,All Australian Airports,4790005,4790005,9580010,1241037,1291879,2532916,6031042,6081884,12112926
All Australian Airports,2012,10,55950,55950,111900,7139,7125,14264,63089,63075,126164,All Australian Airports,5041625,5041625,10083250,1410564,1162152,2572716,6452189,6203777,12655966
All Australian Airports,2012,11,54319,54319,108638,6880,6835,13715,61199,61154,122353,All Australian Airports,4901047,4901047,9802094,1206638,1244036,2450674,6107685,6145083,12252768
All Australian Airports,2012,12,52143,52143,104286,7448,7435,14883,59591,59578,119169,All Australian Airports,4748088,4748088,9496176,1314757,1534880,2849637,6062845,6282968,12345813
All Australian Airports,2013,1,51211,51211,102422,7471,7442,14913,58682,58653,117335,All Australian Airports,4631108,4631108,9262216,1571356,1316140,2887496,6202464,5947248,12149712
All Australian Airports,2013,2,48054,48054,96108,6509,6478,12987,54563,54532,109095,All Australian Airports,4131788,4131788,8263576,1235881,1077428,2313309,5367669,5209216,10576885
All Australian Airports,2013,3,53740,53740,107480,7217,7194,14411,60957,60934,121891,All Australian Airports,4727453,4727453,9454906,1225650,1271601,2497251,5953103,5999054,11952157
All Australian Airports,2013,4,54109,54109,108218,7049,7039,14088,61158,61148,122306,All Australian Airports,4732212,4732212,9464424,1215952,1233982,2449934,5948164,5966194,11914358
All Australian Airports,2013,5,54686,54686,109372,6951,6923,13874,61637,61609,123246,All Australian Airports,4507122,4507122,9014244,1090305,1183884,2274189,5597427,5691006,11288433
All Australian Airports,2013,6,51635,51635,103270,6988,6973,13961,58623,58608,117231,All Australian Airports,4439610,4439610,8879220,1148699,1319217,2467916,5588309,5758827,11347136
All Australian Airports,2013,7,56470,56470,112940,7733,7728,15461,64203,64198,128401,All Australian Airports,5056406,5056406,10112812,1502141,1293265,2795406,6558547,6349671,12908218
All Australian Airports,2013,8,55323,55323,110646,7573,7557,15130,62896,62880,125776,All Australian Airports,4849534,4849534,9699068,1305475,1338815,2644290,6155009,6188349,12343358
All Australian Airports,2013,9,54705,54705,109410,7421,7405,14826,62126,62110,124236,All Australian Airports,4792733,4792733,9585466,1317813,1363172,2680985,6110546,6155905,12266451
All Australian Airports,2013,10,56616,56616,113232,7691,7675,15366,64307,64291,128598,All Australian Airports,5184010,5184010,10368020,1496725,1212883,2709608,6680735,6396893,13077628
All Australian Airports,2013,11,53216,53216,106432,7369,7363,14732,60585,60579,121164,All Australian Airports,4810124,4810124,9620248,1268103,1285380,2553483,6078227,6095504,12173731
All Australian Airports,2013,12,52930,52930,105860,8095,8095,16190,61025,61025,122050,All Australian Airports,4930391,4930391,9860782,1403760,1666889,3070649,6334151,6597280,12931431
All Australian Airports,2014,1,51429,51429,102858,8227,8215,16442,59656,59644,119300,All Australian Airports,4793949,4793949,9587898,1741156,1460453,3201609,6535105,6254402,12789507
All Australian Airports,2014,2,47544,47544,95088,6986,6971,13957,54530,54515,109045,All Australian Airports,4210431,4210431,8420862,1320109,1170234,2490343,5530540,5380665,10911205
All Australian Airports,2014,3,53457,53457,106914,7682,7661,15343,61139,61118,122257,All Australian Airports,4748502,4748502,9497004,1256750,1275028,2531778,6005252,6023530,12028782
All Australian Airports,2014,4,52824,52824,105648,7535,7535,15070,60359,60359,120718,All Australian Airports,4760669,4760669,9521338,1319185,1390747,2709932,6079854,6151416,12231270
All Australian Airports,2014,5,53641,53641,107282,7284,7267,14551,60925,60908,121833,All Australian Airports,4532065,4532065,9064130,1186430,1262179,2448609,5718495,5794244,11512739
All Australian Airports,2014,6,51595,51595,103190,7275,7248,14523,58870,58843,117713,All Australian Airports,4450124,4450124,8900248,1174912,1410529,2585441,5625036,5860653,11485689
All Australian Airports,2014,7,55239,55239,110478,7932,7906,15838,63171,63145,126316,All Australian Airports,5001391,5001391,10002782,1599897,1357325,2957222,6601288,6358716,12960004
All Australian Airports,2014,8,53607,53607,107214,7685,7682,15367,61292,61289,122581,All Australian Airports,4798563,4798563,9597126,1341299,1402976,2744275,6139862,6201539,12341401
All Australian Airports,2014,9,53860,53860,107720,7463,7458,14921,61323,61318,122641,All Australian Airports,4808046,4808046,9616092,1377010,1404018,2781028,6185056,6212064,12397120
All Australian Airports,2014,10,55793,55793,111586,7618,7607,15225,63411,63400,126811,All Australian Airports,5241921,5241921,10483842,1556897,1297662,2854559,6798818,6539583,13338401
All Australian Airports,2014,11,51845,51845,103690,7144,7148,14292,58989,58993,117982,All Australian Airports,4769742,4769742,9539484,1322483,1346054,2668537,6092225,6115796,12208021
All Australian Airports,2014,12,52827,52827,105654,8037,8029,16066,60864,60856,121720,All Australian Airports,4888981,4888981,9777962,1449684,1710071,3159755,6338665,6599052,12937717
All Australian Airports,2015,1,50494,50494,100988,8181,8166,16347,58675,58660,117335,All Australian Airports,4633256,4633256,9266512,1784287,1498628,3282915,6417543,6131884,12549427
All Australian Airports,2015,2,47706,47706,95412,6879,6877,13756,54585,54583,109168,All Australian Airports,4185734,4185734,8371468,1410790,1240775,2651565,5596524,5426509,11023033
All Australian Airports,2015,3,54023,54023,108046,7377,7367,14744,61400,61390,122790,All Australian Airports,4794620,4794620,9589240,1370140,1432073,2802213,6164760,6226693,12391453
All Australian Airports,2015,4,52551,52551,105102,7357,7357,14714,59908,59908,119816,All Australian Airports,4725189,4725189,9450378,1361635,1384880,2746515,6086824,6110069,12196893
All Australian Airports,2015,5,52974,52974,105948,7154,7147,14301,60128,60121,120249,All Australian Airports,4504507,4504507,9009014,1218186,1309275,2527461,5722693,5813782,11536475
All Australian Airports,2015,6,52485,52485,104970,7133,7135,14268,59618,59620,119238,All Australian Airports,4435208,4435208,8870416,1232005,1456587,2688592,5667213,5891795,11559008
All Australian Airports,2015,7,55930,55930,111860,7780,7752,15532,63710,63682,127392,All Australian Airports,5116154,5116154,10232308,1649910,1439511,3089421,6766064,6555665,13321729
All Australian Airports,2015,8,54276,54276,108552,7462,7468,14930,61738,61744,123482,All Australian Airports,4769923,4769923,9539846,1417242,1453713,2870955,6187165,6223636,12410801
All Australian Airports,2015,9,54304,54304,108608,7314,7316,14630,61618,61620,123238,All Australian Airports,4869778,4869778,9739556,1458846,1474613,2933459,6328624,6344391,12673015
All Australian Airports,2015,10,55440,55440,110880,7614,7603,15217,63054,63043,126097,All Australian Airports,5161287,5161287,10322574,1631063,1391059,3022122,6792350,6552346,13344696
All Australian Airports,2015,11,53295,53295,106590,7252,7178,14430,60547,60473,121020,All Australian Airports,4920137,4920137,9840274,1403347,1420285,2823632,6323484,6340422,12663906
All Australian Airports,2015,12,53445,53445,106890,8454,8449,16903,61899,61894,123793,All Australian Airports,5030200,5030200,10060400,1580055,1847744,3427799,6610255,6877944,13488199
All Australian Airports,2016,1,50777,50777,101554,8707,8704,17411,59484,59481,118965,All Australian Airports,4794462,4794462,9588924,1918216,1642055,3560271,6712678,6436517,13149195
All Australian Airports,2016,2,50973,50973,101946,7544,7539,15083,58517,58512,117029,All Australian Airports,4442706,4442706,8885412,1560626,1375056,2935682,6003332,5817762,11821094
All Australian Airports,2016,3,54883,54883,109766,7946,7954,15900,62829,62837,125666,All Australian Airports,4950635,4950635,9901270,1470828,1538489,3009317,6421463,6489124,12910587
All Australian Airports,2016,4,53135,53135,106270,7803,7800,15603,60938,60935,121873,All Australian Airports,4815450,4815450,9630900,1481132,1478130,2959262,6296582,6293580,12590162
All Australian Airports,2016,5,53112,53112,106224,7662,7668,15330,60774,60780,121554,All Australian Airports,4639916,4639916,9279832,1301845,1389018,2690863,5941761,6028934,11970695
All Australian Airports,2016,6,51580,51580,103160,7664,7654,15318,59244,59234,118478,All Australian Airports,4580709,4580709,9161418,1330046,1575902,2905948,5910755,6156611,12067366
All Australian Airports,2016,7,55254,55254,110508,8456,8452,16908,63710,63706,127416,All Australian Airports,5158404,5158404,10316808,1832875,1574975,3407850,6991279,6733379,13724658
All Australian Airports,2016,8,55812,55812,111624,8079,8091,16170,63891,63903,127794,All Australian Airports,4858807,4858807,9717614,1514269,1548743,3063012,6373076,6407550,12780626
All Australian Airports,2016,9,55009,55009,110018,7948,7936,15884,62957,62945,125902,All Australian Airports,5031367,5031367,10062734,1583513,1592100,3175613,6614880,6623467,13238347
All Australian Airports,2016,10,55316,55316,110632,8269,8263,16532,63585,63579,127164,All Australian Airports,5212134,5212134,10424268,1740278,1485480,3225758,6952412,6697614,13650026
All Australian Airports,2016,11,54099,54099,108198,7877,7875,15752,61976,61974,123950,All Australian Airports,5024272,5024272,10048544,1489028,1536531,3025559,6513300,6560803,13074103
All Australian Airports,2016,12,53720,53720,107440,8861,8855,17716,62581,62575,125156,All Australian Airports,5110010,5110010,10220020,1691033,1966585,3657618,6801043,7076595,13877638
All Australian Airports,2017,1,51488,51488,102976,9025,8992,18017,60513,60480,120993,All Australian Airports,4945306,4945306,9890612,2044464,1757649,3802113,6989770,6702955,13692725
All Australian Airports,2017,2,48976,48976,97952,7629,7622,15251,56605,56598,113203,All Australian Airports,4328746,4328746,8657492,1599434,1371201,2970635,5928180,5699947,11628127
All Australian Airports,2017,3,54779,54779,109558,8219,8220,16439,62998,62999,125997,All Australian Airports,4973688,4973688,9947376,1509048,1550291,3059339,6482736,6523979,13006715
All Australian Airports,2017,4,51785,51785,103570,8196,8195,16391,59981,59980,119961,All Australian Airports,4909651,4909651,9819302,1634650,1673176,3307826,6544301,6582827,13127128
All Australian Airports,2017,5,53546,53546,107092,7869,7886,15755,61415,61432,122847,All Australian Airports,4714083,4714083,9428166,1391507,1479723,2871230,6105590,6193806,12299396
All Australian Airports,2017,6,51988,51988,103976,7985,7980,15965,59973,59968,119941,All Australian Airports,4663457,4663457,9326914,1425247,1669146,3094393,6088704,6332603,12421307
All Australian Airports,2017,7,55055,55055,110110,9044,9044,18088,64099,64099,128198,All Australian Airports,5270804,5270804,10541608,1897855,1643059,3540914,7168659,6913863,14082522
All Australian Airports,2017,8,55256,55256,110512,8412,8416,16828,63668,63672,127340,All Australian Airports,4949800,4949800,9899600,1607947,1642140,3250087,6557747,6591940,13149687
All Australian Airports,2017,9,53229,53229,106458,8282,8278,16560,61511,61507,123018,All Australian Airports,5038526,5038526,10077052,1649934,1680464,3330398,6688460,6718990,13407450
All Australian Airports,2017,10,55380,55380,110760,8561,8552,17113,63941,63932,127873,All Australian Airports,5386292,5386292,10772584,1826871,1543057,3369928,7213163,6929349,14142512
All Australian Airports,2017,11,54049,54049,108098,8168,8152,16320,62217,62201,124418,All Australian Airports,5183682,5183682,10367364,1571174,1620735,3191909,6754856,6804417,13559273
All Australian Airports,2017,12,52679,52679,105358,9245,9214,18459,61924,61893,123817,All Australian Airports,5212132,5212132,10424264,1773170,2053765,3826935,6985302,7265897,14251199
All Australian Airports,2018,1,51588,51588,103176,9435,9435,18870,61023,61023,122046,All Australian Airports,5046323,5046323,10092646,2098405,1786996,3885401,7144728,6833319,13978047
All Australian Airports,2018,2,48581,48581,97162,8026,8029,16055,56607,56610,113217,All Australian Airports,4506823,4506823,9013646,1697805,1489815,3187620,6204628,5996638,12201266
All Australian Airports,2018,3,53753,53753,107506,8696,8688,17384,62449,62441,124890,All Australian Airports,5192899,5192899,10385798,1660037,1710242,3370279,6852936,6903141,13756077
All Australian Airports,2018,4,52057,52057,104114,8594,8589,17183,60651,60646,121297,All Australian Airports,5042047,5042047,10084094,1664141,1697992,3362133,6706188,6740039,13446227
All Australian Airports,2018,5,52777,52777,105554,8309,8312,16621,61086,61089,122175,All Australian Airports,4825550,4825550,9651100,1477266,1549386,3026652,6302816,6374936,12677752
All Australian Airports,2018,6,49857,49857,99714,8397,8387,16784,58254,58244,116498,All Australian Airports,4678234,4678234,9356468,1504833,1772073,3276906,6183067,6450307,12633374
All Australian Airports,2018,7,54219,54219,108438,9230,9224,18454,63449,63443,126892,All Australian Airports,5399949,5399949,10799898,1994170,1716945,3711115,7394119,7116894,14511013
All Australian Airports,2018,8,53893,53893,107786,8905,8896,17801,62798,62789,125587,All Australian Airports,5146214,5146214,10292428,1711828,1757645,3469473,6858042,6903859,13761901
All Australian Airports,2018,9,52023,52023,104046,8610,8609,17219,60633,60632,121265,All Australian Airports,5043051,5043051,10086102,1710672,1752050,3462722,6753723,6795101,13548824
All Australian Airports,2018,10,55482,55482,110964,8916,8917,17833,64398,64399,128797,All Australian Airports,5455241,5455241,10910482,1925383,1622374,3547757,7380624,7077615,14458239
All Australian Airports,2018,11,53238,53238,106476,8592,8591,17183,61830,61829,123659,All Australian Airports,5189215,5189215,10378430,1636769,1687907,3324676,6825984,6877122,13703106
All Australian Airports,2018,12,51672,51672,103344,9484,9484,18968,61156,61156,122312,All Australian Airports,5104043,5104043,10208086,1808282,2142297,3950579,6912325,7246340,14158665
All Australian Airports,2019,1,51456,51456,102912,9645,9630,19275,61101,61086,122187,All Australian Airports,5030043,5030043,10060086,2187442,1885630,4073072,7217485,6915673,14133158
All Australian Airports,2019,2,48624,48624,97248,8206,8203,16409,56830,56827,113657,All Australian Airports,4465621,4465621,8931242,1757525,1499283,3256808,6223146,5964904,12188050
All Australian Airports,2019,3,53619,53619,107238,8771,8762,17533,62390,62381,124771,All Australian Airports,5024090,5024090,10048180,1629562,1655711,3285273,6653652,6679801,13333453
All Australian Airports,2019,4,53384,53384,106768,8631,8650,17281,62015,62034,124049,All Australian Airports,5112777,5112777,10225554,1701680,1801316,3502996,6814457,6914093,13728550
All Australian Airports,2019,5,54345,54345,108690,8365,8371,16736,62710,62716,125426,All Australian Airports,4848365,4848365,9696730,1579940,1627989,3207929,6428305,6476354,12904659
All Australian Airports,2019,6,50994,50994,101988,8397,8416,16813,59391,59410,118801,All Australian Airports,4669723,4669723,9339446,1545754,1782850,3328604,6215477,6452573,12668050
All Australian Airports,2019,7,55839,55839,111678,9163,9173,18336,65002,65012,130014,All Australian Airports,5413049,5413049,10826098,1985113,1750509,3735622,7398162,7163558,14561720
All Australian Airports,2019,8,53458,53458,106916,8813,8824,17637,62271,62282,124553,All Australian Airports,5157000,5157000,10314000,1766857,1801853,3568710,6923857,6958853,13882710
All Australian Airports,2019,9,53319,53319,106638,8592,8602,17194,61911,61921,123832,All Australian Airports,5148686,5148686,10297372,1721451,1775323,3496774,6870137,6924009,13794146
All Australian Airports,2019,10,56051,56051,112102,8915,8910,17825,64966,64961,129927,All Australian Airports,5607945,5607945,11215890,1926829,1660334,3587163,7534774,7268279,14803053
All Australian Airports,2019,11,52514,52514,105028,8662,8659,17321,61176,61173,122349,All Australian Airports,5212654,5212654,10425308,1702426,1724008,3426434,6915080,6936662,13851742
All Australian Airports,2019,12,52026,52026,104052,9654,9655,19309,61680,61681,123361,All Australian Airports,5217772,5217772,10435544,1846338,2192732,4039070,7064110,7410504,14474614
All Australian Airports,2020,1,50134,50134,100268,9870,9863,19733,60004,59997,120001,All Australian Airports,5055479,5055479,10110958,2215508,1938543,4154051,7270987,6994022,14265009
All Australian Airports,2020,2,48327,48327,96654,7860,7866,15726,56187,56193,112380,All Australian Airports,4330713,4330713,8661426,1529809,1275620,2805429,5860522,5606333,11466855
All Australian Airports,2020,3,43051,43051,86102,5914,5905,11819,48965,48956,97921,All Australian Airports,3049073,3049073,6098146,887482,838247,1725729,3936555,3887320,7823875
All Australian Airports,2020,4,8240,8240,16480,1302,1289,2591,9542,9529,19071,All Australian Airports,142694,142694,285388,17304,58002,75306,159998,200696,360694
All Australian Airports,2020,5,7820,7820,15640,1592,1556,3148,9412,9376,18788,All Australian Airports,169366,169366,338732,18749,34240,52989,188115,203606,391721
All Australian Airports,2020,6,10334,10334,20668,1511,1531,3042,11845,11865,23710,All Australian Airports,370155,370155,740310,25244,39591,64835,395399,409746,805145
All Australian Airports,2020,7,14904,14904,29808,1611,1593,3204,16515,16497,33012,All Australian Airports,722779,722779,1445558,20016,53835,73851,742795,776614,1519409
All Australian Airports,2020,8,14250,14250,28500,1769,1750,3519,16019,16000,32019,All Australian Airports,570603,570603,1141206,15549,56449,71998,586152,627052,1213204
All Australian Airports,2020,9,16047,16047,32094,1764,1739,3503,17811,17786,35597,All Australian Airports,689718,689718,1379436,15413,46707,62120,705131,736425,1441556
All Australian Airports,2020,10,18193,18193,36386,1920,1911,3831,20113,20104,40217,All Australian Airports,898542,898542,1797084,23559,45618,69177,922101,944160,1866261
All Australian Airports,2020,11,20641,20641,41282,2000,1983,3983,22641,22624,45265,All Australian Airports,1095883,1095883,2191766,26167,41044,67211,1122050,1136927,2258977
All Australian Airports,2020,12,30349,30349,60698,2089,2088,4177,32438,32437,64875,All Australian Airports,2165183,2165183,4330366,32335,47173,79508,2197518,2212356,4409874
All Australian Airports,2021,1,25948,25948,51896,1932,1933,3865,27880,27881,55761,All Australian Airports,1640062,1640062,3280124,27823,39649,67472,1667885,1679711,3347596
All Australian Airports,2021,2,26186,26186,52372,1669,1663,3332,27855,27849,55704,All Australian Airports,1613745,1613745,3227490,22040,29573,51613,1635785,1643318,3279103
All Australian Airports,2021,3,37149,37149,74298,1915,1910,3825,39064,39059,78123,All Australian Airports,2786211,2786211,5572422,28204,30287,58491,2814415,2816498,5630913
All Australian Airports,2021,4,42850,42850,85700,2150,2122,4272,45000,44972,89972,All Australian Airports,3512530,3512530,7025060,50398,62540,112938,3562928,3575070,7137998
All Australian Airports,2021,5,43718,43718,87436,2666,2652,5318,46384,46370,92754,All Australian Airports,3373044,3373044,6746088,108911,105335,214246,3481955,3478379,6960334
All Australian Airports,2021,6,36378,36378,72756,2517,2478,4995,38895,38856,77751,All Australian Airports,2337683,2337683,4675366,97495,96795,194290,2435178,2434478,4869656
All Australian Airports,2021,7,27353,27353,54706,2488,2433,4921,29841,29786,59627,All Australian Airports,1338271,1338271,2676542,69698,84994,154692,1407969,1423265,2831234
All Australian Airports,2021,8,19364,19364,38728,2185,2157,4342,21549,21521,43070,All Australian Airports,722127,722127,1444254,21142,35215,56357,743269,757342,1500611
All Australian Airports,2021,9,20698,20698,41396,2186,2141,4327,22884,22839,45723,All Australian Airports,987762,987762,1975524,12520,29629,42149,1000282,1017391,2017673
All Australian Airports,2021,10,21366,21366,42732,2260,2223,4483,23626,23589,47215,All Australian Airports,1041473,1041473,2082946,11760,34385,46145,1053233,1075858,2129091
All Australian Airports,2021,11,26901,26901,53802,2434,2418,4852,29335,29319,58654,All Australian Airports,1505416,1505416,3010832,67906,88305,156211,1573322,1593721,3167043
All Australian Airports,2021,12,39602,39602,79204,2866,2836,5702,42468,42438,84906,All Australian Airports,2520535,2520535,5041070,184878,215879,400757,2705413,2736414,5441827
All Australian Airports,2022,1,36732,36732,73464,2993,2940,5933,39725,39672,79397,All Australian Airports,2526396,2526396,5052792,258368,183907,442275,2784764,2710303,5495067
All Australian Airports,2022,2,32229,32229,64458,2891,2822,5713,35120,35051,70171,All Australian Airports,2409759,2409759,4819518,264136,172254,436390,2673895,2582013,5255908
All Australian Airports,2022,3,43723,43723,87446,3469,3407,6876,47192,47130,94322,All Australian Airports,3565202,3565202,7130404,369092,329019,698111,3934294,3894221,7828515
All Australian Airports,2022,4,49940,49940,99880,3913,3897,7810,53853,53837,107690,All Australian Airports,4621976,4621976,9243952,567077,598702,1165779,5189053,5220678,10409731
All Australian Airports,2022,5,50836,50836,101672,4223,4218,8441,55059,55054,110113,All Australian Airports,4324920,4324920,8649840,640888,653826,1294714,4965808,4978746,9944554
All Australian Airports,2022,6,49343,49343,98686,4517,4495,9012,53860,53838,107698,All Australian Airports,4485977,4485977,8971954,738579,877319,1615898,5224556,5363296,10587852
All Australian Airports,2022,7,49167,49167,98334,5405,5379,10784,54572,54546,109118,All Australian Airports,4779530,4779530,9559060,1086071,971208,2057279,5865601,5750738,11616339
All Australian Airports,2022,8,49234,49234,98468,5364,5357,10721,54598,54591,109189,All Australian Airports,4423984,4423984,8847968,1025769,943786,1969555,5449753,5367770,10817523
All Australian Airports,2022,9,47974,47974,95948,5286,5277,10563,53260,53251,106511,All Australian Airports,4641042,4641042,9282084,1062946,1032545,2095491,5703988,5673587,11377575
All Australian Airports,2022,10,48841,48841,97682,5655,5643,11298,54496,54484,108980,All Australian Airports,4813908,4813908,9627816,1191908,1005302,2197210,6005816,5819210,11825026
All Australian Airports,2022,11,49144,49144,98288,6166,6160,12326,55310,55304,110614,All Australian Airports,4628755,4628755,9257510,1181061,1178912,2359973,5809816,5807667,11617483
All Australian Airports,2022,12,49516,49516,99032,6959,6965,13924,56475,56481,112956,All Australian Airports,4531773,4531773,9063546,1257845,1488238,2746083,5789618,6020011,11809629
All Australian Airports,2023,1,48916,48916,97832,7310,7311,14621,56226,56227,112453,All Australian Airports,4468678,4468678,8937356,1595713,1365286,2960999,6064391,5833964,11898355
All Australian Airports,2023,2,45948,45948,91896,6390,6368,12758,52338,52316,104654,All Australian Airports,3973329,3973329,7946658,1354076,1072359,2426435,5327405,5045688,10373093
All Australian Airports,2023,3,52582,52582,105164,7038,7028,14066,59620,59610,119230,All Australian Airports,4795774,4795774,9591548,1335992,1313600,2649592,6131766,6109374,12241140
All Australian Airports,2023,4,50026,50026,100052,7333,7334,14667,57359,57360,114719,All Australian Airports,4669877,4669877,9339754,1367840,1408119,2775959,6037717,6077996,12115713
All Australian Airports,2023,5,52399,52399,104798,7200,7194,14394,59599,59593,119192,All Australian Airports,4600047,4600047,9200094,1296777,1357817,2654594,5896824,5957864,11854688
All Australian Airports,2023,6,50376,50376,100752,7415,7414,14829,57791,57790,115581,All Australian Airports,4555529,4555529,9111058,1348155,1545993,2894148,5903684,6101522,12005206
All Australian Airports,2023,7,52006,52006,104012,8146,8154,16300,60152,60160,120312,All Australian Airports,4970854,4970854,9941708,1740726,1493114,3233840,6711580,6463968,13175548
All Australian Airports,2023,8,53074,53074,106148,7989,7982,15971,61063,61056,122119,All Australian Airports,4853295,4853295,9706590,1543744,1513983,3057727,6397039,6367278,12764317
All Australian Airports,2023,9,51500,51500,103000,7909,7903,15812,59409,59403,118812,All Australian Airports,4949212,4949212,9898424,1594956,1584122,3179078,6544168,6533334,13077502
All Australian Airports,2023,10,52928,52928,105856,8014,7994,16008,60942,60922,121864,All Australian Airports,5152663,5152663,10305326,1706736,1464593,3171329,6859399,6617256,13476655
All Australian Airports,2023,11,51194,51194,102388,8056,8044,16100,59250,59238,118488,All Australian Airports,5007514,5007514,10015028,1535785,1577388,3113173,6543299,6584902,13128201
All Australian Airports,2023,12,50208,50208,100416,9362,9355,18717,59570,59563,119133,All Australian Airports,4872461,4872461,9744922,1673868,1987298,3661166,6546329,6859759,13406088
All Australian Airports,2024,1,50739,50739,101478,9556,9556,19112,60295,60295,120590,All Australian Airports,4762279,4762279,9524558,2091817,1716775,3808592,6854096,6479054,13333150
All Australian Airports,2024,2,48655,48655,97310,8266,8260,16526,56921,56915,113836,All Australian Airports,4536223,4536223,9072446,1741437,1468805,3210242,6277660,6005028,12282688
All Australian Airports,2024,3,51866,51866,103732,8595,8623,17218,60461,60489,120950,All Australian Airports,4942890,4942890,9885780,1586833,1678797,3265630,6529723,6621687,13151410
All Australian Airports,2024,4,52509,52509,105018,8369,8361,16730,60878,60870,121748,All Australian Airports,4894433,4894433,9788866,1620367,1613381,3233748,6514800,6507814,13022614
All Australian Airports,2024,5,52390,52390,104780,8168,8146,16314,60558,60536,121094,All Australian Airports,4709221,4709221,9418442,1473426,1553935,3027361,6182647,6263156,12445803
All Australian Airports,2024,6,49259,49259,98518,8198,8196,16394,57457,57455,114912,All Australian Airports,4565930,4565930,9131860,1525730,1755435,3281165,6091660,6321365,12413025
All Australian Airports,2024,7,54064,54064,108128,8854,8841,17695,62918,62905,125823,All Australian Airports,5119722,5119722,10239444,1924013,1645739,3569752,7043735,6765461,13809196
All Australian Airports,2024,8,50965,50965,101930,8580,8578,17158,59545,59543,119088,All Australian Airports,4927881,4927881,9855762,1650487,1691111,3341598,6578368,6618992,13197360
All Australian Airports,2024,9,50865,50865,101730,8487,8476,16963,59352,59341,118693,All Australian Airports,4991394,4991394,9982788,1727807,1789000,3516807,6719201,6780394,13499595
All Australian Airports,2024,10,52790,52790,105580,8713,8687,17400,61503,61477,122980,All Australian Airports,5347470,5347470,10694940,1909888,1647507,3557395,7257358,6994977,14252335
All Australian Airports,2024,11,49490,49490,98980,8598,8579,17177,58088,58069,116157,All Australian Airports,5062831,5062831,10125662,1687572,1764936,3452508,6750403,6827767,13578170
All Australian Airports,2024,12,49835,49835,99670,9870,9867,19737,59705,59702,119407,All Australian Airports,5062081,5062081,10124162,1846530,2246497,4093027,6908611,7308578,14217189
All Australian Airports,2025,1,49010,49010,98020,10241,10217,20458,59251,59227,118478,All Australian Airports,5058784,5058784,10117568,2359518,2012459,4371977,7418302,7071243,14489545
All Australian Airports,2025,2,45039,45039,90078,8548,8537,17085,53587,53576,107163,All Australian Airports,4319879,4319879,8639758,1846939,1502037,3348976,6166818,5821916,11988734
All Australian Airports,2025,3,48941,48941,97882,8747,8721,17468,57688,57662,115350,All Australian Airports,4711732,4711732,9423464,1662586,1655770,3318356,6374318,6367502,12741820
All Australian Airports,2025,4,50644,50644,101288,8972,8952,17924,59616,59596,119212,All Australian Airports,5046524,5046524,10093048,1757485,1892381,3649866,6804009,6938905,13742914
All Australian Airports,2025,5,50296,50296,100592,8679,8645,17324,58975,58941,117916,All Australian Airports,4796336,4796336,9592672,1660553,1687505,3348058,6456889,6483841,12940730
All Australian Airports,2025,6,48622,48622,97244,8718,8679,17397,57340,57301,114641,All Australian Airports,4659298,4659298,9318596,1625030,1817248,3442278,6284328,6476546,12760874
